2482.100	87.844	300.000	91.000	37.967	312192.882	0.000	0.000.1	0.000.2	1.00000
2482.2	87.838	300.389	91.0	37.967	312322.972	0.0	0.0	31232.297	1.0
2482.65	87.81	302.141	91.0	37.967	312927.683	0.0	0.0	172049.754	1.0
2483.65	87.748	306.049	91.0	37.967	314318.154	0.0	0.0	486367.908	1.0
2484.65	87.686	309.969	91.0	37.967	315818.285	0.0	0.0	802186.193	1.0
2485.65	87.624	313.899	91.0	37.967	317325.613	0.0	0.0	1119511.806	1.0
2486.65	87.561	317.84	91.0	37.967	318840.425	0.0	0.0	1438352.232	1.0
2487.65	87.498	321.793	91.0	37.967	320362.864	0.0	0.0	1758715.095	1.0
2488.65	87.436	325.756	91.0	37.967	321892.931	0.0	0.0	2080608.027	1.0
2489.65	87.373	329.73	91.0	37.967	323430.964	0.0	0.0	2404038.991	1.0
2490.65	87.309	333.716	91.0	37.967	324977.015	0.0	0.0	2729016.006	1.0
2491.65	87.246	337.712	91.0	37.967	326531.243	0.0	0.0	3055547.25	1.0
2492.65	87.182	341.72	91.0	37.967	328093.917	0.0	0.0	3383641.167	1.0
2493.65	87.119	345.739	91.0	37.967	329665.078	0.0	0.0	3713306.244	1.0
2494.65	87.055	349.768	91.0	37.967	331245.003	0.0	0.0	4044551.247	1.0
2495.65	86.991	353.809	91.0	37.967	332833.9	0.0	0.0	4377385.147	1.0
2496.65	86.926	357.861	91.0	37.967	334431.868	0.0	0.0	4711817.016	1.0
2497.65	86.862	361.922	91.0	37.967	336039.223	0.0	0.0	5047856.239	1.0
2498.65	86.797	365.992	91.0	37.967	337656.137	0.0	0.0	5385512.376	1.0
2499.65	86.732	370.071	91.0	37.967	339282.864	0.0	0.0	5724795.24	1.0
2500.65	86.667	374.16	91.0	37.967	340919.638	0.0	0.0	6065714.878	1.0
2501.65	86.601	378.258	91.0	37.967	342566.687	0.0	0.0	6408281.565	1.0
2502.65	86.536	382.363	91.0	37.967	344224.404	0.0	0.0	6752505.97	1.0
2503.65	86.47	386.475	91.0	37.967	345892.927	0.0	0.0	7098398.897	1.0
2504.65	86.403	390.596	91.0	37.967	347572.6	0.0	0.0	7445971.496	1.0
2505.65	86.337	394.724	91.0	37.967	349263.941	0.0	0.0	7795235.438	1.0
2506.65	86.27	398.859	91.0	37.967	350966.987	0.0	0.0	8146202.425	1.0
2507.65	86.203	403.0	91.0	37.967	352682.227	0.0	0.0	8498884.651	1.0
2508.65	86.136	407.149	91.0	37.967	354410.363	0.0	0.0	8853295.015	1.0
2509.65	86.069	411.304	91.0	37.967	356151.29	0.0	0.0	9209446.305	1.0
2510.65	86.001	415.465	91.0	37.967	357905.612	0.0	0.0	9567351.917	1.0
2511.65	85.933	419.634	91.0	37.967	359542.608	0.0	0.0	9926894.525	1.0
2512.65	85.864	423.809	91.0	37.967	361174.252	0.0	0.0	10288068.777	1.0
2513.65	85.796	427.991	91.0	37.967	362823.73	0.0	0.0	10650892.507	1.0
2514.65	85.727	432.181	91.0	37.967	364482.428	0.0	0.0	11015374.934	1.0
2515.65	85.657	436.378	91.0	37.967	366151.434	0.0	0.0	11381526.369	1.0
2516.65	85.588	440.576	91.0	37.967	367830.938	0.0	0.0	11749357.307	1.0
2517.65	85.518	444.775	91.0	37.967	369520.511	0.0	0.0	12118877.818	1.0
2518.65	85.448	448.975	91.0	37.967	371220.173	0.0	0.0	12490097.99	1.0
2519.65	85.377	453.176	91.0	37.967	372930.654	0.0	0.0	12863028.645	1.0
2520.65	85.306	457.377	91.0	37.967	374652.609	0.0	0.0	13237681.254	1.0
2521.65	85.235	461.562	91.0	37.967	376385.202	0.0	0.0	13614066.456	1.0
2522.65	85.163	465.73	91.0	37.967	378129.29	0.0	0.0	13992195.746	1.0
2523.65	85.091	469.884	91.0	37.967	379885.125	0.0	0.0	14372080.871	1.0
2524.65	85.019	474.022	91.0	37.967	381651.936	0.0	0.0	14753732.807	1.0
2525.65	84.946	478.139	91.0	37.967	383430.879	0.0	0.0	15137163.686	1.0
2526.65	84.873	482.219	91.0	37.967	385222.144	0.0	0.0	15522385.83	1.0
2527.65	84.799	486.262	91.0	37.967	387025.644	0.0	0.0	15909411.474	1.0
2528.65	84.725	490.27	91.0	37.967	388841.236	0.0	0.0	16298252.71	1.0
2529.65	84.651	494.244	91.0	37.967	390670.055	0.0	0.0	16688922.765	1.0
2530.65	84.576	498.193	91.0	37.967	392512.039	0.0	0.0	17081434.804	1.0
2531.65	84.5	502.13	91.0	37.967	394366.104	0.0	0.0	17475800.908	1.0
2532.65	84.425	506.057	91.0	37.967	396233.695	0.0	0.0	17872034.604	1.0
2533.65	84.349	509.973	91.0	37.967	398115.116	0.0	0.0	18270149.719	1.0
2534.65	84.272	513.878	91.0	37.967	400010.499	0.0	0.0	18670160.218	1.0
2535.65	84.195	517.783	91.0	37.967	401919.89	0.0	0.0	19072080.108	1.0
2536.65	84.118	521.72	91.0	37.967	403843.778	0.0	0.0	19475923.886	1.0
2537.65	84.04	525.689	91.0	37.967	405781.326	0.0	0.0	19881705.212	1.0
2538.65	83.961	529.69	91.0	37.967	407733.441	0.0	0.0	20289438.653	1.0
2539.65	83.882	533.724	91.0	37.967	409701.1	0.0	0.0	20699139.753	1.0
2540.65	83.803	537.793	91.0	37.967	411683.588	0.0	0.0	21110823.341	1.0
2541.65	83.723	541.906	91.0	37.967	413681.312	0.0	0.0	21524504.654	1.0
2542.65	83.642	546.065	91.0	37.967	415694.766	0.0	0.0	21940199.42	1.0
2543.65	83.562	550.268	91.0	37.967	417724.08	0.0	0.0	22357923.5	1.0
2544.65	83.48	554.519	91.0	37.967	419769.458	0.0	0.0	22777692.958	1.0
2545.65	83.398	558.809	91.0	37.967	421831.437	0.0	0.0	23199524.394	1.0
2546.65	83.315	563.123	91.0	37.967	423909.492	0.0	0.0	23623433.886	1.0
2547.65	83.232	567.461	91.0	37.967	426004.4	0.0	0.0	24049438.286	1.0
2548.65	83.149	571.823	91.0	37.967	428116.333	0.0	0.0	24477554.618	1.0
2549.65	83.064	576.209	91.0	37.967	430245.624	0.0	0.0	24907800.242	1.0
2550.65	82.98	580.59	91.0	37.967	432392.729	0.0	0.0	25340192.971	1.0
2551.65	82.894	584.956	91.0	37.967	434557.316	0.0	0.0	25774750.287	1.0
2552.65	82.808	589.306	91.0	37.967	436740.212	0.0	0.0	26211490.499	1.0
2553.65	82.722	593.641	91.0	37.967	438940.49	0.0	0.0	26650430.989	1.0
2554.65	82.634	597.962	91.0	37.967	441159.421	0.0	0.0	27091590.41	1.0
2555.65	82.546	602.265	91.0	37.967	443397.354	0.0	0.0	27534987.764	1.0
2556.65	82.458	606.551	91.0	37.967	445654.295	0.0	0.0	27980642.059	1.0
2557.65	82.369	610.82	91.0	37.967	447930.479	0.0	0.0	28428572.537	1.0
2558.65	82.279	615.074	91.0	37.967	450226.142	0.0	0.0	28878798.679	1.0
2559.65	82.188	619.313	91.0	37.967	452541.518	0.0	0.0	29331340.197	1.0
2560.65	82.097	623.539	91.0	37.967	454876.56	0.0	0.0	29786216.757	1.0
2561.65	82.005	627.752	91.0	37.967	457231.803	0.0	0.0	30243448.56	1.0
2562.65	81.913	631.952	91.0	37.967	459607.964	0.0	0.0	30703056.524	1.0
2563.65	81.82	636.141	91.0	37.967	462004.039	0.0	0.0	31165060.563	1.0
2564.65	81.726	640.317	91.0	37.967	464421.099	0.0	0.0	31629481.662	1.0
2565.65	81.631	644.481	91.0	37.967	466859.577	0.0	0.0	32096341.239	1.0
2566.65	81.535	648.635	91.0	37.967	469319.316	0.0	0.0	32565660.555	1.0
2567.65	81.439	652.777	91.0	37.967	471800.584	0.0	0.0	33037461.14	1.0
2568.65	81.342	656.909	91.0	37.967	474303.73	0.0	0.0	33511764.869	1.0
2569.65	81.245	661.033	91.0	37.967	476828.833	0.0	0.0	33988593.702	1.0
2570.65	81.146	665.151	91.0	37.967	479376.219	0.0	0.0	34467969.921	1.0
2571.65	81.047	669.261	91.0	37.967	481946.175	0.0	0.0	34949916.097	1.0
2572.65	80.947	673.365	91.0	37.967	484538.7	0.0	0.0	35434454.797	1.0
2573.65	80.846	677.463	91.0	37.967	487154.089	0.0	0.0	35921608.887	1.0
2574.65	80.744	681.561	91.0	37.967	489792.539	0.0	0.0	36411401.426	1.0
2575.65	80.641	685.658	91.0	37.967	492454.243	0.0	0.0	36903855.669	1.0
2576.65	80.538	689.756	91.0	37.967	495139.389	0.0	0.0	37398995.058	1.0
2577.65	80.434	693.854	91.0	37.967	497848.154	0.0	0.0	37896843.212	1.0
2578.65	80.329	697.957	91.0	37.967	500580.713	0.0	0.0	38397423.925	1.0
2579.65	80.222	702.078	91.0	37.967	503337.228	0.0	0.0	38900761.153	1.0
2580.65	80.116	706.218	91.0	37.967	506117.857	0.0	0.0	39406879.01	1.0
2581.65	80.008	710.378	91.0	37.967	508922.401	0.0	0.0	39915801.411	1.0
2582.65	79.899	714.557	91.0	37.967	511751.98	0.0	0.0	40427553.391	1.0
2583.65	79.789	718.795	91.0	37.967	514605.814	0.0	0.0	40942159.205	1.0
2584.65	79.678	723.167	91.0	37.967	517483.924	0.0	0.0	41459643.129	1.0
2585.65	79.567	727.683	91.0	37.967	520386.542	0.0	0.0	41980029.671	1.0
2586.65	79.454	732.357	91.0	37.967	523313.706	0.0	0.0	42503343.377	1.0
2587.65	79.34	737.204	91.0	37.967	526265.554	0.0	0.0	43029608.931	1.0
2588.65	79.226	742.123	91.0	37.967	529242.286	0.0	0.0	43558851.218	1.0
2589.65	79.11	747.098	91.0	37.967	532243.512	0.0	0.0	44091094.73	1.0
2590.65	78.993	752.132	91.0	37.967	535269.354	0.0	0.0	44626364.084	1.0
2591.65	78.876	757.224	91.0	37.967	538319.456	0.0	0.0	45164683.54	1.0
2592.65	78.757	762.342	91.0	37.967	541393.74	0.0	0.0	45706077.28	1.0
2593.65	78.637	767.48	91.0	37.967	544492.355	0.0	0.0	46250569.634	1.0
2594.65	78.516	772.638	91.0	37.967	547615.166	0.0	0.0	46798184.8	1.0
2595.65	78.394	777.815	91.0	37.967	550762.011	0.0	0.0	47348946.812	1.0
2596.65	78.271	783.003	91.0	37.967	553932.258	0.0	0.0	47902879.069	1.0
2597.65	78.147	788.2	91.0	37.967	557125.776	0.0	0.0	48460004.845	1.0
2598.65	78.021	793.406	91.0	37.967	560342.61	0.0	0.0	49020347.455	1.0
2599.65	77.894	798.621	91.0	37.967	563582.462	0.0	0.0	49583929.916	1.0
2600.65	77.767	803.845	91.0	37.967	566844.431	0.0	0.0	50150774.347	1.0
2601.65	77.638	809.076	91.0	37.967	570128.325	0.0	0.0	50720902.673	1.0
2602.65	77.507	814.315	91.0	37.967	573434.096	0.0	0.0	51294336.769	1.0
2603.65	77.376	819.562	91.0	37.967	576760.948	0.0	0.0	51871097.716	1.0
2604.65	77.243	824.815	91.0	37.967	580107.862	0.0	0.0	52451205.578	1.0
2605.65	77.109	830.074	91.0	37.967	583475.044	0.0	0.0	53034680.621	1.0
2606.65	76.974	835.339	91.0	37.967	586861.826	0.0	0.0	53621542.447	1.0
2607.65	76.838	840.592	91.0	37.967	590266.153	0.0	0.0	54211808.6	1.0
2608.65	76.7	845.811	91.0	37.967	593688.934	0.0	0.0	54805497.534	1.0
2609.65	76.561	850.0	90.746	37.85	597128.369	0.0	0.0	55402625.903	1.0
2610.65	76.42	850.0	89.416	37.242	600576.244	0.0	0.0	56003202.147	1.0
2611.65	76.278	850.0	88.077	36.632	603997.506	0.0	0.0	56607199.653	1.0
2612.65	76.135	850.0	86.73	36.02	607380.904	0.0	0.0	57214580.557	1.0
2613.65	75.99	850.0	85.375	35.406	610722.026	0.0	0.0	57825302.583	1.0
2614.65	75.844	850.0	84.011	34.79	614013.138	0.0	0.0	58439315.72	1.0
2615.65	75.697	850.0	82.64	34.172	617248.375	0.0	0.0	59056564.095	1.0
2616.65	75.548	850.0	81.26	33.553	620419.514	0.0	0.0	59676983.609	1.0
2617.65	75.398	850.0	79.873	32.932	623519.266	0.0	0.0	60300502.875	1.0
2618.65	75.246	850.0	78.478	32.31	626538.467	0.0	0.0	60927041.341	1.0
2619.65	75.093	850.0	77.076	31.687	629468.662	0.0	0.0	61556510.004	1.0
2620.65	74.938	850.0	75.667	31.062	632299.178	0.0	0.0	62188809.181	1.0
2621.65	74.782	850.0	74.251	30.436	635021.033	0.0	0.0	62823830.215	1.0
2622.65	74.624	850.0	72.828	29.809	637620.286	0.0	0.0	63461450.501	1.0
2623.65	74.465	850.0	71.399	29.181	640087.502	0.0	0.0	64101538.003	1.0
2624.65	74.304	850.0	69.965	28.553	642408.449	0.0	0.0	64743946.452	1.0
2625.65	74.141	850.0	68.525	27.925	644569.626	0.0	0.0	65388516.078	1.0
2626.65	73.977	850.0	67.08	27.296	646556.821	0.0	0.0	66035072.899	1.0
2627.65	73.811	850.0	65.63	26.667	648353.03	0.0	0.0	66683425.93	1.0
2628.65	73.644	850.0	64.177	26.038	649942.621	0.0	0.0	67333368.551	1.0
2629.65	73.475	850.0	62.72	25.41	651307.771	0.0	0.0	67984676.321	1.0
2630.65	73.305	850.0	61.261	24.782	652428.428	0.0	0.0	68637104.749	1.0
2631.65	73.132	850.0	59.799	24.156	653285.276	0.0	0.0	69290390.025	1.0
2632.65	72.958	850.0	58.336	23.531	653856.989	0.0	0.0	69944247.014	1.0
2633.65	72.783	850.0	56.872	22.907	654120.647	0.0	0.0	70598367.661	1.0
2634.65	72.605	850.0	55.408	22.285	654051.69	0.0	0.0	71252419.351	1.0
2635.65	72.426	850.0	53.945	21.666	653625.528	0.0	0.0	71906044.879	1.0
2636.65	72.245	850.0	52.485	21.049	652815.56	0.0	0.0	72558860.439	1.0
2637.65	72.063	850.0	51.027	20.436	651593.373	0.0	0.0	73210453.812	1.0
2638.65	71.879	850.0	49.574	19.826	649930.496	0.0	0.0	73860384.308	1.0
2639.65	71.692	850.0	48.126	19.22	647693.227	0.0	0.0	74508077.535	1.0
2640.65	71.505	850.0	46.685	18.618	644836.571	0.0	0.0	75152914.107	1.0
2641.65	71.315	850.0	45.253	18.022	641447.63	0.0	0.0	75794361.737	1.0
2642.65	71.123	850.0	43.831	17.432	637494.536	0.0	0.0	76431856.273	1.0
2643.65	70.93	850.0	42.42	16.848	632944.932	0.0	0.0	77064801.205	1.0
2644.65	70.735	850.0	41.022	16.271	627766.26	0.0	0.0	77692567.465	1.0
2645.65	70.538	850.0	39.638	15.702	621925.883	0.0	0.0	78314493.349	1.0
2646.65	70.34	850.0	38.271	15.141	615391.915	0.0	0.0	78929885.264	1.0
2647.65	70.139	850.0	36.922	14.589	608133.286	0.0	0.0	79538018.55	1.0
2648.65	69.937	850.0	35.593	14.046	600120.523	0.0	0.0	80138139.073	1.0
2649.65	69.733	850.0	34.286	13.514	591326.401	0.0	0.0	80729465.474	1.0
2650.65	69.527	850.0	33.003	12.993	581726.707	0.0	0.0	81311192.181	1.0
2651.65	69.32	850.0	31.746	12.483	571301.127	0.0	0.0	81882493.308	1.0
2652.65	69.111	850.0	30.517	11.986	560034.24	0.0	0.0	82442527.548	1.0
2653.65	68.9	850.0	29.319	11.503	547916.57	0.0	0.0	82990444.119	1.0
2654.65	68.688	850.0	28.153	11.034	534945.76	0.0	0.0	83525389.878	1.0
2655.65	68.474	850.0	27.021	10.579	521127.684	0.0	0.0	84046517.562	1.0
2656.65	68.258	850.0	25.926	10.14	506477.341	0.0	0.0	84552994.903	1.0
2657.65	68.042	850.0	24.87	9.718	491021.312	0.0	0.0	85044016.215	1.0
2658.65	67.823	850.0	23.854	9.312	474797.617	0.0	0.0	85518813.832	1.0
2659.65	67.604	850.0	22.881	8.924	457856.601	0.0	0.0	85976670.433	1.0
2660.65	67.383	850.0	21.952	8.554	440261.964	0.0	0.0	86416932.397	1.0
2661.65	67.161	850.0	21.068	8.203	422090.294	0.0	0.0	86839022.691	1.0
2662.65	66.938	850.0	20.23	7.871	403431.424	0.0	0.0	87242454.116	1.0
2663.65	66.714	850.0	19.44	7.559	384388.1	0.0	0.0	87626842.216	1.0
2664.65	66.489	850.0	18.699	7.266	365073.342	0.0	0.0	87991915.557	1.0
2665.65	66.263	850.0	18.006	6.992	345608.555	0.0	0.0	88337524.112	1.0
2666.65	66.037	850.0	17.362	6.738	326121.129	0.0	0.0	88663645.241	1.0
2667.65	65.81	850.0	16.766	6.503	306742.183	0.0	0.0	88970387.424	1.0
2668.65	65.582	850.0	16.218	6.288	287601.804	0.0	0.0	89257989.228	1.0
2669.65	65.354	850.0	15.718	6.091	268825.295	0.0	0.0	89526814.523	1.0
2670.65	65.126	850.0	15.262	5.912	250530.591	0.0	0.0	89777345.114	1.0
2671.65	64.897	850.0	14.851	5.751	232824.932	0.0	0.0	90010170.047	1.0
2672.65	64.668	850.0	14.483	5.606	215801.253	0.0	0.0	90225971.3	1.0
2673.65	64.439	850.0	14.155	5.478	199536.4	0.0	0.0	90425507.7	1.0
2674.65	64.209	850.0	13.866	5.364	184091.09	0.0	0.0	90609598.789	1.0
2675.65	63.98	850.0	13.613	5.266	169508.144	0.0	0.0	90779106.933	1.0
2676.65	63.75	850.0	13.395	5.18	155812.786	0.0	0.0	90934919.719	1.0
2677.65	63.52	850.0	13.209	5.107	143014.982	0.0	0.0	91077934.7	1.0
2678.65	63.29	850.0	13.052	5.046	131110.188	0.0	0.0	91209044.888	1.0
2679.65	63.06	850.0	12.923	4.995	120081.156	0.0	0.0	91329126.044	1.0
2680.65	62.829	850.0	12.819	4.955	109900.587	0.0	0.0	91439026.632	1.0
2681.65	62.598	850.0	12.739	4.923	100533.385	0.0	0.0	91539560.017	1.0
2682.65	62.367	850.0	12.68	4.9	91938.356	0.0	0.0	91631498.372	1.0
2683.65	62.135	850.0	12.641	4.885	84070.132	0.0	0.0	91715568.505	1.0
2684.65	61.903	850.0	12.619	4.877	76881.538	0.0	0.0	91792450.042	1.0
2685.65	61.671	850.0	12.615	4.875	70324.302	0.0	0.0	91862774.344	1.0
2686.65	61.437	849.717	12.615	4.875	64350.248	0.0	0.0	91927124.592	1.0
2687.65	61.203	849.06	12.615	4.875	58908.539	0.0	0.0	91986033.131	1.0
2688.65	60.968	848.069	12.615	4.875	53949.717	0.0	0.0	92039982.848	1.0
2689.65	60.733	846.781	12.615	4.875	49428.689	0.0	0.0	92089411.537	1.0
2690.65	60.496	845.229	12.615	4.875	45305.006	0.0	0.0	92134716.543	1.0
2691.65	60.258	843.442	12.615	4.875	41542.006	0.0	0.0	92176258.549	1.0
2692.65	60.02	841.447	12.615	4.875	38106.524	0.0	0.0	92214365.073	1.0
2693.65	59.78	839.265	12.615	4.875	34968.747	0.0	0.0	92249333.82	1.0
2694.65	59.54	836.919	12.615	4.875	32101.532	0.0	0.0	92281435.352	1.0
2695.65	59.298	834.426	12.615	4.875	29480.458	0.0	0.0	92310915.81	1.0
2696.65	59.056	831.805	12.615	4.875	27083.38	0.0	0.0	92337999.189	1.0
2697.65	58.812	829.075	12.615	4.875	24890.22	0.0	0.0	92362889.41	1.0
2698.65	58.567	826.257	12.615	4.875	22882.879	0.0	0.0	92385772.288	1.0
2699.65	58.321	823.363	12.615	4.875	21044.832	0.0	0.0	92406817.12	1.0
2700.65	58.074	820.405	12.615	4.875	19361.23	0.0	0.0	92426178.35	1.0
2701.65	57.825	817.395	12.615	4.875	17818.481	0.0	0.0	92443996.831	1.0
2702.65	57.576	814.342	12.615	4.875	16404.344	0.0	0.0	92460401.175	1.0
2703.65	57.325	811.255	12.615	4.875	15107.62	0.0	0.0	92475508.794	1.0
2704.65	57.074	808.14	12.615	4.875	13918.2	0.0	0.0	92489426.994	1.0
2705.65	56.821	805.007	12.615	4.875	12826.827	0.0	0.0	92502253.821	1.0
2706.65	56.567	801.86	12.615	4.875	11825.145	0.0	0.0	92514078.966	1.0
2707.65	56.312	798.705	12.615	4.875	10905.479	0.0	0.0	92524984.445	1.0
2708.65	56.056	795.547	12.615	4.875	10060.901	0.0	0.0	92535045.346	1.0
2709.65	55.799	792.391	12.615	4.875	9285.047	0.0	0.0	92544330.393	1.0
2710.65	55.541	789.24	12.615	4.875	8572.149	0.0	0.0	92552902.542	1.0
2711.65	55.281	786.098	12.615	4.875	7916.924	0.0	0.0	92560819.466	1.0
2712.65	55.021	782.969	12.615	4.875	7314.556	0.0	0.0	92568134.021	1.0
2713.65	54.76	779.854	12.615	4.875	6760.652	0.0	0.0	92574894.674	1.0
2714.65	54.498	776.756	12.615	4.875	6251.173	0.0	0.0	92581145.846	1.0
2715.65	54.235	773.678	12.615	4.875	5782.44	0.0	0.0	92586928.286	1.0
2716.65	53.971	770.62	12.615	4.875	5351.084	0.0	0.0	92592279.37	1.0
2717.65	53.706	767.588	12.615	4.875	4954.016	0.0	0.0	92597233.386	1.0
2718.65	53.44	764.584	12.615	4.875	4588.429	0.0	0.0	92601821.815	1.0
2719.65	53.174	761.608	12.615	4.875	4251.744	0.0	0.0	92606073.559	1.0
2720.65	52.906	758.661	12.615	4.875	3941.596	0.0	0.0	92610015.155	1.0
2721.65	52.638	755.744	12.615	4.875	3655.833	0.0	0.0	92613670.988	1.0
2722.65	52.369	752.857	12.615	4.875	3392.474	0.0	0.0	92617063.461	1.0
2723.65	52.1	750.002	12.615	4.875	3149.699	0.0	0.0	92620213.16	1.0
2724.65	51.83	747.191	12.615	4.875	2925.855	0.0	0.0	92623139.015	1.0
2725.65	51.559	744.423	12.615	4.875	2719.417	0.0	0.0	92625858.432	1.0
2726.65	51.288	741.698	12.615	4.875	2530.119	0.0	0.0	92628388.551	1.0
2727.65	51.016	739.014	12.615	4.875	2357.096	0.0	0.0	92630745.647	1.0
2728.65	50.743	736.371	12.615	4.875	2196.716	0.0	0.0	92632942.362	1.0
2729.65	50.471	733.768	12.615	4.875	2048.038	0.0	0.0	92634990.4	1.0
2730.65	50.198	731.205	12.615	4.875	1910.198	0.0	0.0	92636900.598	1.0
2731.65	49.924	728.705	12.615	4.875	1782.301	0.0	0.0	92638682.899	1.0
2732.65	49.65	726.276	12.615	4.875	1663.786	0.0	0.0	92640346.685	1.0
2733.65	49.377	723.912	12.615	4.875	1553.944	0.0	0.0	92641900.628	1.0
2734.65	49.103	721.611	12.615	4.875	1452.111	0.0	0.0	92643352.739	1.0
2735.65	48.829	719.368	12.615	4.875	1357.707	0.0	0.0	92644710.446	1.0
2736.65	48.555	717.18	12.615	4.875	1270.194	0.0	0.0	92645980.64	1.0
2737.65	48.281	715.046	12.615	4.875	1189.067	0.0	0.0	92647169.707	1.0
2738.65	48.008	712.961	12.615	4.875	1113.86	0.0	0.0	92648283.567	1.0
2739.65	47.734	710.924	12.615	4.875	1044.139	0.0	0.0	92649327.706	1.0
2740.65	47.461	708.907	12.615	4.875	979.5	0.0	0.0	92650307.206	1.0
2741.65	47.189	706.911	12.615	4.875	920.135	0.0	0.0	92651227.342	1.0
2742.65	46.916	704.934	12.615	4.875	865.494	0.0	0.0	92652092.835	1.0
2743.65	46.645	702.978	12.615	4.875	814.547	0.0	0.0	92652907.383	1.0
2744.65	46.374	701.04	12.615	4.875	767.042	0.0	0.0	92653674.424	1.0
2745.65	46.103	699.122	12.615	4.875	722.742	0.0	0.0	92654397.166	1.0
2746.65	45.834	697.224	12.615	4.875	681.426	0.0	0.0	92655078.592	1.0
2747.65	45.565	695.344	12.615	4.875	642.885	0.0	0.0	92655721.477	1.0
2748.65	45.298	693.482	12.615	4.875	606.93	0.0	0.0	92656328.407	1.0
2749.65	45.031	691.639	12.615	4.875	573.375	0.0	0.0	92656901.782	1.0
2750.65	44.766	689.812	12.615	4.875	542.052	0.0	0.0	92657443.834	1.0
2751.65	44.502	687.998	12.615	4.875	512.802	0.0	0.0	92657956.636	1.0
2752.65	44.239	686.199	12.615	4.875	485.471	0.0	0.0	92658442.108	1.0
2753.65	43.978	684.414	12.615	4.875	459.922	0.0	0.0	92658902.03	1.0
2754.65	43.718	682.644	12.615	4.875	436.025	0.0	0.0	92659338.055	1.0
2755.65	43.46	680.886	12.615	4.875	413.659	0.0	0.0	92659751.714	1.0
2756.65	43.204	679.143	12.615	4.875	392.714	0.0	0.0	92660144.428	1.0
2756.85	43.153	678.797	12.615	4.875	386.692	0.0	0.0	92660221.767	1.0
2757.03	43.107	678.487	12.615	4.875	383.085	0.0	0.0	92660290.722	1.0
2757.236	43.054	678.131	12.615	4.875	379.12	0.0	0.0	92660368.998	1.0
2757.271	43.045	678.072	12.615	4.875	378.037	0.0	0.0	92660382.022	1.0
2757.291	43.04	678.036	12.615	4.875	377.61	0.0	0.0	92660389.718	1.0
2757.318	43.033	677.991	12.615	4.875	188.7	0.0	0.0	92660394.678	1.0
2757.327	43.031	677.974	12.615	4.875	188.735	0.0	0.0	92660396.487	1.0
2757.337	43.029	677.957	12.615	4.875	188.759	0.0	0.0	92660398.351	1.0
2757.353	43.024	677.929	12.615	4.875	188.778	0.0	0.0	92660401.435	1.0
2757.427	43.006	677.802	12.615	4.875	188.927	0.0	0.0	92660415.324	1.0
2757.5	42.987	677.675	12.615	4.875	188.91	0.0	0.0	92660429.211	1.0
2757.584	42.966	677.531	12.615	4.875	189.219	0.0	0.0	92660444.953	1.0
2757.659	42.947	677.401	12.615	4.875	189.505	0.0	0.0	92660459.149	1.0
2757.688	42.939	677.351	12.615	4.875	189.637	0.0	0.0	92660464.733	1.0
2757.707	42.934	677.317	12.615	4.875	189.715	0.0	0.0	92660468.43	1.0
2757.721	42.931	677.294	12.615	4.875	189.749	0.0	0.0	92660470.976	1.0
2757.742	42.925	677.258	12.615	4.875	189.768	0.0	0.0	92660474.913	1.0
2757.771	42.918	677.207	12.615	4.875	189.875	0.0	0.0	92660480.543	1.0
2757.787	42.914	677.179	12.615	4.875	189.919	0.0	0.0	92660483.608	1.0
2757.811	42.907	677.138	12.615	4.875	189.938	0.0	0.0	92660488.16	1.0
2757.844	42.899	677.081	12.615	4.875	190.056	0.0	0.0	92660494.358	1.0
2757.884	42.889	677.013	12.615	4.875	190.145	0.0	0.0	92660501.954	1.0
2757.932	42.876	676.929	12.615	4.875	190.156	0.0	0.0	92660511.152	1.0
2757.984	42.863	676.84	12.615	4.875	190.348	0.0	0.0	92660521.049	1.0
2758.039	42.849	676.746	12.615	4.875	190.548	0.0	0.0	92660531.437	1.0
2758.052	42.846	676.723	12.615	4.875	190.616	0.0	0.0	92660533.957	1.0
2758.059	42.844	676.712	12.615	4.875	190.644	0.0	0.0	92660535.207	1.0
2758.063	42.843	676.705	12.615	4.875	190.618	0.0	0.0	92660535.97	1.0
2758.067	42.842	676.698	12.615	4.875	190.663	0.0	0.0	92660536.733	1.0
2758.072	42.841	676.689	12.615	4.875	190.677	0.0	0.0	92660537.696	1.0
2758.077	42.839	676.681	12.615	4.875	190.693	0.0	0.0	92660538.659	1.0
2758.082	42.838	676.672	12.615	4.875	190.705	0.0	0.0	92660539.622	1.0
2758.087	42.837	676.663	12.615	4.875	190.716	0.0	0.0	92660540.586	1.0
2758.096	42.834	676.647	12.615	4.875	190.728	0.0	0.0	92660542.407	1.0
2758.108	42.831	676.627	12.615	4.875	190.77	0.0	0.0	92660544.645	1.0
2758.115	42.83	676.615	12.615	4.875	190.788	0.0	0.0	92660545.968	1.0
2758.127	42.826	676.594	12.615	4.875	190.802	0.0	0.0	92660548.31	1.0
2758.14	42.823	676.571	12.615	4.875	190.85	0.0	0.0	92660550.813	1.0
2758.147	42.821	676.56	12.615	4.875	190.877	0.0	0.0	92660552.059	1.0
2758.151	42.82	676.553	12.615	4.875	190.851	0.0	0.0	92660552.821	1.0
2758.155	42.819	676.546	12.615	4.875	190.896	0.0	0.0	92660553.583	1.0
2758.173	42.815	676.515	12.615	4.875	190.929	0.0	0.0	92660557.011	1.0
2758.199	42.808	676.471	12.615	4.875	190.946	0.0	0.0	92660561.971	1.0
2758.233	42.799	676.412	12.615	4.875	191.068	0.0	0.0	92660568.515	1.0
2758.25	42.795	676.382	12.615	4.875	191.138	0.0	0.0	92660571.773	1.0
2758.276	42.788	676.338	12.615	4.875	191.191	0.0	0.0	92660576.71	1.0
2758.31	42.779	676.279	12.615	4.875	191.205	0.0	0.0	92660583.297	1.0
2758.352	42.769	676.208	12.615	4.875	191.353	0.0	0.0	92660591.196	1.0
2758.385	42.76	676.151	12.615	4.875	191.477	0.0	0.0	92660597.546	1.0
2758.402	42.756	676.122	12.615	4.875	191.546	0.0	0.0	92660600.755	1.0
2758.407	42.754	676.113	12.615	4.875	191.563	0.0	0.0	92660601.817	1.0
2758.417	42.752	676.095	12.615	4.875	191.575	0.0	0.0	92660603.782	1.0
2758.429	42.749	676.075	12.615	4.875	191.618	0.0	0.0	92660606.089	1.0
2758.45	42.743	676.04	12.615	4.875	191.658	0.0	0.0	92660610.005	1.0
2758.479	42.736	675.99	12.615	4.875	191.672	0.0	0.0	92660615.503	1.0
2758.523	42.725	675.915	12.615	4.875	191.825	0.0	0.0	92660623.945	1.0
2758.545	42.719	675.876	12.615	4.875	191.917	0.0	0.0	92660628.337	1.0
2758.556	42.716	675.858	12.615	4.875	191.959	0.0	0.0	92660630.275	1.0
2758.562	42.714	675.847	12.615	4.875	191.975	0.0	0.0	92660631.534	1.0
2758.574	42.711	675.827	12.615	4.875	191.987	0.0	0.0	92660633.78	1.0
2758.594	42.706	675.793	12.615	4.875	192.055	0.0	0.0	92660637.628	1.0
2758.607	42.703	675.77	12.615	4.875	192.087	0.0	0.0	92660640.19	1.0
2758.628	42.697	675.735	12.615	4.875	192.1	0.0	0.0	92660644.129	1.0
2758.657	42.69	675.685	12.615	4.875	192.201	0.0	0.0	92660649.722	1.0
2758.676	42.685	675.653	12.615	4.875	192.274	0.0	0.0	92660653.375	1.0
2758.681	42.684	675.643	12.615	4.875	192.295	0.0	0.0	92660654.46	1.0
2758.687	42.682	675.633	12.615	4.875	192.313	0.0	0.0	92660655.545	1.0
2758.691	42.681	675.627	12.615	4.875	192.305	0.0	0.0	92660656.293	1.0
2758.695	42.68	675.62	12.615	4.875	192.33	0.0	0.0	92660657.041	1.0
2758.702	42.678	675.608	12.615	4.875	192.353	0.0	0.0	92660658.341	1.0
2758.706	42.677	675.602	12.615	4.875	192.326	0.0	0.0	92660659.098	1.0
2758.709	42.676	675.595	12.615	4.875	192.37	0.0	0.0	92660659.856	1.0
2758.716	42.675	675.584	12.615	4.875	192.387	0.0	0.0	92660661.1	1.0
2758.722	42.673	675.574	12.615	4.875	192.405	0.0	0.0	92660662.175	1.0
2758.725	42.672	675.568	12.615	4.875	192.397	0.0	0.0	92660662.92	1.0
2758.729	42.671	675.561	12.615	4.875	192.422	0.0	0.0	92660663.665	1.0
2758.736	42.669	675.549	12.615	4.875	192.445	0.0	0.0	92660664.963	1.0
2758.74	42.668	675.543	12.615	4.875	192.454	0.0	0.0	92660665.719	1.0
2758.748	42.666	675.529	12.615	4.875	192.463	0.0	0.0	92660667.217	1.0
2758.758	42.664	675.511	12.615	4.875	192.5	0.0	0.0	92660669.253	1.0
2758.777	42.659	675.479	12.615	4.875	192.535	0.0	0.0	92660672.848	1.0
2758.804	42.652	675.434	12.615	4.875	192.546	0.0	0.0	92660677.98	1.0
2758.845	42.641	675.362	12.615	4.875	192.689	0.0	0.0	92660686.026	1.0
2758.878	42.632	675.306	12.615	4.875	192.81	0.0	0.0	92660692.371	1.0
2758.886	42.631	675.293	12.615	4.875	192.848	0.0	0.0	92660693.827	1.0
2758.889	42.63	675.287	12.615	4.875	192.824	0.0	0.0	92660694.514	1.0
2758.893	42.629	675.281	12.615	4.875	192.864	0.0	0.0	92660695.201	1.0
2758.9	42.627	675.27	12.615	4.875	192.88	0.0	0.0	92660696.465	1.0
2758.905	42.626	675.26	12.615	4.875	192.899	0.0	0.0	92660697.55	1.0
2758.91	42.624	675.253	12.615	4.875	192.911	0.0	0.0	92660698.417	1.0
2758.914	42.623	675.245	12.615	4.875	192.925	0.0	0.0	92660699.283	1.0
2758.918	42.622	675.238	12.615	4.875	192.916	0.0	0.0	92660700.029	1.0
2758.922	42.621	675.232	12.615	4.875	192.94	0.0	0.0	92660700.776	1.0
2758.93	42.619	675.219	12.615	4.875	192.966	0.0	0.0	92660702.266	1.0
2758.933	42.618	675.213	12.615	4.875	192.942	0.0	0.0	92660702.953	1.0
2758.937	42.617	675.206	12.615	4.875	192.982	0.0	0.0	92660703.641	1.0
2758.943	42.616	675.195	12.615	4.875	192.998	0.0	0.0	92660704.905	1.0
2758.949	42.614	675.186	12.615	4.875	193.017	0.0	0.0	92660705.989	1.0
2758.953	42.613	675.178	12.615	4.875	193.029	0.0	0.0	92660706.855	1.0
2758.958	42.612	675.17	12.615	4.875	193.043	0.0	0.0	92660707.721	1.0
2758.962	42.611	675.164	12.615	4.875	193.034	0.0	0.0	92660708.467	1.0
2758.966	42.61	675.157	12.615	4.875	193.058	0.0	0.0	92660709.212	1.0
2758.973	42.608	675.144	12.615	4.875	193.084	0.0	0.0	92660710.701	1.0
2758.977	42.607	675.138	12.615	4.875	193.06	0.0	0.0	92660711.388	1.0
2758.98	42.606	675.132	12.615	4.875	193.1	0.0	0.0	92660712.075	1.0
2758.987	42.604	675.121	12.615	4.875	193.121	0.0	0.0	92660713.337	1.0
2758.991	42.603	675.114	12.615	4.875	193.094	0.0	0.0	92660714.087	1.0
2758.995	42.602	675.107	12.615	4.875	193.138	0.0	0.0	92660714.837	1.0
2759.001	42.601	675.096	12.615	4.875	193.161	0.0	0.0	92660716.132	1.0
2759.005	42.6	675.089	12.615	4.875	193.133	0.0	0.0	92660716.884	1.0
2759.009	42.599	675.083	12.615	4.875	193.177	0.0	0.0	92660717.636	1.0
2759.016	42.597	675.071	12.615	4.875	193.2	0.0	0.0	92660718.932	1.0
2759.02	42.596	675.065	12.615	4.875	193.173	0.0	0.0	92660719.684	1.0
2759.024	42.595	675.058	12.615	4.875	193.217	0.0	0.0	92660720.436	1.0
2759.03	42.593	675.047	12.615	4.875	193.239	0.0	0.0	92660721.732	1.0
2759.034	42.592	675.04	12.615	4.875	193.212	0.0	0.0	92660722.483	1.0
2759.038	42.591	675.033	12.615	4.875	193.256	0.0	0.0	92660723.235	1.0
2759.045	42.589	675.022	12.615	4.875	193.278	0.0	0.0	92660724.53	1.0
2759.049	42.588	675.015	12.615	4.875	193.251	0.0	0.0	92660725.282	1.0
2759.053	42.587	675.009	12.615	4.875	193.295	0.0	0.0	92660726.033	1.0
2759.059	42.585	674.997	12.615	4.875	193.317	0.0	0.0	92660727.328	1.0
2759.063	42.584	674.99	12.615	4.875	193.29	0.0	0.0	92660728.079	1.0
2759.067	42.583	674.984	12.615	4.875	193.334	0.0	0.0	92660728.831	1.0
2759.074	42.582	674.972	12.615	4.875	193.356	0.0	0.0	92660730.125	1.0
2759.078	42.581	674.966	12.615	4.875	193.365	0.0	0.0	92660730.876	1.0
2759.085	42.579	674.953	12.615	4.875	193.374	0.0	0.0	92660732.363	1.0
2759.1	42.575	674.927	12.615	4.875	193.423	0.0	0.0	92660735.274	1.0
2759.112	42.572	674.907	12.615	4.875	193.448	0.0	0.0	92660737.523	1.0
2759.13	42.567	674.876	12.615	4.875	193.458	0.0	0.0	92660741.069	1.0
2759.163	42.559	674.821	12.615	4.875	193.566	0.0	0.0	92660747.344	1.0
2759.183	42.553	674.787	12.615	4.875	193.641	0.0	0.0	92660751.164	1.0
2759.211	42.546	674.739	12.615	4.875	193.692	0.0	0.0	92660756.611	1.0
2759.247	42.537	674.677	12.615	4.875	193.692	0.0	0.0	92660763.686	1.0
2759.412	42.494	674.397	12.615	4.875	194.207	0.0	0.0	92660795.61	1.0
2759.421	42.491	674.381	12.615	4.875	194.292	0.0	0.0	92660797.375	1.0
2759.436	42.487	674.356	12.615	4.875	194.301	0.0	0.0	92660800.299	1.0
2759.464	42.48	674.308	12.615	4.875	194.392	0.0	0.0	92660805.804	1.0
2759.561	42.455	674.142	12.615	4.875	194.547	0.0	0.0	92660824.74	1.0
2759.659	42.429	673.977	12.615	4.875	194.445	0.0	0.0	92660843.667	1.0
2760.097	42.314	673.233	12.615	4.875	195.775	0.0	0.0	92660929.42	1.0
2760.297	42.262	672.895	12.615	4.875	196.53	0.0	0.0	92660968.726	1.0
2760.477	42.214	672.591	12.615	4.875	197.12	0.0	0.0	92661004.207	1.0
2760.527	42.201	672.507	12.615	4.875	197.332	0.0	0.0	92661014.061	1.0
2760.578	42.187	672.42	12.615	4.875	197.495	0.0	0.0	92661024.217	1.0
2760.598	42.182	672.388	12.615	4.875	197.57	0.0	0.0	92661028.057	1.0
2760.605	42.18	672.375	12.615	4.875	197.598	0.0	0.0	92661029.507	1.0
2760.611	42.179	672.366	12.615	4.875	197.607	0.0	0.0	92661030.624	1.0
2760.621	42.176	672.349	12.615	4.875	197.611	0.0	0.0	92661032.648	1.0
2760.667	42.164	672.271	12.615	4.875	197.743	0.0	0.0	92661041.761	1.0
2760.699	42.155	672.216	12.615	4.875	197.85	0.0	0.0	92661048.164	1.0
2760.715	42.151	672.19	12.615	4.875	197.906	0.0	0.0	92661051.29	1.0
2760.721	42.149	672.179	12.615	4.875	197.923	0.0	0.0	92661052.515	1.0
2760.726	42.148	672.171	12.615	4.875	197.938	0.0	0.0	92661053.562	1.0
2760.732	42.147	672.162	12.615	4.875	197.954	0.0	0.0	92661054.61	1.0
2760.746	42.143	672.138	12.615	4.875	197.995	0.0	0.0	92661057.361	1.0
2760.752	42.141	672.127	12.615	4.875	198.007	0.0	0.0	92661058.707	1.0
2760.764	42.138	672.107	12.615	4.875	198.01	0.0	0.0	92661061.053	1.0
2760.818	42.124	672.017	12.615	4.875	198.16	0.0	0.0	92661071.617	1.0
2760.871	42.11	671.927	12.615	4.875	198.326	0.0	0.0	92661082.231	1.0
2760.895	42.103	671.887	12.615	4.875	198.411	0.0	0.0	92661086.944	1.0
2760.911	42.099	671.859	12.615	4.875	198.465	0.0	0.0	92661090.235	1.0
2760.936	42.093	671.818	12.615	4.875	198.497	0.0	0.0	92661095.103	1.0
2760.968	42.084	671.764	12.615	4.875	198.476	0.0	0.0	92661101.532	1.0
2761.114	42.045	671.519	12.615	4.875	198.878	0.0	0.0	92661130.521	1.0
2761.77	41.87	670.419	12.615	4.875	200.624	0.0	0.0	92661262.116	1.0
2762.77	41.601	668.749	12.615	4.875	203.209	0.0	0.0	92661465.325	1.0
2763.77	41.33	667.093	12.615	4.875	205.57	0.0	0.0	92661670.895	1.0
2764.77	41.057	665.449	12.615	4.875	207.55	0.0	0.0	92661878.445	1.0
2765.77	40.783	663.818	12.615	4.875	209.118	0.0	0.0	92662087.563	1.0
2766.77	40.507	662.199	12.615	4.875	210.249	0.0	0.0	92662297.812	1.0
2767.77	40.23	660.592	12.615	4.875	210.922	0.0	0.0	92662508.734	1.0
2768.77	39.953	658.997	12.615	4.875	211.119	0.0	0.0	92662719.853	1.0
2769.77	39.675	657.414	12.615	4.875	210.831	0.0	0.0	92662930.684	1.0
2770.77	39.398	655.842	12.615	4.875	210.053	0.0	0.0	92663140.736	1.0
2771.77	39.121	654.282	12.615	4.875	208.786	0.0	0.0	92663349.522	1.0
2772.77	38.845	652.733	12.615	4.875	207.037	0.0	0.0	92663556.559	1.0
2773.77	38.569	651.194	12.615	4.875	204.821	0.0	0.0	92663761.38	1.0
2774.77	38.295	649.667	12.615	4.875	202.157	0.0	0.0	92663963.537	1.0
2775.77	38.023	648.149	12.615	4.875	199.067	0.0	0.0	92664162.604	1.0
2776.77	37.752	646.642	12.615	4.875	195.582	0.0	0.0	92664358.186	1.0
2777.77	37.483	645.145	12.615	4.875	191.734	0.0	0.0	92664549.92	1.0
2778.77	37.217	643.658	12.615	4.875	187.559	0.0	0.0	92664737.478	1.0
2779.77	36.953	642.18	12.615	4.875	183.095	0.0	0.0	92664920.573	1.0
2780.77	36.692	640.712	12.615	4.875	178.383	0.0	0.0	92665098.956	1.0
2781.77	36.434	639.254	12.615	4.875	173.464	0.0	0.0	92665272.42	1.0
2782.77	36.178	637.805	12.615	4.875	168.378	0.0	0.0	92665440.798	1.0
2783.77	35.926	636.365	12.615	4.875	163.166	0.0	0.0	92665603.964	1.0
2784.77	35.677	634.935	12.615	4.875	157.867	0.0	0.0	92665761.831	1.0
2785.77	35.432	633.514	12.615	4.875	152.518	0.0	0.0	92665914.348	1.0
2786.77	35.19	632.101	12.615	4.875	147.153	0.0	0.0	92666061.501	1.0
2787.77	34.951	630.698	12.615	4.875	141.804	0.0	0.0	92666203.305	1.0
2788.77	34.717	629.303	12.615	4.875	136.501	0.0	0.0	92666339.807	1.0
2789.77	34.485	627.917	12.615	4.875	131.269	0.0	0.0	92666471.075	1.0
2790.77	34.258	626.539	12.615	4.875	126.13	0.0	0.0	92666597.205	1.0
2791.77	34.034	625.17	12.615	4.875	121.104	0.0	0.0	92666718.31	1.0
2792.77	33.814	623.81	12.615	4.875	116.208	0.0	0.0	92666834.518	1.0
2793.77	33.597	622.458	12.615	4.875	111.453	0.0	0.0	92666945.971	1.0
2794.77	33.384	621.114	12.615	4.875	106.852	0.0	0.0	92667052.823	1.0
2795.77	33.175	619.778	12.615	4.875	102.41	0.0	0.0	92667155.233	1.0
2796.77	32.969	618.451	12.615	4.875	98.135	0.0	0.0	92667253.368	1.0
2797.77	32.767	617.132	12.615	4.875	94.029	0.0	0.0	92667347.398	1.0
2798.77	32.568	615.82	12.615	4.875	90.094	0.0	0.0	92667437.491	1.0
2799.77	32.373	614.517	12.615	4.875	86.329	0.0	0.0	92667523.82	1.0
2800.77	32.181	613.221	12.615	4.875	82.733	0.0	0.0	92667606.553	1.0
2801.77	31.992	611.933	12.615	4.875	79.266	0.0	0.0	92667685.819	1.0
2802.77	31.807	610.653	12.615	4.875	75.972	0.0	0.0	92667761.791	1.0
2803.77	31.625	609.381	12.615	4.875	72.858	0.0	0.0	92667834.65	1.0
2804.77	31.445	608.116	12.615	4.875	69.915	0.0	0.0	92667904.565	1.0
2805.77	31.269	606.859	12.615	4.875	67.133	0.0	0.0	92667971.698	1.0
2806.77	31.095	605.609	12.615	4.875	64.504	0.0	0.0	92668036.202	1.0
2807.77	30.925	604.367	12.615	4.875	62.019	0.0	0.0	92668098.221	1.0
2808.77	30.757	603.132	12.615	4.875	59.669	0.0	0.0	92668157.89	1.0
2809.77	30.591	601.904	12.615	4.875	57.447	0.0	0.0	92668215.338	1.0
2810.77	30.428	600.683	12.615	4.875	55.345	0.0	0.0	92668270.683	1.0
2811.77	30.268	599.47	12.615	4.875	53.356	0.0	0.0	92668324.039	1.0
2812.77	30.11	598.263	12.615	4.875	51.473	0.0	0.0	92668375.512	1.0
2813.77	29.954	597.064	12.615	4.875	49.688	0.0	0.0	92668425.201	1.0
2814.77	29.8	595.871	12.615	4.875	47.997	0.0	0.0	92668473.198	1.0
2815.77	29.649	594.686	12.615	4.875	46.394	0.0	0.0	92668519.591	1.0
2816.77	29.5	593.507	12.615	4.875	44.871	0.0	0.0	92668564.463	1.0
2817.77	29.353	592.335	12.615	4.875	43.426	0.0	0.0	92668607.889	1.0
2818.77	29.207	591.17	12.615	4.875	42.053	0.0	0.0	92668649.942	1.0
2819.77	29.064	590.011	12.615	4.875	40.747	0.0	0.0	92668690.688	1.0
2820.77	28.923	588.86	12.615	4.875	39.504	0.0	0.0	92668730.192	1.0
2821.77	28.783	587.715	12.615	4.875	38.32	0.0	0.0	92668768.512	1.0
2822.77	28.645	586.577	12.615	4.875	37.192	0.0	0.0	92668805.704	1.0
2823.77	28.509	585.446	12.615	4.875	36.117	0.0	0.0	92668841.821	1.0
2824.77	28.375	584.321	12.615	4.875	35.09	0.0	0.0	92668876.911	1.0
2825.77	28.242	583.202	12.615	4.875	34.11	0.0	0.0	92668911.021	1.0
2826.77	28.111	582.091	12.615	4.875	33.172	0.0	0.0	92668944.193	1.0
2827.77	27.982	580.985	12.615	4.875	32.276	0.0	0.0	92668976.469	1.0
2828.77	27.853	579.886	12.615	4.875	31.418	0.0	0.0	92669007.887	1.0
2829.77	27.727	578.793	12.615	4.875	30.597	0.0	0.0	92669038.484	1.0
2830.77	27.602	577.707	12.615	4.875	29.809	0.0	0.0	92669068.293	1.0
2831.77	27.478	576.626	12.615	4.875	29.053	0.0	0.0	92669097.346	1.0
2832.77	27.355	575.552	12.615	4.875	28.328	0.0	0.0	92669125.675	1.0
2833.77	27.234	574.483	12.615	4.875	27.632	0.0	0.0	92669153.307	1.0
2834.77	27.114	573.421	12.615	4.875	26.963	0.0	0.0	92669180.27	1.0
2835.77	26.996	572.365	12.615	4.875	26.319	0.0	0.0	92669206.589	1.0
2836.77	26.879	571.316	12.615	4.875	25.7	0.0	0.0	92669232.289	1.0
2837.77	26.762	570.275	12.615	4.875	25.104	0.0	0.0	92669257.392	1.0
2838.77	26.647	569.242	12.615	4.875	24.529	0.0	0.0	92669281.921	1.0
2839.77	26.534	568.217	12.615	4.875	23.975	0.0	0.0	92669305.897	1.0
2840.77	26.421	567.2	12.615	4.875	23.441	0.0	0.0	92669329.338	1.0
2841.77	26.309	566.191	12.615	4.875	22.926	0.0	0.0	92669352.264	1.0
2842.77	26.199	565.189	12.615	4.875	22.428	0.0	0.0	92669374.692	1.0
2843.77	26.089	564.195	12.615	4.875	21.947	0.0	0.0	92669396.64	1.0
2844.77	25.981	563.208	12.615	4.875	21.483	0.0	0.0	92669418.123	1.0
2845.77	25.874	562.228	12.615	4.875	21.034	0.0	0.0	92669439.156	1.0
2846.77	25.767	561.256	12.615	4.875	20.599	0.0	0.0	92669459.755	1.0
2847.77	25.662	560.29	12.615	4.875	20.178	0.0	0.0	92669479.933	1.0
2848.77	25.557	559.332	12.615	4.875	19.771	0.0	0.0	92669499.704	1.0
2849.77	25.454	558.381	12.615	4.875	19.376	0.0	0.0	92669519.08	1.0
2850.77	25.351	557.437	12.615	4.875	18.994	0.0	0.0	92669538.074	1.0
2851.77	25.249	556.499	12.615	4.875	18.623	0.0	0.0	92669556.697	1.0
2852.77	25.148	555.568	12.615	4.875	18.263	0.0	0.0	92669574.961	1.0
2853.77	25.048	554.644	12.615	4.875	17.914	0.0	0.0	92669592.875	1.0
2854.77	24.949	553.726	12.615	4.875	17.576	0.0	0.0	92669610.451	1.0
2855.77	24.851	552.814	12.615	4.875	17.247	0.0	0.0	92669627.698	1.0
2856.77	24.753	551.91	12.615	4.875	16.927	0.0	0.0	92669644.625	1.0
2857.77	24.657	551.012	12.615	4.875	16.617	0.0	0.0	92669661.242	1.0
2858.77	24.561	550.122	12.615	4.875	16.315	0.0	0.0	92669677.557	1.0
2859.77	24.465	549.239	12.615	4.875	16.022	0.0	0.0	92669693.579	1.0
2860.77	24.371	548.363	12.615	4.875	15.736	0.0	0.0	92669709.315	1.0
2861.77	24.277	547.494	12.615	4.875	15.459	0.0	0.0	92669724.774	1.0
2862.77	24.184	546.631	12.615	4.875	15.189	0.0	0.0	92669739.963	1.0
2863.77	24.092	545.776	12.615	4.875	14.926	0.0	0.0	92669754.888	1.0
2864.77	24.001	544.927	12.615	4.875	14.669	0.0	0.0	92669769.558	1.0
2865.77	23.91	544.085	12.615	4.875	14.42	0.0	0.0	92669783.977	1.0
2866.77	23.82	543.249	12.615	4.875	14.177	0.0	0.0	92669798.154	1.0
2867.77	23.73	542.419	12.615	4.875	13.94	0.0	0.0	92669812.094	1.0
2868.77	23.642	541.596	12.615	4.875	13.709	0.0	0.0	92669825.802	1.0
2869.77	23.553	540.779	12.615	4.875	13.483	0.0	0.0	92669839.286	1.0
2870.77	23.466	539.968	12.615	4.875	13.264	0.0	0.0	92669852.549	1.0
2871.77	23.379	539.163	12.615	4.875	13.049	0.0	0.0	92669865.599	1.0
2872.77	23.293	538.364	12.615	4.875	12.84	0.0	0.0	92669878.439	1.0
2873.77	23.207	537.571	12.615	4.875	12.636	0.0	0.0	92669891.075	1.0
2874.77	23.122	536.783	12.615	4.875	12.437	0.0	0.0	92669903.512	1.0
2875.77	23.038	536.002	12.615	4.875	12.242	0.0	0.0	92669915.754	1.0
2876.77	22.954	535.225	12.615	4.875	12.052	0.0	0.0	92669927.806	1.0
2877.77	22.871	534.455	12.615	4.875	11.866	0.0	0.0	92669939.672	1.0
2878.77	22.788	533.69	12.615	4.875	11.685	0.0	0.0	92669951.357	1.0
2879.77	22.706	532.93	12.615	4.875	11.508	0.0	0.0	92669962.865	1.0
2880.77	22.624	532.176	12.615	4.875	11.334	0.0	0.0	92669974.2	1.0
2881.77	22.543	531.426	12.615	4.875	11.165	0.0	0.0	92669985.365	1.0
2882.77	22.463	530.682	12.615	4.875	10.999	0.0	0.0	92669996.364	1.0
2883.77	22.383	529.942	12.615	4.875	10.837	0.0	0.0	92670007.201	1.0
2884.77	22.303	529.207	12.615	4.875	10.679	0.0	0.0	92670017.88	1.0
2885.77	22.224	528.476	12.615	4.875	10.524	0.0	0.0	92670028.404	1.0
2886.77	22.146	527.751	12.615	4.875	10.372	0.0	0.0	92670038.776	1.0
2887.77	22.068	527.029	12.615	4.875	10.224	0.0	0.0	92670049.0	1.0
2888.77	21.99	526.313	12.615	4.875	10.078	0.0	0.0	92670059.078	1.0
2889.77	21.913	525.601	12.615	4.875	9.936	0.0	0.0	92670069.014	1.0
2890.77	21.837	524.893	12.615	4.875	9.797	0.0	0.0	92670078.811	1.0
2891.77	21.761	524.19	12.615	4.875	9.66	0.0	0.0	92670088.471	1.0
2892.77	21.685	523.491	12.615	4.875	9.526	0.0	0.0	92670097.997	1.0
2893.77	21.61	522.796	12.615	4.875	9.396	0.0	0.0	92670107.393	1.0
2894.77	21.536	522.106	12.615	4.875	9.267	0.0	0.0	92670116.66	1.0
2895.77	21.462	521.419	12.615	4.875	9.141	0.0	0.0	92670125.802	1.0
2896.77	21.388	520.737	12.615	4.875	9.018	0.0	0.0	92670134.82	1.0
2897.77	21.314	520.059	12.615	4.875	8.897	0.0	0.0	92670143.717	1.0
2898.77	21.242	519.385	12.615	4.875	8.779	0.0	0.0	92670152.496	1.0
2899.77	21.169	518.716	12.615	4.875	8.663	0.0	0.0	92670161.159	1.0
2900.77	21.097	518.05	12.615	4.875	8.549	0.0	0.0	92670169.708	1.0
2901.77	21.025	517.388	12.615	4.875	8.437	0.0	0.0	92670178.145	1.0
2902.77	20.954	516.73	12.615	4.875	8.328	0.0	0.0	92670186.473	1.0
2903.77	20.883	516.075	12.615	4.875	8.22	0.0	0.0	92670194.693	1.0
2904.77	20.813	515.425	12.615	4.875	8.115	0.0	0.0	92670202.808	1.0
2905.77	20.743	514.778	12.615	4.875	8.011	0.0	0.0	92670210.819	1.0
2906.77	20.673	514.135	12.615	4.875	7.91	0.0	0.0	92670218.729	1.0
2907.77	20.604	513.496	12.615	4.875	7.81	0.0	0.0	92670226.539	1.0
2908.77	20.535	512.86	12.615	4.875	7.712	0.0	0.0	92670234.251	1.0
2909.77	20.467	512.228	12.615	4.875	7.616	0.0	0.0	92670241.867	1.0
2910.77	20.399	511.598	12.615	4.875	7.522	0.0	0.0	92670249.389	1.0
2911.77	20.331	510.971	12.615	4.875	7.429	0.0	0.0	92670256.817	1.0
2912.77	20.263	510.346	12.615	4.875	7.338	0.0	0.0	92670264.155	1.0
2913.77	20.196	509.724	12.615	4.875	7.249	0.0	0.0	92670271.404	1.0
2914.77	20.13	509.104	12.615	4.875	7.161	0.0	0.0	92670278.565	1.0
2915.77	20.063	508.487	12.615	4.875	7.074	0.0	0.0	92670285.639	1.0
2916.77	19.997	507.871	12.615	4.875	6.989	0.0	0.0	92670292.628	1.0
2917.77	19.932	507.259	12.615	4.875	6.906	0.0	0.0	92670299.534	1.0
2918.77	19.866	506.649	12.615	4.875	6.825	0.0	0.0	92670306.359	1.0
2919.77	19.801	506.041	12.615	4.875	6.745	0.0	0.0	92670313.104	1.0
2920.77	19.737	505.435	12.615	4.875	6.668	0.0	0.0	92670319.772	1.0
2921.77	19.672	504.832	12.615	4.875	6.591	0.0	0.0	92670326.364	1.0
2922.77	19.608	504.231	12.615	4.875	6.517	0.0	0.0	92670332.88	1.0
2923.77	19.544	503.633	12.615	4.875	6.443	0.0	0.0	92670339.324	1.0
2924.77	19.481	503.037	12.615	4.875	6.371	0.0	0.0	92670345.695	1.0
2925.77	19.418	502.443	12.615	4.875	6.301	0.0	0.0	92670351.996	1.0
2926.77	19.355	501.851	12.615	4.875	6.231	0.0	0.0	92670358.227	1.0
2927.77	19.292	501.262	12.615	4.875	6.163	0.0	0.0	92670364.389	1.0
2928.77	19.23	500.675	12.615	4.875	6.095	0.0	0.0	92670370.484	1.0
2929.77	19.168	500.09	12.615	4.875	6.029	0.0	0.0	92670376.514	1.0
2930.77	19.106	499.508	12.615	4.875	5.964	0.0	0.0	92670382.477	1.0
2931.77	19.045	498.927	12.615	4.875	5.9	0.0	0.0	92670388.377	1.0
2932.77	18.984	498.349	12.615	4.875	5.837	0.0	0.0	92670394.214	1.0
2933.77	18.923	497.773	12.615	4.875	5.775	0.0	0.0	92670399.989	1.0
2934.77	18.862	497.199	12.615	4.875	5.714	0.0	0.0	92670405.702	1.0
2935.77	18.802	496.628	12.615	4.875	5.653	0.0	0.0	92670411.356	1.0
2936.77	18.742	496.058	12.615	4.875	5.594	0.0	0.0	92670416.95	1.0
2937.77	18.682	495.491	12.615	4.875	5.536	0.0	0.0	92670422.486	1.0
2938.77	18.623	494.926	12.615	4.875	5.478	0.0	0.0	92670427.964	1.0
2939.77	18.563	494.362	12.615	4.875	5.422	0.0	0.0	92670433.386	1.0
2940.77	18.504	493.801	12.615	4.875	5.366	0.0	0.0	92670438.752	1.0
2941.77	18.446	493.242	12.615	4.875	5.311	0.0	0.0	92670444.063	1.0
2942.77	18.387	492.685	12.615	4.875	5.257	0.0	0.0	92670449.321	1.0
2943.77	18.329	492.13	12.615	4.875	5.204	0.0	0.0	92670454.525	1.0
2944.77	18.271	491.577	12.615	4.875	5.151	0.0	0.0	92670459.676	1.0
2945.77	18.213	491.025	12.615	4.875	5.1	0.0	0.0	92670464.776	1.0
2946.77	18.155	490.475	12.615	4.875	5.049	0.0	0.0	92670469.824	1.0
2947.77	18.098	489.926	12.615	4.875	4.999	0.0	0.0	92670474.823	1.0
2948.77	18.041	489.38	12.615	4.875	4.949	0.0	0.0	92670479.772	1.0
2949.77	17.984	488.834	12.615	4.875	4.9	0.0	0.0	92670484.672	1.0
2950.77	17.928	488.29	12.615	4.875	4.852	0.0	0.0	92670489.524	1.0
2951.77	17.871	487.748	12.615	4.875	4.805	0.0	0.0	92670494.329	1.0
2952.77	17.815	487.208	12.615	4.875	4.758	0.0	0.0	92670499.087	1.0
2953.77	17.759	486.669	12.615	4.875	4.712	0.0	0.0	92670503.799	1.0
2954.77	17.703	486.131	12.615	4.875	4.666	0.0	0.0	92670508.466	1.0
2955.77	17.648	485.595	12.615	4.875	4.622	0.0	0.0	92670513.087	1.0
2956.77	17.593	485.061	12.615	4.875	4.578	0.0	0.0	92670517.665	1.0
2957.77	17.537	484.528	12.615	4.875	4.534	0.0	0.0	92670522.199	1.0
2958.77	17.483	483.997	12.615	4.875	4.491	0.0	0.0	92670526.69	1.0
2959.77	17.428	483.467	12.615	4.875	4.449	0.0	0.0	92670531.138	1.0
2960.77	17.374	482.939	12.615	4.875	4.407	0.0	0.0	92670535.545	1.0
2961.77	17.319	482.412	12.615	4.875	4.366	0.0	0.0	92670539.91	1.0
2962.77	17.265	481.887	12.615	4.875	4.325	0.0	0.0	92670544.235	1.0
2963.77	17.212	481.364	12.615	4.875	4.285	0.0	0.0	92670548.52	1.0
2964.77	17.158	480.841	12.615	4.875	4.245	0.0	0.0	92670552.765	1.0
2965.77	17.105	480.321	12.615	4.875	4.206	0.0	0.0	92670556.971	1.0
2966.77	17.051	479.802	12.615	4.875	4.167	0.0	0.0	92670561.138	1.0
2967.77	16.998	479.284	12.615	4.875	4.129	0.0	0.0	92670565.268	1.0
2968.77	16.946	478.768	12.615	4.875	4.092	0.0	0.0	92670569.36	1.0
2969.77	16.893	478.253	12.615	4.875	4.055	0.0	0.0	92670573.414	1.0
2970.77	16.841	477.739	12.615	4.875	4.018	0.0	0.0	92670577.433	1.0
2971.77	16.788	477.227	12.615	4.875	3.982	0.0	0.0	92670581.415	1.0
2972.77	16.736	476.717	12.615	4.875	3.946	0.0	0.0	92670585.361	1.0
2973.77	16.685	476.208	12.615	4.875	3.911	0.0	0.0	92670589.272	1.0
2974.77	16.633	475.7	12.615	4.875	3.876	0.0	0.0	92670593.149	1.0
2975.77	16.581	475.194	12.615	4.875	3.842	0.0	0.0	92670596.991	1.0
2976.77	16.53	474.689	12.615	4.875	3.808	0.0	0.0	92670600.799	1.0
2977.77	16.479	474.186	12.615	4.875	3.775	0.0	0.0	92670604.574	1.0
2978.77	16.428	473.684	12.615	4.875	3.742	0.0	0.0	92670608.316	1.0
2979.77	16.377	473.183	12.615	4.875	3.709	0.0	0.0	92670612.025	1.0
2980.77	16.327	472.684	12.615	4.875	3.677	0.0	0.0	92670615.702	1.0
2981.77	16.277	472.187	12.615	4.875	3.645	0.0	0.0	92670619.347	1.0
2982.77	16.226	471.691	12.615	4.875	3.614	0.0	0.0	92670622.961	1.0
2983.77	16.176	471.197	12.615	4.875	3.583	0.0	0.0	92670626.544	1.0
2984.77	16.126	470.704	12.615	4.875	3.552	0.0	0.0	92670630.096	1.0
2985.77	16.077	470.213	12.615	4.875	3.522	0.0	0.0	92670633.618	1.0
2986.77	16.027	469.724	12.615	4.875	3.492	0.0	0.0	92670637.11	1.0
2987.77	15.978	469.237	12.615	4.875	3.462	0.0	0.0	92670640.573	1.0
2988.77	15.929	468.751	12.615	4.875	3.433	0.0	0.0	92670644.006	1.0
2989.77	15.88	468.267	12.615	4.875	3.404	0.0	0.0	92670647.41	1.0
2990.77	15.831	467.785	12.615	4.875	3.376	0.0	0.0	92670650.786	1.0
2991.77	15.782	467.304	12.615	4.875	3.348	0.0	0.0	92670654.134	1.0
2992.77	15.734	466.825	12.615	4.875	3.32	0.0	0.0	92670657.454	1.0
2993.77	15.685	466.348	12.615	4.875	3.293	0.0	0.0	92670660.747	1.0
2994.77	15.637	465.872	12.615	4.875	3.265	0.0	0.0	92670664.012	1.0
2995.77	15.589	465.398	12.615	4.875	3.239	0.0	0.0	92670667.251	1.0
2996.77	15.541	464.925	12.615	4.875	3.212	0.0	0.0	92670670.463	1.0
2997.77	15.494	464.454	12.615	4.875	3.186	0.0	0.0	92670673.649	1.0
2998.77	15.446	463.985	12.615	4.875	3.16	0.0	0.0	92670676.809	1.0
2999.77	15.399	463.517	12.615	4.875	3.134	0.0	0.0	92670679.943	1.0
3000.77	15.352	463.051	12.615	4.875	3.109	0.0	0.0	92670683.052	1.0
3001.77	15.305	462.586	12.615	4.875	3.084	0.0	0.0	92670686.136	1.0
3002.77	15.258	462.123	12.615	4.875	3.059	0.0	0.0	92670689.196	1.0
3003.77	15.211	461.661	12.615	4.875	3.035	0.0	0.0	92670692.23	1.0
3004.77	15.164	461.201	12.615	4.875	3.011	0.0	0.0	92670695.241	1.0
3005.77	15.118	460.743	12.615	4.875	2.987	0.0	0.0	92670698.228	1.0
3006.77	15.071	460.286	12.615	4.875	2.963	0.0	0.0	92670701.191	1.0
3007.77	15.025	459.83	12.615	4.875	2.94	0.0	0.0	92670704.131	1.0
3008.77	14.979	459.376	12.615	4.875	2.917	0.0	0.0	92670707.048	1.0
3009.77	14.933	458.923	12.615	4.875	2.894	0.0	0.0	92670709.941	1.0
3010.77	14.888	458.472	12.615	4.875	2.871	0.0	0.0	92670712.813	1.0
3011.77	14.842	458.023	12.615	4.875	2.849	0.0	0.0	92670715.662	1.0
3012.77	14.797	457.575	12.615	4.875	2.827	0.0	0.0	92670718.489	1.0
3013.77	14.751	457.128	12.615	4.875	2.805	0.0	0.0	92670721.294	1.0
3014.77	14.706	456.683	12.615	4.875	2.783	0.0	0.0	92670724.077	1.0
3015.77	14.661	456.239	12.615	4.875	2.762	0.0	0.0	92670726.839	1.0
3016.77	14.616	455.797	12.615	4.875	2.741	0.0	0.0	92670729.58	1.0
3017.77	14.572	455.356	12.615	4.875	2.72	0.0	0.0	92670732.3	1.0
3018.77	14.527	454.916	12.615	4.875	2.699	0.0	0.0	92670734.999	1.0
3019.77	14.483	454.478	12.615	4.875	2.679	0.0	0.0	92670737.678	1.0
3020.77	14.438	454.042	12.615	4.875	2.659	0.0	0.0	92670740.337	1.0
3021.77	14.394	453.607	12.615	4.875	2.639	0.0	0.0	92670742.975	1.0
3022.77	14.35	453.173	12.615	4.875	2.619	0.0	0.0	92670745.594	1.0
3023.77	14.306	452.74	12.615	4.875	2.599	0.0	0.0	92670748.193	1.0
3024.77	14.262	452.309	12.615	4.875	2.58	0.0	0.0	92670750.773	1.0
3025.77	14.219	451.88	12.615	4.875	2.561	0.0	0.0	92670753.334	1.0
3026.77	14.175	451.452	12.615	4.875	2.542	0.0	0.0	92670755.875	1.0
3027.77	14.132	451.026	12.615	4.875	2.523	0.0	0.0	92670758.398	1.0
3028.77	14.089	450.601	12.615	4.875	2.504	0.0	0.0	92670760.903	1.0
3029.77	14.046	450.178	12.615	4.875	2.486	0.0	0.0	92670763.388	1.0
3030.77	14.003	449.756	12.615	4.875	2.468	0.0	0.0	92670765.856	1.0
3031.77	13.96	449.336	12.615	4.875	2.45	0.0	0.0	92670768.306	1.0
3032.77	13.917	448.917	12.615	4.875	2.432	0.0	0.0	92670770.738	1.0
3033.77	13.874	448.5	12.615	4.875	2.414	0.0	0.0	92670773.152	1.0
3034.77	13.832	448.084	12.615	4.875	2.397	0.0	0.0	92670775.549	1.0
3035.77	13.79	447.67	12.615	4.875	2.379	0.0	0.0	92670777.928	1.0
3036.77	13.747	447.257	12.615	4.875	2.362	0.0	0.0	92670780.29	1.0
3037.77	13.705	446.846	12.615	4.875	2.345	0.0	0.0	92670782.636	1.0
3038.77	13.663	446.436	12.615	4.875	2.329	0.0	0.0	92670784.965	1.0
3039.77	13.622	446.027	12.615	4.875	2.312	0.0	0.0	92670787.277	1.0
3040.77	13.58	445.62	12.615	4.875	2.296	0.0	0.0	92670789.572	1.0
3041.77	13.538	445.214	12.615	4.875	2.279	0.0	0.0	92670791.852	1.0
3042.77	13.497	444.81	12.615	4.875	2.263	0.0	0.0	92670794.115	1.0
3043.77	13.456	444.407	12.615	4.875	2.247	0.0	0.0	92670796.362	1.0
3044.77	13.414	444.006	12.615	4.875	2.232	0.0	0.0	92670798.594	1.0
3045.77	13.373	443.605	12.615	4.875	2.216	0.0	0.0	92670800.81	1.0
3046.77	13.332	443.207	12.615	4.875	2.201	0.0	0.0	92670803.011	1.0
3047.77	13.291	442.809	12.615	4.875	2.185	0.0	0.0	92670805.196	1.0
3048.77	13.251	442.413	12.615	4.875	2.17	0.0	0.0	92670807.366	1.0
3049.77	13.21	442.019	12.615	4.875	2.155	0.0	0.0	92670809.521	1.0
3050.77	13.169	441.625	12.615	4.875	2.14	0.0	0.0	92670811.662	1.0
3051.77	13.129	441.233	12.615	4.875	2.126	0.0	0.0	92670813.787	1.0
3052.77	13.089	440.843	12.615	4.875	2.111	0.0	0.0	92670815.898	1.0
3053.77	13.049	440.453	12.615	4.875	2.097	0.0	0.0	92670817.995	1.0
3054.77	13.009	440.065	12.615	4.875	2.082	0.0	0.0	92670820.077	1.0
3055.77	12.969	439.679	12.615	4.875	2.068	0.0	0.0	92670822.145	1.0
3056.77	12.929	439.293	12.615	4.875	2.054	0.0	0.0	92670824.199	1.0
3057.77	12.889	438.909	12.615	4.875	2.04	0.0	0.0	92670826.24	1.0
3058.77	12.85	438.526	12.615	4.875	2.027	0.0	0.0	92670828.266	1.0
3059.77	12.81	438.145	12.615	4.875	2.013	0.0	0.0	92670830.279	1.0
3060.77	12.771	437.765	12.615	4.875	1.999	0.0	0.0	92670832.279	1.0
3061.77	12.731	437.386	12.615	4.875	1.986	0.0	0.0	92670834.265	1.0
3062.77	12.692	437.008	12.615	4.875	1.973	0.0	0.0	92670836.238	1.0
3063.77	12.653	436.631	12.615	4.875	1.96	0.0	0.0	92670838.198	1.0
3064.77	12.614	436.256	12.615	4.875	1.947	0.0	0.0	92670840.144	1.0
3065.77	12.576	435.882	12.615	4.875	1.934	0.0	0.0	92670842.078	1.0
3066.77	12.537	435.509	12.615	4.875	1.921	0.0	0.0	92670844.0	1.0
3067.77	12.498	435.138	12.615	4.875	1.909	0.0	0.0	92670845.908	1.0
3068.77	12.46	434.767	12.615	4.875	1.896	0.0	0.0	92670847.805	1.0
3069.77	12.421	434.398	12.615	4.875	1.884	0.0	0.0	92670849.688	1.0
3070.77	12.383	434.03	12.615	4.875	1.872	0.0	0.0	92670851.56	1.0
3071.77	12.345	433.664	12.615	4.875	1.859	0.0	0.0	92670853.419	1.0
3072.77	12.307	433.298	12.615	4.875	1.847	0.0	0.0	92670855.267	1.0
3073.77	12.269	432.934	12.615	4.875	1.835	0.0	0.0	92670857.102	1.0
3074.77	12.231	432.571	12.615	4.875	1.824	0.0	0.0	92670858.926	1.0
3075.77	12.193	432.209	12.615	4.875	1.812	0.0	0.0	92670860.738	1.0
3076.77	12.156	431.848	12.615	4.875	1.8	0.0	0.0	92670862.538	1.0
3077.77	12.118	431.489	12.615	4.875	1.789	0.0	0.0	92670864.327	1.0
3078.77	12.081	431.13	12.615	4.875	1.777	0.0	0.0	92670866.105	1.0
3079.77	12.043	430.773	12.615	4.875	1.766	0.0	0.0	92670867.871	1.0
3080.77	12.006	430.417	12.615	4.875	1.755	0.0	0.0	92670869.626	1.0
3081.77	11.969	430.063	12.615	4.875	1.744	0.0	0.0	92670871.37	1.0
3082.77	11.932	429.709	12.615	4.875	1.733	0.0	0.0	92670873.103	1.0
3083.77	11.895	429.357	12.615	4.875	1.722	0.0	0.0	92670874.825	1.0
3084.77	11.858	429.005	12.615	4.875	1.711	0.0	0.0	92670876.536	1.0
3085.77	11.821	428.655	12.615	4.875	1.701	0.0	0.0	92670878.237	1.0
3086.77	11.785	428.306	12.615	4.875	1.69	0.0	0.0	92670879.927	1.0
3087.77	11.748	427.959	12.615	4.875	1.68	0.0	0.0	92670881.607	1.0
3088.77	11.712	427.612	12.615	4.875	1.669	0.0	0.0	92670883.276	1.0
3089.77	11.675	427.266	12.615	4.875	1.659	0.0	0.0	92670884.935	1.0
3090.77	11.639	426.922	12.615	4.875	1.649	0.0	0.0	92670886.583	1.0
3091.77	11.603	426.579	12.615	4.875	1.639	0.0	0.0	92670888.222	1.0
3092.77	11.567	426.237	12.615	4.875	1.629	0.0	0.0	92670889.851	1.0
3093.77	11.531	425.895	12.615	4.875	1.619	0.0	0.0	92670891.469	1.0
3094.77	11.495	425.556	12.615	4.875	1.609	0.0	0.0	92670893.078	1.0
3095.77	11.459	425.217	12.615	4.875	1.599	0.0	0.0	92670894.677	1.0
3096.77	11.423	424.879	12.615	4.875	1.589	0.0	0.0	92670896.266	1.0
3097.77	11.388	424.542	12.615	4.875	1.58	0.0	0.0	92670897.846	1.0
3098.77	11.352	424.207	12.615	4.875	1.57	0.0	0.0	92670899.416	1.0
3099.77	11.317	423.872	12.615	4.875	1.561	0.0	0.0	92670900.977	1.0
3100.77	11.282	423.539	12.615	4.875	1.551	0.0	0.0	92670902.528	1.0
3101.77	11.246	423.206	12.615	4.875	1.542	0.0	0.0	92670904.07	1.0
3102.77	11.211	422.875	12.615	4.875	1.533	0.0	0.0	92670905.603	1.0
3103.77	11.176	422.544	12.615	4.875	1.524	0.0	0.0	92670907.127	1.0
3104.77	11.141	422.215	12.615	4.875	1.515	0.0	0.0	92670908.641	1.0
3105.77	11.107	421.887	12.615	4.875	1.506	0.0	0.0	92670910.147	1.0
3106.77	11.072	421.56	12.615	4.875	1.497	0.0	0.0	92670911.644	1.0
3107.77	11.037	421.234	12.615	4.875	1.488	0.0	0.0	92670913.132	1.0
3108.77	11.002	420.909	12.615	4.875	1.48	0.0	0.0	92670914.612	1.0
3109.77	10.968	420.585	12.615	4.875	1.471	0.0	0.0	92670916.083	1.0
3110.77	10.934	420.262	12.615	4.875	1.463	0.0	0.0	92670917.546	1.0
3111.77	10.899	419.94	12.615	4.875	1.456	0.0	0.0	92670919.002	1.0
3112.77	10.865	419.619	12.615	4.875	1.449	0.0	0.0	92670920.451	1.0
3113.77	10.831	419.3	12.615	4.875	1.442	0.0	0.0	92670921.892	1.0
3114.77	10.797	418.981	12.615	4.875	1.435	0.0	0.0	92670923.327	1.0
3115.77	10.763	418.664	12.615	4.875	1.428	0.0	0.0	92670924.756	1.0
3116.77	10.729	418.347	12.615	4.875	1.422	0.0	0.0	92670926.177	1.0
3117.77	10.695	418.032	12.615	4.875	1.415	0.0	0.0	92670927.593	1.0
3118.77	10.661	417.718	12.615	4.875	1.409	0.0	0.0	92670929.001	1.0
3119.77	10.627	417.405	12.615	4.875	1.402	0.0	0.0	92670930.403	1.0
3120.77	10.593	417.093	12.615	4.875	1.396	0.0	0.0	92670931.799	1.0
3121.77	10.56	416.782	12.615	4.875	1.389	0.0	0.0	92670933.189	1.0
3122.77	10.526	416.472	12.615	4.875	1.383	0.0	0.0	92670934.572	1.0
3123.77	10.493	416.163	12.615	4.875	1.377	0.0	0.0	92670935.948	1.0
3124.77	10.459	415.855	12.615	4.875	1.371	0.0	0.0	92670937.319	1.0
3125.77	10.426	415.548	12.615	4.875	1.364	0.0	0.0	92670938.684	1.0
3126.77	10.393	415.242	12.615	4.875	1.358	0.0	0.0	92670940.042	1.0
3127.77	10.36	414.938	12.615	4.875	1.352	0.0	0.0	92670941.394	1.0
3128.77	10.326	414.634	12.615	4.875	1.346	0.0	0.0	92670942.74	1.0
3129.77	10.293	414.331	12.615	4.875	1.34	0.0	0.0	92670944.081	1.0
3130.77	10.26	414.029	12.615	4.875	1.334	0.0	0.0	92670945.415	1.0
3131.77	10.227	413.729	12.615	4.875	1.328	0.0	0.0	92670946.743	1.0
3132.77	10.195	413.429	12.615	4.875	1.323	0.0	0.0	92670948.066	1.0
3133.77	10.162	413.13	12.615	4.875	1.317	0.0	0.0	92670949.383	1.0
3134.77	10.129	412.833	12.615	4.875	1.311	0.0	0.0	92670950.694	1.0
3135.77	10.096	412.536	12.615	4.875	1.305	0.0	0.0	92670951.999	1.0
3136.77	10.064	412.24	12.615	4.875	1.3	0.0	0.0	92670953.299	1.0
3137.77	10.031	411.945	12.615	4.875	1.294	0.0	0.0	92670954.592	1.0
3138.77	9.999	411.651	12.615	4.875	1.288	0.0	0.0	92670955.881	1.0
3139.77	9.966	411.358	12.615	4.875	1.283	0.0	0.0	92670957.164	1.0
3140.77	9.934	411.067	12.615	4.875	1.277	0.0	0.0	92670958.441	1.0
3141.77	9.902	410.776	12.615	4.875	1.272	0.0	0.0	92670959.713	1.0
3142.77	9.87	410.486	12.615	4.875	1.266	0.0	0.0	92670960.979	1.0
3143.77	9.837	410.196	12.615	4.875	1.261	0.0	0.0	92670962.24	1.0
3144.77	9.805	409.908	12.615	4.875	1.256	0.0	0.0	92670963.496	1.0
3145.77	9.773	409.621	12.615	4.875	1.25	0.0	0.0	92670964.746	1.0
3146.77	9.741	409.335	12.615	4.875	1.245	0.0	0.0	92670965.991	1.0
3147.77	9.709	409.049	12.615	4.875	1.24	0.0	0.0	92670967.231	1.0
3148.77	9.678	408.765	12.615	4.875	1.235	0.0	0.0	92670968.465	1.0
3149.77	9.646	408.482	12.615	4.875	1.229	0.0	0.0	92670969.695	1.0
3150.77	9.614	408.199	12.615	4.875	1.224	0.0	0.0	92670970.919	1.0
3151.77	9.583	407.917	12.615	4.875	1.219	0.0	0.0	92670972.138	1.0
3152.77	9.551	407.637	12.615	4.875	1.214	0.0	0.0	92670973.352	1.0
3153.77	9.519	407.357	12.615	4.875	1.209	0.0	0.0	92670974.561	1.0
3154.77	9.488	407.078	12.615	4.875	1.204	0.0	0.0	92670975.766	1.0
3155.77	9.457	406.8	12.615	4.875	1.199	0.0	0.0	92670976.965	1.0
3156.77	9.425	406.522	12.615	4.875	1.194	0.0	0.0	92670978.159	1.0
3157.77	9.394	406.246	12.615	4.875	1.189	0.0	0.0	92670979.348	1.0
3158.77	9.363	405.971	12.615	4.875	1.184	0.0	0.0	92670980.533	1.0
3159.77	9.332	405.696	12.615	4.875	1.18	0.0	0.0	92670981.712	1.0
3160.77	9.301	405.423	12.615	4.875	1.175	0.0	0.0	92670982.887	1.0
3161.77	9.27	405.15	12.615	4.875	1.17	0.0	0.0	92670984.057	1.0
3162.77	9.239	404.878	12.615	4.875	1.165	0.0	0.0	92670985.223	1.0
3163.77	9.208	404.607	12.615	4.875	1.161	0.0	0.0	92670986.384	1.0
3164.77	9.177	404.337	12.615	4.875	1.156	0.0	0.0	92670987.54	1.0
3165.77	9.146	404.067	12.615	4.875	1.151	0.0	0.0	92670988.691	1.0
3166.77	9.116	403.799	12.615	4.875	1.147	0.0	0.0	92670989.838	1.0
3167.77	9.085	403.531	12.615	4.875	1.142	0.0	0.0	92670990.98	1.0
3168.77	9.054	403.265	12.615	4.875	1.138	0.0	0.0	92670992.118	1.0
3169.77	9.024	402.999	12.615	4.875	1.133	0.0	0.0	92670993.251	1.0
3170.77	8.993	402.734	12.615	4.875	1.129	0.0	0.0	92670994.38	1.0
3171.77	8.963	402.469	12.615	4.875	1.124	0.0	0.0	92670995.504	1.0
3172.77	8.933	402.206	12.615	4.875	1.12	0.0	0.0	92670996.624	1.0
3173.77	8.902	401.943	12.615	4.875	1.116	0.0	0.0	92670997.74	1.0
3174.77	8.872	401.682	12.615	4.875	1.111	0.0	0.0	92670998.851	1.0
3175.77	8.842	401.421	12.615	4.875	1.107	0.0	0.0	92670999.958	1.0
3176.77	8.812	401.16	12.615	4.875	1.103	0.0	0.0	92671001.06	1.0
3177.77	8.782	400.901	12.615	4.875	1.098	0.0	0.0	92671002.159	1.0
3178.77	8.752	400.643	12.615	4.875	1.094	0.0	0.0	92671003.253	1.0
3179.77	8.722	400.385	12.615	4.875	1.09	0.0	0.0	92671004.343	1.0
3180.77	8.692	400.128	12.615	4.875	1.086	0.0	0.0	92671005.428	1.0
3181.77	8.662	399.872	12.615	4.875	1.082	0.0	0.0	92671006.51	1.0
3182.77	8.632	399.617	12.615	4.875	1.077	0.0	0.0	92671007.587	1.0
3183.77	8.603	399.362	12.615	4.875	1.073	0.0	0.0	92671008.661	1.0
3184.77	8.573	399.109	12.615	4.875	1.069	0.0	0.0	92671009.73	1.0
3185.77	8.543	398.856	12.615	4.875	1.065	0.0	0.0	92671010.795	1.0
3186.77	8.514	398.604	12.615	4.875	1.061	0.0	0.0	92671011.856	1.0
3187.77	8.484	398.352	12.615	4.875	1.057	0.0	0.0	92671012.913	1.0
3188.77	8.455	398.102	12.615	4.875	1.053	0.0	0.0	92671013.967	1.0
3189.77	8.425	397.852	12.615	4.875	1.049	0.0	0.0	92671015.016	1.0
3190.77	8.396	397.603	12.615	4.875	1.045	0.0	0.0	92671016.061	1.0
3191.77	8.367	397.355	12.615	4.875	1.041	0.0	0.0	92671017.103	1.0
3192.77	8.338	397.108	12.615	4.875	1.038	0.0	0.0	92671018.14	1.0
3193.77	8.308	396.861	12.615	4.875	1.034	0.0	0.0	92671019.174	1.0
3194.77	8.279	396.615	12.615	4.875	1.03	0.0	0.0	92671020.204	1.0
3195.77	8.25	396.37	12.615	4.875	1.026	0.0	0.0	92671021.23	1.0
3196.77	8.221	396.126	12.615	4.875	1.022	0.0	0.0	92671022.252	1.0
3197.77	8.192	395.882	12.615	4.875	1.019	0.0	0.0	92671023.271	1.0
3198.77	8.164	395.639	12.615	4.875	1.015	0.0	0.0	92671024.286	1.0
3199.77	8.135	395.397	12.615	4.875	1.011	0.0	0.0	92671025.297	1.0
3200.77	8.106	395.156	12.615	4.875	1.008	0.0	0.0	92671026.305	1.0
3201.77	8.077	394.915	12.615	4.875	1.004	0.0	0.0	92671027.308	1.0
3202.77	8.049	394.675	12.615	4.875	1.0	0.0	0.0	92671028.309	1.0
3203.77	8.02	394.436	12.615	4.875	0.997	0.0	0.0	92671029.305	1.0
3204.77	7.991	394.197	12.615	4.875	0.993	0.0	0.0	92671030.298	1.0
3205.77	7.963	393.96	12.615	4.875	0.989	0.0	0.0	92671031.288	1.0
3206.77	7.934	393.723	12.615	4.875	0.986	0.0	0.0	92671032.274	1.0
3207.77	7.906	393.487	12.615	4.875	0.982	0.0	0.0	92671033.256	1.0
3208.77	7.878	393.251	12.615	4.875	0.979	0.0	0.0	92671034.235	1.0
3209.77	7.849	393.016	12.615	4.875	0.975	0.0	0.0	92671035.211	1.0
3210.77	7.821	392.782	12.615	4.875	0.972	0.0	0.0	92671036.183	1.0
3211.77	7.793	392.549	12.615	4.875	0.969	0.0	0.0	92671037.151	1.0
3212.77	7.765	392.316	12.615	4.875	0.965	0.0	0.0	92671038.116	1.0
3213.77	7.737	392.084	12.615	4.875	0.962	0.0	0.0	92671039.078	1.0
3214.77	7.709	391.853	12.615	4.875	0.958	0.0	0.0	92671040.036	1.0
3215.77	7.681	391.622	12.615	4.875	0.955	0.0	0.0	92671040.992	1.0
3216.77	7.653	391.393	12.615	4.875	0.952	0.0	0.0	92671041.943	1.0
3217.77	7.625	391.164	12.615	4.875	0.948	0.0	0.0	92671042.892	1.0
3218.77	7.597	390.935	12.615	4.875	0.945	0.0	0.0	92671043.837	1.0
3219.77	7.569	390.707	12.615	4.875	0.942	0.0	0.0	92671044.779	1.0
3220.77	7.541	390.48	12.615	4.875	0.939	0.0	0.0	92671045.717	1.0
3221.77	7.514	390.254	12.615	4.875	0.935	0.0	0.0	92671046.653	1.0
3222.77	7.486	390.028	12.615	4.875	0.932	0.0	0.0	92671047.585	1.0
3223.77	7.459	389.803	12.615	4.875	0.929	0.0	0.0	92671048.514	1.0
3224.77	7.431	389.579	12.615	4.875	0.926	0.0	0.0	92671049.439	1.0
3225.77	7.404	389.356	12.615	4.875	0.923	0.0	0.0	92671050.362	1.0
3226.77	7.376	389.133	12.615	4.875	0.919	0.0	0.0	92671051.282	1.0
3227.77	7.349	388.91	12.615	4.875	0.916	0.0	0.0	92671052.198	1.0
3228.77	7.321	388.689	12.615	4.875	0.913	0.0	0.0	92671053.111	1.0
3229.77	7.294	388.468	12.615	4.875	0.91	0.0	0.0	92671054.021	1.0
3230.77	7.267	388.248	12.615	4.875	0.907	0.0	0.0	92671054.929	1.0
3231.77	7.24	388.028	12.615	4.875	0.904	0.0	0.0	92671055.833	1.0
3232.77	7.212	387.809	12.615	4.875	0.901	0.0	0.0	92671056.734	1.0
3233.77	7.185	387.591	12.615	4.875	0.898	0.0	0.0	92671057.632	1.0
3234.77	7.158	387.373	12.615	4.875	0.895	0.0	0.0	92671058.527	1.0
3235.77	7.131	387.157	12.615	4.875	0.892	0.0	0.0	92671059.419	1.0
3236.77	7.104	386.94	12.615	4.875	0.889	0.0	0.0	92671060.308	1.0
3237.77	7.078	386.725	12.615	4.875	0.886	0.0	0.0	92671061.194	1.0
3238.77	7.051	386.51	12.615	4.875	0.883	0.0	0.0	92671062.078	1.0
3239.77	7.024	386.295	12.615	4.875	0.88	0.0	0.0	92671062.958	1.0
3240.77	6.997	386.082	12.615	4.875	0.877	0.0	0.0	92671063.835	1.0
3241.77	6.97	385.869	12.615	4.875	0.875	0.0	0.0	92671064.71	1.0
3242.77	6.944	385.656	12.615	4.875	0.872	0.0	0.0	92671065.582	1.0
3243.77	6.917	385.445	12.615	4.875	0.869	0.0	0.0	92671066.451	1.0
3244.77	6.89	385.233	12.615	4.875	0.866	0.0	0.0	92671067.317	1.0
3245.77	6.864	385.023	12.615	4.875	0.863	0.0	0.0	92671068.18	1.0
3246.77	6.837	384.813	12.615	4.875	0.86	0.0	0.0	92671069.041	1.0
3247.77	6.811	384.604	12.615	4.875	0.858	0.0	0.0	92671069.898	1.0
3248.77	6.785	384.395	12.615	4.875	0.855	0.0	0.0	92671070.753	1.0
3249.77	6.758	384.187	12.615	4.875	0.852	0.0	0.0	92671071.605	1.0
3250.77	6.732	383.98	12.615	4.875	0.849	0.0	0.0	92671072.455	1.0
3251.77	6.706	383.773	12.615	4.875	0.847	0.0	0.0	92671073.302	1.0
3252.77	6.68	383.567	12.615	4.875	0.844	0.0	0.0	92671074.146	1.0
3253.77	6.653	383.362	12.615	4.875	0.841	0.0	0.0	92671074.987	1.0
3254.77	6.627	383.157	12.615	4.875	0.839	0.0	0.0	92671075.826	1.0
3255.77	6.601	382.953	12.615	4.875	0.836	0.0	0.0	92671076.662	1.0
3256.77	6.575	382.749	12.615	4.875	0.833	0.0	0.0	92671077.495	1.0
3257.77	6.549	382.546	12.615	4.875	0.831	0.0	0.0	92671078.326	1.0
3258.77	6.523	382.343	12.615	4.875	0.828	0.0	0.0	92671079.154	1.0
3259.77	6.497	382.142	12.615	4.875	0.826	0.0	0.0	92671079.98	1.0
3260.77	6.471	381.94	12.615	4.875	0.823	0.0	0.0	92671080.803	1.0
3261.77	6.446	381.74	12.615	4.875	0.82	0.0	0.0	92671081.623	1.0
3262.77	6.42	381.54	12.615	4.875	0.818	0.0	0.0	92671082.441	1.0
3263.77	6.394	381.34	12.615	4.875	0.815	0.0	0.0	92671083.256	1.0
3264.77	6.369	381.141	12.615	4.875	0.813	0.0	0.0	92671084.069	1.0
3265.77	6.343	380.943	12.615	4.875	0.81	0.0	0.0	92671084.88	1.0
3266.77	6.317	380.745	12.615	4.875	0.808	0.0	0.0	92671085.687	1.0
3267.77	6.292	380.548	12.615	4.875	0.805	0.0	0.0	92671086.493	1.0
3268.77	6.266	380.352	12.615	4.875	0.803	0.0	0.0	92671087.296	1.0
3269.77	6.241	380.156	12.615	4.875	0.8	0.0	0.0	92671088.096	1.0
3270.77	6.215	379.961	12.615	4.875	0.798	0.0	0.0	92671088.894	1.0
3271.77	6.19	379.766	12.615	4.875	0.796	0.0	0.0	92671089.689	1.0
3272.77	6.165	379.572	12.615	4.875	0.793	0.0	0.0	92671090.483	1.0
3273.77	6.139	379.378	12.615	4.875	0.791	0.0	0.0	92671091.273	1.0
3274.77	6.114	379.185	12.615	4.875	0.788	0.0	0.0	92671092.061	1.0
3275.77	6.089	378.993	12.615	4.875	0.786	0.0	0.0	92671092.847	1.0
3276.77	6.064	378.801	12.615	4.875	0.784	0.0	0.0	92671093.631	1.0
3277.77	6.039	378.609	12.615	4.875	0.781	0.0	0.0	92671094.412	1.0
3278.77	6.013	378.419	12.615	4.875	0.779	0.0	0.0	92671095.191	1.0
3279.77	5.988	378.228	12.615	4.875	0.777	0.0	0.0	92671095.968	1.0
3280.77	5.963	378.039	12.615	4.875	0.774	0.0	0.0	92671096.742	1.0
3281.77	5.938	377.85	12.615	4.875	0.772	0.0	0.0	92671097.514	1.0
3282.77	5.914	377.661	12.615	4.875	0.77	0.0	0.0	92671098.283	1.0
3283.77	5.889	377.473	12.615	4.875	0.767	0.0	0.0	92671099.051	1.0
3284.77	5.864	377.286	12.615	4.875	0.765	0.0	0.0	92671099.816	1.0
3285.77	5.839	377.099	12.615	4.875	0.763	0.0	0.0	92671100.578	1.0
3286.77	5.814	376.913	12.615	4.875	0.761	0.0	0.0	92671101.339	1.0
3287.77	5.79	376.727	12.615	4.875	0.758	0.0	0.0	92671102.097	1.0
3288.77	5.765	376.542	12.615	4.875	0.756	0.0	0.0	92671102.853	1.0
3289.77	5.74	376.357	12.615	4.875	0.754	0.0	0.0	92671103.607	1.0
3290.77	5.716	376.173	12.615	4.875	0.752	0.0	0.0	92671104.359	1.0
3291.77	5.691	375.989	12.615	4.875	0.749	0.0	0.0	92671105.108	1.0
3292.77	5.667	375.806	12.615	4.875	0.747	0.0	0.0	92671105.856	1.0
3293.77	5.642	375.624	12.615	4.875	0.745	0.0	0.0	92671106.601	1.0
3294.77	5.618	375.442	12.615	4.875	0.743	0.0	0.0	92671107.344	1.0
3295.77	5.593	375.26	12.615	4.875	0.741	0.0	0.0	92671108.085	1.0
3296.77	5.569	375.079	12.615	4.875	0.739	0.0	0.0	92671108.823	1.0
3297.77	5.544	374.899	12.615	4.875	0.737	0.0	0.0	92671109.56	1.0
3298.77	5.52	374.719	12.615	4.875	0.734	0.0	0.0	92671110.295	1.0
3299.77	5.496	374.54	12.615	4.875	0.732	0.0	0.0	92671111.027	1.0
3300.77	5.472	374.361	12.615	4.875	0.73	0.0	0.0	92671111.757	1.0
3301.77	5.448	374.183	12.615	4.875	0.728	0.0	0.0	92671112.485	1.0
3302.77	5.423	374.005	12.615	4.875	0.726	0.0	0.0	92671113.212	1.0
3303.77	5.399	373.828	12.615	4.875	0.724	0.0	0.0	92671113.936	1.0
3304.77	5.375	373.651	12.615	4.875	0.722	0.0	0.0	92671114.658	1.0
3305.77	5.351	373.475	12.615	4.875	0.72	0.0	0.0	92671115.378	1.0
3306.77	5.327	373.3	12.615	4.875	0.718	0.0	0.0	92671116.096	1.0
3307.77	5.303	373.124	12.615	4.875	0.716	0.0	0.0	92671116.812	1.0
3308.77	5.279	372.95	12.615	4.875	0.714	0.0	0.0	92671117.526	1.0
3309.77	5.255	372.776	12.615	4.875	0.712	0.0	0.0	92671118.237	1.0
3310.77	5.232	372.602	12.615	4.875	0.71	0.0	0.0	92671118.947	1.0
3311.77	5.208	372.429	12.615	4.875	0.708	0.0	0.0	92671119.655	1.0
3312.77	5.184	372.256	12.615	4.875	0.706	0.0	0.0	92671120.361	1.0
3313.77	5.16	372.084	12.615	4.875	0.704	0.0	0.0	92671121.065	1.0
3314.77	5.137	371.913	12.615	4.875	0.702	0.0	0.0	92671121.768	1.0
3315.77	5.113	371.742	12.615	4.875	0.7	0.0	0.0	92671122.468	1.0
3316.77	5.089	371.571	12.615	4.875	0.698	0.0	0.0	92671123.166	1.0
3317.77	5.066	371.401	12.615	4.875	0.696	0.0	0.0	92671123.862	1.0
3318.77	5.042	371.232	12.615	4.875	0.694	0.0	0.0	92671124.557	1.0
3319.77	5.019	371.063	12.615	4.875	0.692	0.0	0.0	92671125.249	1.0
3320.77	4.995	370.894	12.615	4.875	0.691	0.0	0.0	92671125.94	1.0
3321.77	4.972	370.726	12.615	4.875	0.689	0.0	0.0	92671126.628	1.0
3322.77	4.948	370.559	12.615	4.875	0.687	0.0	0.0	92671127.315	1.0
3323.77	4.925	370.391	12.615	4.875	0.685	0.0	0.0	92671128.0	1.0
3324.77	4.902	370.225	12.615	4.875	0.683	0.0	0.0	92671128.683	1.0
3325.77	4.878	370.059	12.615	4.875	0.681	0.0	0.0	92671129.365	1.0
3326.77	4.855	369.893	12.615	4.875	0.679	0.0	0.0	92671130.044	1.0
3327.77	4.832	369.728	12.615	4.875	0.678	0.0	0.0	92671130.722	1.0
3328.77	4.809	369.564	12.615	4.875	0.676	0.0	0.0	92671131.397	1.0
3329.77	4.785	369.399	12.615	4.875	0.674	0.0	0.0	92671132.071	1.0
3330.77	4.762	369.236	12.615	4.875	0.672	0.0	0.0	92671132.743	1.0
3331.77	4.739	369.073	12.615	4.875	0.67	0.0	0.0	92671133.414	1.0
3332.77	4.716	368.91	12.615	4.875	0.669	0.0	0.0	92671134.082	1.0
3333.77	4.693	368.748	12.615	4.875	0.667	0.0	0.0	92671134.749	1.0
3334.77	4.67	368.586	12.615	4.875	0.665	0.0	0.0	92671135.414	1.0
3335.77	4.647	368.425	12.615	4.875	0.663	0.0	0.0	92671136.077	1.0
3336.77	4.624	368.264	12.615	4.875	0.661	0.0	0.0	92671136.739	1.0
3337.77	4.601	368.104	12.615	4.875	0.66	0.0	0.0	92671137.399	1.0
3338.77	4.578	367.944	12.615	4.875	0.658	0.0	0.0	92671138.057	1.0
3339.77	4.556	367.784	12.615	4.875	0.656	0.0	0.0	92671138.713	1.0
3340.77	4.533	367.626	12.615	4.875	0.655	0.0	0.0	92671139.367	1.0
3341.77	4.51	367.467	12.615	4.875	0.653	0.0	0.0	92671140.02	1.0
3342.77	4.487	367.309	12.615	4.875	0.651	0.0	0.0	92671140.671	1.0
3343.77	4.465	367.152	12.615	4.875	0.649	0.0	0.0	92671141.321	1.0
3344.77	4.442	366.995	12.615	4.875	0.648	0.0	0.0	92671141.969	1.0
3345.77	4.419	366.838	12.615	4.875	0.646	0.0	0.0	92671142.615	1.0
3346.77	4.397	366.682	12.615	4.875	0.644	0.0	0.0	92671143.259	1.0
3347.77	4.374	366.526	12.615	4.875	0.643	0.0	0.0	92671143.902	1.0
3348.77	4.352	366.371	12.615	4.875	0.641	0.0	0.0	92671144.543	1.0
3349.77	4.329	366.216	12.615	4.875	0.639	0.0	0.0	92671145.182	1.0
3350.77	4.307	366.062	12.615	4.875	0.638	0.0	0.0	92671145.82	1.0
3351.77	4.284	365.908	12.615	4.875	0.636	0.0	0.0	92671146.456	1.0
3352.77	4.262	365.755	12.615	4.875	0.635	0.0	0.0	92671147.091	1.0
3353.77	4.239	365.602	12.615	4.875	0.633	0.0	0.0	92671147.724	1.0
3354.77	4.217	365.45	12.615	4.875	0.631	0.0	0.0	92671148.355	1.0
3355.77	4.195	365.297	12.615	4.875	0.63	0.0	0.0	92671148.985	1.0
3356.77	4.172	365.146	12.615	4.875	0.628	0.0	0.0	92671149.613	1.0
3357.77	4.15	364.995	12.615	4.875	0.626	0.0	0.0	92671150.239	1.0
3358.77	4.128	364.844	12.615	4.875	0.625	0.0	0.0	92671150.864	1.0
3359.77	4.106	364.694	12.615	4.875	0.623	0.0	0.0	92671151.487	1.0
3360.77	4.084	364.544	12.615	4.875	0.622	0.0	0.0	92671152.109	1.0
3361.77	4.061	364.395	12.615	4.875	0.62	0.0	0.0	92671152.729	1.0
3362.77	4.039	364.246	12.615	4.875	0.619	0.0	0.0	92671153.348	1.0
3363.77	4.017	364.097	12.615	4.875	0.617	0.0	0.0	92671153.965	1.0
3364.77	3.995	363.949	12.615	4.875	0.616	0.0	0.0	92671154.581	1.0
3365.77	3.973	363.802	12.615	4.875	0.614	0.0	0.0	92671155.195	1.0
3366.77	3.951	363.654	12.615	4.875	0.612	0.0	0.0	92671155.807	1.0
3367.77	3.929	363.508	12.615	4.875	0.611	0.0	0.0	92671156.418	1.0
3368.77	3.907	363.361	12.615	4.875	0.609	0.0	0.0	92671157.027	1.0
3369.77	3.885	363.216	12.615	4.875	0.608	0.0	0.0	92671157.635	1.0
3370.77	3.864	363.07	12.615	4.875	0.606	0.0	0.0	92671158.242	1.0
3371.77	3.842	362.925	12.615	4.875	0.605	0.0	0.0	92671158.847	1.0
3372.77	3.82	362.78	12.615	4.875	0.603	0.0	0.0	92671159.45	1.0
3373.77	3.798	362.636	12.615	4.875	0.602	0.0	0.0	92671160.052	1.0
3374.77	3.776	362.493	12.615	4.875	0.6	0.0	0.0	92671160.653	1.0
3375.77	3.755	362.349	12.615	4.875	0.599	0.0	0.0	92671161.252	1.0
3376.77	3.733	362.206	12.615	4.875	0.598	0.0	0.0	92671161.849	1.0
3377.77	3.711	362.064	12.615	4.875	0.596	0.0	0.0	92671162.445	1.0
3378.77	3.69	361.922	12.615	4.875	0.595	0.0	0.0	92671163.04	1.0
3379.77	3.668	361.78	12.615	4.875	0.593	0.0	0.0	92671163.633	1.0
3380.77	3.647	361.639	12.615	4.875	0.592	0.0	0.0	92671164.225	1.0
3381.77	3.625	361.498	12.615	4.875	0.59	0.0	0.0	92671164.815	1.0
3382.77	3.604	361.358	12.615	4.875	0.589	0.0	0.0	92671165.404	1.0
3383.77	3.582	361.218	12.615	4.875	0.587	0.0	0.0	92671165.991	1.0
3384.77	3.561	361.078	12.615	4.875	0.586	0.0	0.0	92671166.577	1.0
3385.77	3.539	360.939	12.615	4.875	0.585	0.0	0.0	92671167.162	1.0
3386.77	3.518	360.8	12.615	4.875	0.583	0.0	0.0	92671167.745	1.0
3387.77	3.496	360.662	12.615	4.875	0.582	0.0	0.0	92671168.327	1.0
3388.77	3.475	360.524	12.615	4.875	0.58	0.0	0.0	92671168.908	1.0
3389.77	3.454	360.387	12.615	4.875	0.579	0.0	0.0	92671169.487	1.0
3390.77	3.432	360.25	12.615	4.875	0.578	0.0	0.0	92671170.064	1.0
3391.77	3.411	360.113	12.615	4.875	0.576	0.0	0.0	92671170.641	1.0
3392.77	3.39	359.977	12.615	4.875	0.575	0.0	0.0	92671171.216	1.0
3393.77	3.369	359.841	12.615	4.875	0.574	0.0	0.0	92671171.789	1.0
3394.77	3.348	359.705	12.615	4.875	0.572	0.0	0.0	92671172.362	1.0
3395.77	3.326	359.57	12.615	4.875	0.571	0.0	0.0	92671172.932	1.0
3396.77	3.305	359.435	12.615	4.875	0.57	0.0	0.0	92671173.502	1.0
3397.77	3.284	359.301	12.615	4.875	0.568	0.0	0.0	92671174.07	1.0
3398.77	3.263	359.167	12.615	4.875	0.567	0.0	0.0	92671174.637	1.0
3399.77	3.242	359.034	12.615	4.875	0.566	0.0	0.0	92671175.203	1.0
3400.77	3.221	358.901	12.615	4.875	0.564	0.0	0.0	92671175.767	1.0
3401.77	3.2	358.768	12.615	4.875	0.563	0.0	0.0	92671176.33	1.0
3402.77	3.179	358.636	12.615	4.875	0.562	0.0	0.0	92671176.891	1.0
3403.77	3.158	358.504	12.615	4.875	0.56	0.0	0.0	92671177.452	1.0
3404.77	3.137	358.372	12.615	4.875	0.559	0.0	0.0	92671178.011	1.0
3405.77	3.116	358.241	12.615	4.875	0.558	0.0	0.0	92671178.568	1.0
3406.77	3.096	358.11	12.615	4.875	0.556	0.0	0.0	92671179.125	1.0
3407.77	3.075	357.98	12.615	4.875	0.555	0.0	0.0	92671179.68	1.0
3408.77	3.054	357.85	12.615	4.875	0.554	0.0	0.0	92671180.234	1.0
3409.77	3.033	357.721	12.615	4.875	0.553	0.0	0.0	92671180.786	1.0
3410.77	3.012	357.591	12.615	4.875	0.551	0.0	0.0	92671181.338	1.0
3411.77	2.992	357.463	12.615	4.875	0.55	0.0	0.0	92671181.888	1.0
3412.77	2.971	357.334	12.615	4.875	0.549	0.0	0.0	92671182.437	1.0
3413.77	2.95	357.206	12.615	4.875	0.548	0.0	0.0	92671182.984	1.0
3414.77	2.93	357.078	12.615	4.875	0.546	0.0	0.0	92671183.53	1.0
3415.77	2.909	356.951	12.615	4.875	0.545	0.0	0.0	92671184.075	1.0
3416.77	2.889	356.824	12.615	4.875	0.544	0.0	0.0	92671184.619	1.0
3417.77	2.868	356.698	12.615	4.875	0.543	0.0	0.0	92671185.162	1.0
3418.77	2.848	356.572	12.615	4.875	0.541	0.0	0.0	92671185.703	1.0
3419.77	2.827	356.446	12.615	4.875	0.54	0.0	0.0	92671186.243	1.0
3420.77	2.807	356.321	12.615	4.875	0.539	0.0	0.0	92671186.782	1.0
3421.77	2.786	356.196	12.615	4.875	0.538	0.0	0.0	92671187.32	1.0
3422.77	2.766	356.071	12.615	4.875	0.536	0.0	0.0	92671187.856	1.0
3423.77	2.745	355.947	12.615	4.875	0.535	0.0	0.0	92671188.392	1.0
3424.77	2.725	355.823	12.615	4.875	0.534	0.0	0.0	92671188.926	1.0
3425.77	2.705	355.699	12.615	4.875	0.533	0.0	0.0	92671189.459	1.0
3426.77	2.684	355.576	12.615	4.875	0.532	0.0	0.0	92671189.99	1.0
3427.77	2.664	355.453	12.615	4.875	0.531	0.0	0.0	92671190.521	1.0
3428.77	2.644	355.331	12.615	4.875	0.529	0.0	0.0	92671191.05	1.0
3429.77	2.623	355.209	12.615	4.875	0.528	0.0	0.0	92671191.579	1.0
3430.77	2.603	355.087	12.615	4.875	0.527	0.0	0.0	92671192.106	1.0
3431.77	2.583	354.966	12.615	4.875	0.526	0.0	0.0	92671192.631	1.0
3432.77	2.563	354.845	12.615	4.875	0.525	0.0	0.0	92671193.156	1.0
3433.77	2.543	354.724	12.615	4.875	0.524	0.0	0.0	92671193.68	1.0
3434.77	2.522	354.604	12.615	4.875	0.522	0.0	0.0	92671194.202	1.0
3435.77	2.502	354.484	12.615	4.875	0.521	0.0	0.0	92671194.723	1.0
3436.77	2.482	354.365	12.615	4.875	0.52	0.0	0.0	92671195.243	1.0
3437.77	2.462	354.246	12.615	4.875	0.519	0.0	0.0	92671195.762	1.0
3438.77	2.442	354.127	12.615	4.875	0.518	0.0	0.0	92671196.28	1.0
3439.77	2.422	354.008	12.615	4.875	0.517	0.0	0.0	92671196.797	1.0
3440.77	2.402	353.89	12.615	4.875	0.516	0.0	0.0	92671197.312	1.0
3441.77	2.382	353.773	12.615	4.875	0.514	0.0	0.0	92671197.827	1.0
3442.77	2.362	353.655	12.615	4.875	0.513	0.0	0.0	92671198.34	1.0
3443.77	2.342	353.538	12.615	4.875	0.512	0.0	0.0	92671198.852	1.0
3444.77	2.323	353.422	12.615	4.875	0.511	0.0	0.0	92671199.363	1.0
3445.77	2.303	353.305	12.615	4.875	0.51	0.0	0.0	92671199.873	1.0
3446.77	2.283	353.19	12.615	4.875	0.509	0.0	0.0	92671200.382	1.0
3447.77	2.263	353.074	12.615	4.875	0.508	0.0	0.0	92671200.89	1.0
3448.77	2.243	352.959	12.615	4.875	0.507	0.0	0.0	92671201.397	1.0
3449.77	2.224	352.844	12.615	4.875	0.506	0.0	0.0	92671201.902	1.0
3450.77	2.204	352.729	12.615	4.875	0.505	0.0	0.0	92671202.407	1.0
3451.77	2.184	352.615	12.615	4.875	0.503	0.0	0.0	92671202.91	1.0
3452.77	2.164	352.501	12.615	4.875	0.502	0.0	0.0	92671203.413	1.0
3453.77	2.145	352.388	12.615	4.875	0.501	0.0	0.0	92671203.914	1.0
3454.77	2.125	352.275	12.615	4.875	0.5	0.0	0.0	92671204.414	1.0
3455.77	2.105	352.162	12.615	4.875	0.499	0.0	0.0	92671204.914	1.0
3456.77	2.086	352.049	12.615	4.875	0.498	0.0	0.0	92671205.412	1.0
3457.77	2.066	351.937	12.615	4.875	0.497	0.0	0.0	92671205.909	1.0
3458.77	2.047	351.826	12.615	4.875	0.496	0.0	0.0	92671206.405	1.0
3459.77	2.027	351.714	12.615	4.875	0.495	0.0	0.0	92671206.9	1.0
3460.77	2.008	351.603	12.615	4.875	0.494	0.0	0.0	92671207.394	1.0
3461.77	1.988	351.492	12.615	4.875	0.493	0.0	0.0	92671207.887	1.0
3462.77	1.969	351.382	12.615	4.875	0.492	0.0	0.0	92671208.379	1.0
3463.77	1.949	351.272	12.615	4.875	0.491	0.0	0.0	92671208.87	1.0
3464.77	1.93	351.162	12.615	4.875	0.49	0.0	0.0	92671209.359	1.0
3465.77	1.911	351.053	12.615	4.875	0.489	0.0	0.0	92671209.848	1.0
3466.77	1.891	350.944	12.615	4.875	0.488	0.0	0.0	92671210.336	1.0
3467.77	1.872	350.835	12.615	4.875	0.487	0.0	0.0	92671210.823	1.0
3468.77	1.853	350.727	12.615	4.875	0.486	0.0	0.0	92671211.309	1.0
3469.77	1.833	350.619	12.615	4.875	0.485	0.0	0.0	92671211.793	1.0
3470.77	1.814	350.511	12.615	4.875	0.484	0.0	0.0	92671212.277	1.0
3471.77	1.795	350.404	12.615	4.875	0.483	0.0	0.0	92671212.76	1.0
3472.77	1.776	350.297	12.615	4.875	0.482	0.0	0.0	92671213.242	1.0
3473.77	1.756	350.19	12.615	4.875	0.481	0.0	0.0	92671213.722	1.0
3474.77	1.737	350.084	12.615	4.875	0.48	0.0	0.0	92671214.202	1.0
3475.77	1.718	349.977	12.615	4.875	0.479	0.0	0.0	92671214.681	1.0
3476.77	1.699	349.872	12.615	4.875	0.478	0.0	0.0	92671215.159	1.0
3477.77	1.68	349.766	12.615	4.875	0.477	0.0	0.0	92671215.636	1.0
3478.77	1.661	349.661	12.615	4.875	0.476	0.0	0.0	92671216.111	1.0
3479.77	1.642	349.557	12.615	4.875	0.475	0.0	0.0	92671216.586	1.0
3480.77	1.623	349.452	12.615	4.875	0.474	0.0	0.0	92671217.06	1.0
3481.77	1.604	349.348	12.615	4.875	0.473	0.0	0.0	92671217.533	1.0
3482.77	1.585	349.244	12.615	4.875	0.472	0.0	0.0	92671218.005	1.0
3483.77	1.566	349.141	12.615	4.875	0.471	0.0	0.0	92671218.476	1.0
3484.77	1.547	349.038	12.615	4.875	0.47	0.0	0.0	92671218.946	1.0
3485.77	1.528	348.935	12.615	4.875	0.469	0.0	0.0	92671219.416	1.0
3486.77	1.509	348.833	12.615	4.875	0.468	0.0	0.0	92671219.884	1.0
3487.77	1.49	348.73	12.615	4.875	0.467	0.0	0.0	92671220.351	1.0
3488.77	1.471	348.629	12.615	4.875	0.466	0.0	0.0	92671220.817	1.0
3489.77	1.452	348.527	12.615	4.875	0.465	0.0	0.0	92671221.283	1.0
3490.77	1.434	348.426	12.615	4.875	0.464	0.0	0.0	92671221.747	1.0
3491.77	1.415	348.325	12.615	4.875	0.464	0.0	0.0	92671222.211	1.0
3492.77	1.396	348.224	12.615	4.875	0.463	0.0	0.0	92671222.673	1.0
3493.77	1.377	348.124	12.615	4.875	0.462	0.0	0.0	92671223.135	1.0
3494.77	1.359	348.024	12.615	4.875	0.461	0.0	0.0	92671223.596	1.0
3495.77	1.34	347.925	12.615	4.875	0.46	0.0	0.0	92671224.056	1.0
3496.77	1.321	347.825	12.615	4.875	0.459	0.0	0.0	92671224.515	1.0
3497.77	1.302	347.726	12.615	4.875	0.458	0.0	0.0	92671224.973	1.0
3498.77	1.284	347.628	12.615	4.875	0.457	0.0	0.0	92671225.43	1.0
3499.77	1.265	347.529	12.615	4.875	0.456	0.0	0.0	92671225.886	1.0
3500.77	1.247	347.431	12.615	4.875	0.455	0.0	0.0	92671226.341	1.0
3501.77	1.228	347.334	12.615	4.875	0.454	0.0	0.0	92671226.796	1.0
3502.77	1.209	347.236	12.615	4.875	0.454	0.0	0.0	92671227.249	1.0
3503.77	1.191	347.139	12.615	4.875	0.453	0.0	0.0	92671227.702	1.0
3504.77	1.172	347.042	12.615	4.875	0.452	0.0	0.0	92671228.154	1.0
3505.77	1.154	346.946	12.615	4.875	0.451	0.0	0.0	92671228.605	1.0
3506.77	1.135	346.849	12.615	4.875	0.45	0.0	0.0	92671229.055	1.0
3507.77	1.117	346.754	12.615	4.875	0.449	0.0	0.0	92671229.504	1.0
3508.77	1.099	346.658	12.615	4.875	0.448	0.0	0.0	92671229.952	1.0
3509.77	1.08	346.563	12.615	4.875	0.447	0.0	0.0	92671230.399	1.0
3510.77	1.062	346.468	12.615	4.875	0.447	0.0	0.0	92671230.846	1.0
3511.77	1.043	346.373	12.615	4.875	0.446	0.0	0.0	92671231.291	1.0
3512.77	1.025	346.279	12.615	4.875	0.445	0.0	0.0	92671231.736	1.0
3513.77	1.007	346.185	12.615	4.875	0.444	0.0	0.0	92671232.18	1.0
3514.77	0.989	346.091	12.615	4.875	0.443	0.0	0.0	92671232.623	1.0
3515.77	0.97	345.997	12.615	4.875	0.442	0.0	0.0	92671233.065	1.0
3516.77	0.952	345.904	12.615	4.875	0.441	0.0	0.0	92671233.507	1.0
3517.77	0.934	345.811	12.615	4.875	0.441	0.0	0.0	92671233.947	1.0
3518.77	0.916	345.719	12.615	4.875	0.44	0.0	0.0	92671234.387	1.0
3519.77	0.897	345.627	12.615	4.875	0.439	0.0	0.0	92671234.826	1.0
3520.77	0.879	345.535	12.615	4.875	0.438	0.0	0.0	92671235.264	1.0
3521.77	0.861	345.443	12.615	4.875	0.437	0.0	0.0	92671235.701	1.0
3522.77	0.843	345.351	12.615	4.875	0.436	0.0	0.0	92671236.137	1.0
3523.77	0.825	345.26	12.615	4.875	0.436	0.0	0.0	92671236.573	1.0
3524.77	0.807	345.17	12.615	4.875	0.435	0.0	0.0	92671237.008	1.0
3525.77	0.789	345.079	12.615	4.875	0.434	0.0	0.0	92671237.441	1.0
3526.77	0.771	344.989	12.615	4.875	0.433	0.0	0.0	92671237.875	1.0
3527.77	0.753	344.899	12.615	4.875	0.432	0.0	0.0	92671238.307	1.0
3528.77	0.735	344.809	12.615	4.875	0.431	0.0	0.0	92671238.738	1.0
3529.77	0.717	344.72	12.615	4.875	0.431	0.0	0.0	92671239.169	1.0
3530.77	0.699	344.631	12.615	4.875	0.43	0.0	0.0	92671239.599	1.0
3531.77	0.681	344.542	12.615	4.875	0.429	0.0	0.0	92671240.028	1.0
3532.77	0.663	344.454	12.615	4.875	0.428	0.0	0.0	92671240.456	1.0
3533.77	0.645	344.366	12.615	4.875	0.427	0.0	0.0	92671240.883	1.0
3534.77	0.627	344.278	12.615	4.875	0.427	0.0	0.0	92671241.31	1.0
3535.77	0.609	344.19	12.615	4.875	0.426	0.0	0.0	92671241.735	1.0
3536.77	0.591	344.103	12.615	4.875	0.425	0.0	0.0	92671242.16	1.0
3537.77	0.574	344.016	12.615	4.875	0.424	0.0	0.0	92671242.585	1.0
3538.77	0.556	343.929	12.615	4.875	0.423	0.0	0.0	92671243.008	1.0
3539.77	0.538	343.843	12.615	4.875	0.423	0.0	0.0	92671243.431	1.0
3540.77	0.52	343.756	12.615	4.875	0.422	0.0	0.0	92671243.853	1.0
3541.77	0.503	343.671	12.615	4.875	0.421	0.0	0.0	92671244.274	1.0
3542.77	0.485	343.585	12.615	4.875	0.42	0.0	0.0	92671244.694	1.0
3543.77	0.467	343.5	12.615	4.875	0.42	0.0	0.0	92671245.114	1.0
3544.77	0.449	343.415	12.615	4.875	0.419	0.0	0.0	92671245.532	1.0
3545.77	0.432	343.33	12.615	4.875	0.418	0.0	0.0	92671245.95	1.0
3546.77	0.414	343.245	12.615	4.875	0.417	0.0	0.0	92671246.368	1.0
3547.77	0.397	343.161	12.615	4.875	0.416	0.0	0.0	92671246.784	1.0
3548.77	0.379	343.077	12.615	4.875	0.416	0.0	0.0	92671247.2	1.0
3549.77	0.361	342.994	12.615	4.875	0.415	0.0	0.0	92671247.615	1.0
3550.77	0.344	342.91	12.615	4.875	0.414	0.0	0.0	92671248.029	1.0
3551.77	0.326	342.827	12.615	4.875	0.413	0.0	0.0	92671248.442	1.0
3552.77	0.309	342.744	12.615	4.875	0.413	0.0	0.0	92671248.855	1.0
3553.77	0.291	342.662	12.615	4.875	0.412	0.0	0.0	92671249.267	1.0
3554.77	0.274	342.58	12.615	4.875	0.411	0.0	0.0	92671249.678	1.0
3555.77	0.256	342.498	12.615	4.875	0.41	0.0	0.0	92671250.089	1.0
3556.77	0.239	342.416	12.615	4.875	0.41	0.0	0.0	92671250.498	1.0
3557.77	0.222	342.335	12.615	4.875	0.409	0.0	0.0	92671250.907	1.0
3558.77	0.204	342.253	12.615	4.875	0.408	0.0	0.0	92671251.315	1.0
3559.77	0.187	342.172	12.615	4.875	0.408	0.0	0.0	92671251.723	1.0
3560.77	0.17	342.092	12.615	4.875	0.407	0.0	0.0	92671252.13	1.0
3561.77	0.152	342.012	12.615	4.875	0.406	0.0	0.0	92671252.536	1.0
3562.77	0.135	341.931	12.615	4.875	0.405	0.0	0.0	92671252.941	1.0
3563.77	0.118	341.852	12.615	4.875	0.405	0.0	0.0	92671253.346	1.0
3564.77	0.1	341.772	12.615	4.875	0.404	0.0	0.0	92671253.75	1.0
3565.77	0.083	341.693	12.615	4.875	0.403	0.0	0.0	92671254.153	1.0
3566.77	0.066	341.614	12.615	4.875	0.402	0.0	0.0	92671254.555	1.0
3567.77	0.049	341.535	12.615	4.875	0.402	0.0	0.0	92671254.957	1.0
3568.77	0.031	341.457	12.615	4.875	0.401	0.0	0.0	92671255.358	1.0
3569.77	0.014	341.379	12.615	4.875	0.4	0.0	0.0	92671255.758	1.0
3570.77	0.0	341.301	12.615	4.875	0.4	0.0	0.0	92671256.158	1.0
