2676.200	70.563	300.000	62.000	16.024	1552968.030	0.000	0.000.1	0.000.2	1.00000
2676.3	70.549	302.839	62.0	16.024	1550587.488	0.0	0.0	155058.749	1.0
2676.75	70.486	315.506	62.0	16.024	1539535.293	0.0	0.0	847849.63	1.0
2677.75	70.346	343.027	62.0	16.024	1514196.227	0.0	0.0	2362045.857	1.0
2678.75	70.205	369.709	62.0	16.024	1487009.772	0.0	0.0	3849055.629	1.0
2679.75	70.064	395.53	62.0	16.024	1459873.14	0.0	0.0	5308928.769	1.0
2680.75	69.922	420.432	62.0	16.024	1432811.877	0.0	0.0	6741740.646	1.0
2681.75	69.78	444.438	62.0	16.024	1405852.354	0.0	0.0	8147592.999	1.0
2682.75	69.637	467.535	62.0	16.024	1379012.015	0.0	0.0	9526605.014	1.0
2683.75	69.494	489.364	62.0	16.024	1352315.774	0.0	0.0	10878920.788	1.0
2684.75	69.35	509.435	62.0	16.024	1325778.23	0.0	0.0	12204699.018	1.0
2685.75	69.204	528.301	62.0	16.024	1299418.373	0.0	0.0	13504117.392	1.0
2686.75	69.058	546.922	62.0	16.024	1273249.912	0.0	0.0	14777367.304	1.0
2687.75	68.91	565.632	62.0	16.024	1247286.467	0.0	0.0	16024653.771	1.0
2688.75	68.762	584.175	62.0	16.024	1221540.436	0.0	0.0	17246194.207	1.0
2689.75	68.611	601.973	62.0	16.024	1196021.634	0.0	0.0	18442215.842	1.0
2690.75	68.46	618.792	62.0	16.024	1170739.86	0.0	0.0	19612955.701	1.0
2691.75	68.307	634.708	62.0	16.024	1145703.157	0.0	0.0	20758658.858	1.0
2692.75	68.152	649.812	62.0	16.024	1120919.244	0.0	0.0	21879578.102	1.0
2693.75	67.995	664.167	62.0	16.024	1096394.291	0.0	0.0	22975972.393	1.0
2694.75	67.837	677.854	62.0	16.024	1072131.719	0.0	0.0	24048104.112	1.0
2695.75	67.676	690.946	62.0	16.024	1048138.626	0.0	0.0	25096242.738	1.0
2696.75	67.514	703.513	62.0	16.024	1024414.134	0.0	0.0	26120656.872	1.0
2697.75	67.349	715.719	62.0	16.024	1000964.427	0.0	0.0	27121621.299	1.0
2698.75	67.183	727.796	62.0	16.024	977790.817	0.0	0.0	28099412.117	1.0
2699.75	67.014	740.487	62.0	16.024	954892.179	0.0	0.0	29054304.296	1.0
2700.75	66.843	753.398	62.0	16.024	932271.994	0.0	0.0	29986576.289	1.0
2701.75	66.67	766.156	62.0	16.024	909930.316	0.0	0.0	30896506.605	1.0
2702.75	66.494	778.514	62.0	16.024	887865.602	0.0	0.0	31784372.207	1.0
2703.75	66.316	790.451	62.0	16.024	866078.458	0.0	0.0	32650450.665	1.0
2704.75	66.135	801.943	62.0	16.024	844568.399	0.0	0.0	33495019.065	1.0
2705.75	65.951	812.998	62.0	16.024	823334.683	0.0	0.0	34318353.748	1.0
2706.75	65.765	823.623	62.0	16.024	802376.212	0.0	0.0	35120729.959	1.0
2707.75	65.577	833.825	62.0	16.024	781691.425	0.0	0.0	35902421.384	1.0
2708.75	65.386	843.6	62.0	16.024	761279.004	0.0	0.0	36663700.389	1.0
2709.75	65.191	850.0	61.508	15.894	741137.85	0.0	0.0	37404838.238	1.0
2710.75	64.995	850.0	59.964	15.486	721063.532	0.0	0.0	38125901.77	1.0
2711.75	64.795	850.0	58.472	15.091	700590.037	0.0	0.0	38826491.807	1.0
2712.75	64.593	850.0	57.032	14.711	679691.326	0.0	0.0	39506183.132	1.0
2713.75	64.388	850.0	55.645	14.346	658412.035	0.0	0.0	40164595.167	1.0
2714.75	64.18	850.0	54.312	13.995	636802.997	0.0	0.0	40801398.164	1.0
2715.75	63.97	850.0	53.034	13.659	614919.691	0.0	0.0	41416317.855	1.0
2716.75	63.757	850.0	51.811	13.337	592821.018	0.0	0.0	42009138.873	1.0
2717.75	63.542	850.0	50.643	13.031	570570.774	0.0	0.0	42579709.647	1.0
2718.75	63.324	850.0	49.532	12.739	548235.546	0.0	0.0	43127945.193	1.0
2719.75	63.104	850.0	48.476	12.463	525884.384	0.0	0.0	43653829.578	1.0
2720.75	62.881	850.0	47.476	12.201	503588.234	0.0	0.0	44157417.811	1.0
2721.75	62.657	850.0	46.531	11.954	481417.949	0.0	0.0	44638835.76	1.0
2722.75	62.43	850.0	45.642	11.721	459445.153	0.0	0.0	45098280.914	1.0
2723.75	62.2	850.0	44.806	11.503	437740.169	0.0	0.0	45536021.082	1.0
2724.75	61.969	850.0	44.024	11.299	416370.582	0.0	0.0	45952391.664	1.0
2725.75	61.736	850.0	43.295	11.108	395399.885	0.0	0.0	46347791.549	1.0
2726.75	61.501	850.0	42.616	10.932	374889.194	0.0	0.0	46722680.743	1.0
2727.75	61.264	850.0	41.988	10.768	354893.695	0.0	0.0	47077574.438	1.0
2728.75	61.025	850.0	41.408	10.617	335462.109	0.0	0.0	47413036.547	1.0
2729.75	60.785	850.0	40.875	10.478	316638.85	0.0	0.0	47729675.396	1.0
2730.75	60.542	850.0	40.388	10.351	298460.079	0.0	0.0	48028135.475	1.0
2731.75	60.298	850.0	39.944	10.236	280956.304	0.0	0.0	48309091.779	1.0
2732.75	60.053	850.0	39.543	10.131	264150.989	0.0	0.0	48573242.768	1.0
2733.75	59.806	850.0	39.181	10.037	248064.968	0.0	0.0	48821307.736	1.0
2734.75	59.557	850.0	38.858	9.953	232713.588	0.0	0.0	49054021.324	1.0
2735.75	59.307	850.0	38.572	9.879	218098.682	0.0	0.0	49272120.006	1.0
2736.75	59.056	850.0	38.32	9.813	204217.533	0.0	0.0	49476337.54	1.0
2737.75	58.803	850.0	38.101	9.756	191061.672	0.0	0.0	49667399.212	1.0
2738.75	58.549	850.0	37.913	9.707	178619.006	0.0	0.0	49846018.218	1.0
2739.75	58.293	850.0	37.754	9.666	166873.075	0.0	0.0	50012891.293	1.0
2740.75	58.036	850.0	37.623	9.632	155804.636	0.0	0.0	50168695.929	1.0
2741.75	57.778	850.0	37.518	9.605	145391.732	0.0	0.0	50314087.661	1.0
2742.75	57.519	850.0	37.438	9.584	135610.155	0.0	0.0	50449697.816	1.0
2743.75	57.258	850.0	37.38	9.569	126434.574	0.0	0.0	50576132.39	1.0
2744.75	56.996	850.0	37.344	9.56	117838.049	0.0	0.0	50693970.439	1.0
2745.75	56.733	850.0	37.328	9.556	109793.433	0.0	0.0	50803763.872	1.0
2746.75	56.469	849.974	37.328	9.556	102273.09	0.0	0.0	50906036.962	1.0
2747.75	56.203	849.782	37.328	9.556	95248.641	0.0	0.0	51001285.603	1.0
2748.75	55.936	849.437	37.328	9.556	88689.801	0.0	0.0	51089975.404	1.0
2749.75	55.669	848.951	37.328	9.556	82567.293	0.0	0.0	51172542.698	1.0
2750.75	55.4	848.336	37.328	9.556	76853.498	0.0	0.0	51249396.195	1.0
2751.75	55.13	847.6	37.328	9.556	71522.67	0.0	0.0	51320918.865	1.0
2752.75	54.858	846.753	37.328	9.556	66550.446	0.0	0.0	51387469.312	1.0
2753.75	54.586	845.805	37.328	9.556	61913.804	0.0	0.0	51449383.116	1.0
2754.75	54.313	844.764	37.328	9.556	57591.193	0.0	0.0	51506974.309	1.0
2755.75	54.038	843.636	37.328	9.556	53562.321	0.0	0.0	51560536.63	1.0
2756.75	53.763	842.429	37.328	9.556	49808.12	0.0	0.0	51610344.751	1.0
2757.75	53.486	841.15	37.328	9.556	46310.328	0.0	0.0	51656655.079	1.0
2758.75	53.209	839.804	37.328	9.556	43051.216	0.0	0.0	51699706.295	1.0
2759.75	52.931	838.397	37.328	9.556	40015.297	0.0	0.0	51739721.591	1.0
2760.75	52.651	836.935	37.328	9.556	37188.103	0.0	0.0	51776909.695	1.0
2761.75	52.371	835.421	37.328	9.556	34556.019	0.0	0.0	51811465.714	1.0
2762.75	52.09	833.861	37.328	9.556	32106.255	0.0	0.0	51843571.969	1.0
2763.75	51.809	832.259	37.328	9.556	29826.851	0.0	0.0	51873398.82	1.0
2764.75	51.526	830.62	37.328	9.556	27706.54	0.0	0.0	51901105.36	1.0
2765.75	51.243	828.95	37.328	9.556	25751.606	0.0	0.0	51926856.966	1.0
2766.75	50.959	827.254	37.328	9.556	23946.427	0.0	0.0	51950803.393	1.0
2767.75	50.674	825.534	37.328	9.556	22261.355	0.0	0.0	51973064.748	1.0
2768.75	50.389	823.794	37.328	9.556	20689.096	0.0	0.0	51993753.845	1.0
2769.75	50.104	822.035	37.328	9.556	19222.761	0.0	0.0	52012976.605	1.0
2770.75	49.817	820.26	37.328	9.556	17854.984	0.0	0.0	52030831.589	1.0
2771.75	49.531	818.472	37.328	9.556	16581.449	0.0	0.0	52047413.038	1.0
2772.75	49.244	816.673	37.328	9.556	15395.474	0.0	0.0	52062808.512	1.0
2773.75	48.957	814.864	37.328	9.556	14291.63	0.0	0.0	52077100.142	1.0
2774.75	48.669	813.048	37.328	9.556	13264.77	0.0	0.0	52090364.912	1.0
2775.75	48.382	811.226	37.328	9.556	12310.024	0.0	0.0	52102674.936	1.0
2776.75	48.094	809.401	37.328	9.556	11422.786	0.0	0.0	52114097.721	1.0
2777.75	47.806	807.572	37.328	9.556	10598.697	0.0	0.0	52124696.419	1.0
2778.75	47.518	805.743	37.328	9.556	9833.641	0.0	0.0	52134530.06	1.0
2779.75	47.23	803.913	37.328	9.556	9127.495	0.0	0.0	52143657.554	1.0
2780.75	46.942	802.085	37.328	9.556	8479.536	0.0	0.0	52152137.09	1.0
2781.75	46.654	800.259	37.328	9.556	7876.038	0.0	0.0	52160013.128	1.0
2782.75	46.367	798.436	37.328	9.556	7314.31	0.0	0.0	52167327.438	1.0
2783.75	46.079	796.617	37.328	9.556	6791.788	0.0	0.0	52174119.225	1.0
2784.75	45.792	794.802	37.328	9.556	6306.023	0.0	0.0	52180425.248	1.0
2785.75	45.506	792.993	37.328	9.556	5854.696	0.0	0.0	52186279.945	1.0
2786.75	45.22	791.189	37.328	9.556	5435.609	0.0	0.0	52191715.553	1.0
2787.75	44.935	789.393	37.328	9.556	5046.674	0.0	0.0	52196762.227	1.0
2788.75	44.65	787.603	37.328	9.556	4685.908	0.0	0.0	52201448.135	1.0
2789.75	44.366	785.821	37.328	9.556	4351.417	0.0	0.0	52205799.552	1.0
2790.75	44.082	784.047	37.328	9.556	4041.418	0.0	0.0	52209840.97	1.0
2791.75	43.8	782.282	37.328	9.556	3754.222	0.0	0.0	52213595.193	1.0
2792.75	43.518	780.525	37.328	9.556	3488.248	0.0	0.0	52217083.44	1.0
2793.75	43.238	778.778	37.328	9.556	3242.01	0.0	0.0	52220325.451	1.0
2794.75	42.958	777.04	37.328	9.556	3014.116	0.0	0.0	52223339.566	1.0
2795.75	42.68	775.312	37.328	9.556	2803.263	0.0	0.0	52226142.829	1.0
2796.75	42.402	773.593	37.328	9.556	2608.224	0.0	0.0	52228751.054	1.0
2797.75	42.126	771.885	37.328	9.556	2427.852	0.0	0.0	52231178.906	1.0
2798.75	41.851	770.188	37.328	9.556	2261.076	0.0	0.0	52233439.982	1.0
2799.75	41.578	768.502	37.328	9.556	2106.896	0.0	0.0	52235546.878	1.0
2800.75	41.306	766.827	37.328	9.556	1964.378	0.0	0.0	52237511.256	1.0
2801.75	41.035	765.165	37.328	9.556	1832.648	0.0	0.0	52239343.904	1.0
2802.75	40.765	763.514	37.328	9.556	1710.893	0.0	0.0	52241054.797	1.0
2803.75	40.498	761.874	37.328	9.556	1598.36	0.0	0.0	52242653.158	1.0
2804.75	40.232	760.246	37.328	9.556	1494.342	0.0	0.0	52244147.5	1.0
2805.75	39.967	758.631	37.328	9.556	1398.184	0.0	0.0	52245545.684	1.0
2806.75	39.704	757.026	37.328	9.556	1309.283	0.0	0.0	52246854.966	1.0
2807.75	39.443	755.434	37.328	9.556	1227.072	0.0	0.0	52248082.039	1.0
2808.75	39.184	753.853	37.328	9.556	1151.033	0.0	0.0	52249233.072	1.0
2809.75	38.927	752.283	37.328	9.556	1080.682	0.0	0.0	52250313.755	1.0
2810.75	38.671	750.727	37.328	9.556	1015.57	0.0	0.0	52251329.324	1.0
2811.75	38.418	749.187	37.328	9.556	955.284	0.0	0.0	52252284.608	1.0
2812.75	38.166	747.661	37.328	9.556	899.437	0.0	0.0	52253184.045	1.0
2813.75	37.917	746.15	37.328	9.556	847.678	0.0	0.0	52254031.723	1.0
2814.75	37.669	744.653	37.328	9.556	799.675	0.0	0.0	52254831.398	1.0
2814.809	37.655	744.566	37.328	9.556	791.565	0.0	0.0	52254878.1	1.0
2814.868	37.64	744.478	37.328	9.556	788.874	0.0	0.0	52254924.747	1.0
2814.925	37.626	744.394	37.328	9.556	786.293	0.0	0.0	52254969.267	1.0
2814.939	37.623	744.373	37.328	9.556	785.411	0.0	0.0	52254980.444	1.0
2814.947	37.621	744.362	37.328	9.556	392.603	0.0	0.0	52254983.532	1.0
2814.956	37.618	744.348	37.328	9.556	392.662	0.0	0.0	52254987.102	1.0
2814.973	37.614	744.323	37.328	9.556	392.724	0.0	0.0	52254993.754	1.0
2814.998	37.608	744.286	37.328	9.556	392.744	0.0	0.0	52255003.472	1.0
2815.037	37.598	744.227	37.328	9.556	393.017	0.0	0.0	52255019.141	1.0
2815.07	37.59	744.178	37.328	9.556	393.258	0.0	0.0	52255032.02	1.0
2815.081	37.588	744.161	37.328	9.556	393.357	0.0	0.0	52255036.428	1.0
2815.087	37.586	744.154	37.328	9.556	393.384	0.0	0.0	52255038.43	1.0
2815.096	37.584	744.14	37.328	9.556	393.402	0.0	0.0	52255042.193	1.0
2815.114	37.58	744.114	37.328	9.556	393.52	0.0	0.0	52255049.08	1.0
2815.14	37.573	744.075	37.328	9.556	393.618	0.0	0.0	52255059.37	1.0
2815.174	37.565	744.023	37.328	9.556	393.623	0.0	0.0	52255073.011	1.0
2815.224	37.552	743.949	37.328	9.556	393.964	0.0	0.0	52255092.618	1.0
2815.277	37.539	743.872	37.328	9.556	394.334	0.0	0.0	52255113.297	1.0
2815.301	37.533	743.835	37.328	9.556	394.533	0.0	0.0	52255122.989	1.0
2815.395	37.51	743.696	37.328	9.556	394.84	0.0	0.0	52255159.945	1.0
2815.488	37.487	743.558	37.328	9.556	394.652	0.0	0.0	52255196.884	1.0
2815.91	37.382	742.935	37.328	9.556	397.297	0.0	0.0	52255364.221	1.0
2816.11	37.333	742.64	37.328	9.556	398.851	0.0	0.0	52255443.991	1.0
2816.164	37.319	742.56	37.328	9.556	399.34	0.0	0.0	52255465.6	1.0
2816.198	37.311	742.51	37.328	9.556	399.587	0.0	0.0	52255479.262	1.0
2816.229	37.303	742.465	37.328	9.556	399.797	0.0	0.0	52255491.624	1.0
2816.238	37.301	742.452	37.328	9.556	399.846	0.0	0.0	52255495.158	1.0
2816.252	37.297	742.43	37.328	9.556	399.855	0.0	0.0	52255501.029	1.0
2816.318	37.28	742.333	37.328	9.556	400.254	0.0	0.0	52255527.477	1.0
2816.34	37.275	742.301	37.328	9.556	400.438	0.0	0.0	52255536.3	1.0
2816.35	37.272	742.287	37.328	9.556	400.512	0.0	0.0	52255540.163	1.0
2816.354	37.272	742.281	37.328	9.556	400.458	0.0	0.0	52255541.572	1.0
2816.357	37.271	742.276	37.328	9.556	400.541	0.0	0.0	52255542.981	1.0
2816.373	37.267	742.253	37.328	9.556	400.636	0.0	0.0	52255549.324	1.0
2816.378	37.265	742.245	37.328	9.556	400.669	0.0	0.0	52255551.425	1.0
2816.383	37.264	742.238	37.328	9.556	400.699	0.0	0.0	52255553.526	1.0
2816.389	37.263	742.23	37.328	9.556	400.733	0.0	0.0	52255555.628	1.0
2816.412	37.257	742.195	37.328	9.556	400.796	0.0	0.0	52255565.086	1.0
2816.444	37.249	742.149	37.328	9.556	400.773	0.0	0.0	52255577.784	1.0
2816.587	37.213	741.94	37.328	9.556	401.621	0.0	0.0	52255635.043	1.0
2816.715	37.181	741.752	37.328	9.556	402.469	0.0	0.0	52255686.685	1.0
2816.755	37.171	741.694	37.328	9.556	402.8	0.0	0.0	52255702.792	1.0
2816.786	37.163	741.648	37.328	9.556	403.011	0.0	0.0	52255715.539	1.0
2816.797	37.16	741.632	37.328	9.556	403.096	0.0	0.0	52255719.814	1.0
2816.802	37.159	741.625	37.328	9.556	403.122	0.0	0.0	52255721.743	1.0
2816.807	37.158	741.618	37.328	9.556	403.148	0.0	0.0	52255723.673	1.0
2816.811	37.157	741.611	37.328	9.556	403.178	0.0	0.0	52255725.602	1.0
2816.824	37.153	741.592	37.328	9.556	403.255	0.0	0.0	52255730.866	1.0
2816.831	37.152	741.582	37.328	9.556	403.281	0.0	0.0	52255733.587	1.0
2816.843	37.149	741.565	37.328	9.556	403.286	0.0	0.0	52255738.347	1.0
2816.896	37.135	741.488	37.328	9.556	403.593	0.0	0.0	52255759.784	1.0
2816.95	37.122	741.409	37.328	9.556	403.935	0.0	0.0	52255781.455	1.0
2816.974	37.116	741.374	37.328	9.556	404.111	0.0	0.0	52255791.143	1.0
2816.988	37.112	741.354	37.328	9.556	404.207	0.0	0.0	52255796.756	1.0
2816.999	37.109	741.338	37.328	9.556	404.241	0.0	0.0	52255801.16	1.0
2817.016	37.105	741.313	37.328	9.556	404.238	0.0	0.0	52255808.121	1.0
2817.093	37.085	741.2	37.328	9.556	404.68	0.0	0.0	52255839.477	1.0
2817.176	37.064	741.08	37.328	9.556	405.195	0.0	0.0	52255873.054	1.0
2817.263	37.043	740.954	37.328	9.556	405.731	0.0	0.0	52255908.165	1.0
2817.341	37.023	740.841	37.328	9.556	406.219	0.0	0.0	52255939.803	1.0
2817.384	37.012	740.778	37.328	9.556	406.513	0.0	0.0	52255957.51	1.0
2817.416	37.004	740.731	37.328	9.556	406.717	0.0	0.0	52255970.445	1.0
2817.426	37.001	740.716	37.328	9.556	406.797	0.0	0.0	52255974.696	1.0
2817.436	36.999	740.702	37.328	9.556	406.822	0.0	0.0	52255978.567	1.0
2817.451	36.995	740.68	37.328	9.556	406.816	0.0	0.0	52255984.842	1.0
2817.521	36.977	740.579	37.328	9.556	407.197	0.0	0.0	52256013.106	1.0
2817.833	36.898	740.127	37.328	9.556	408.883	0.0	0.0	52256140.822	1.0
2818.833	36.641	738.682	37.328	9.556	414.011	0.0	0.0	52256554.832	1.0
2819.833	36.382	737.252	37.328	9.556	418.978	0.0	0.0	52256973.811	1.0
2820.833	36.121	735.836	37.328	9.556	423.203	0.0	0.0	52257397.013	1.0
2821.833	35.859	734.434	37.328	9.556	426.614	0.0	0.0	52257823.627	1.0
2822.833	35.594	733.045	37.328	9.556	429.154	0.0	0.0	52258252.781	1.0
2823.833	35.329	731.67	37.328	9.556	430.769	0.0	0.0	52258683.55	1.0
2824.833	35.062	730.318	37.328	9.556	431.418	0.0	0.0	52259114.968	1.0
2825.833	34.795	728.989	37.328	9.556	431.074	0.0	0.0	52259546.042	1.0
2826.833	34.528	727.681	37.328	9.556	429.717	0.0	0.0	52259975.759	1.0
2827.833	34.261	726.394	37.328	9.556	427.343	0.0	0.0	52260403.101	1.0
2828.833	33.995	725.127	37.328	9.556	423.962	0.0	0.0	52260827.063	1.0
2829.833	33.729	723.879	37.328	9.556	419.595	0.0	0.0	52261246.658	1.0
2830.833	33.464	722.65	37.328	9.556	414.276	0.0	0.0	52261660.934	1.0
2831.833	33.201	721.439	37.328	9.556	408.054	0.0	0.0	52262068.988	1.0
2832.833	32.939	720.245	37.328	9.556	400.983	0.0	0.0	52262469.971	1.0
2833.833	32.68	719.068	37.328	9.556	393.132	0.0	0.0	52262863.102	1.0
2834.833	32.422	717.908	37.328	9.556	384.574	0.0	0.0	52263247.677	1.0
2835.833	32.167	716.763	37.328	9.556	375.39	0.0	0.0	52263623.066	1.0
2836.833	31.914	715.633	37.328	9.556	365.394	0.0	0.0	52263988.46	1.0
2837.833	31.664	714.519	37.328	9.556	355.002	0.0	0.0	52264343.463	1.0
2838.833	31.417	713.419	37.328	9.556	344.352	0.0	0.0	52264687.815	1.0
2839.833	31.173	712.332	37.328	9.556	333.521	0.0	0.0	52265021.336	1.0
2840.833	30.931	711.256	37.328	9.556	322.583	0.0	0.0	52265343.919	1.0
2841.833	30.693	710.185	37.328	9.556	311.607	0.0	0.0	52265655.526	1.0
2842.833	30.459	709.121	37.328	9.556	300.658	0.0	0.0	52265956.183	1.0
2843.833	30.227	708.063	37.328	9.556	289.793	0.0	0.0	52266245.976	1.0
2844.833	29.999	707.012	37.328	9.556	279.066	0.0	0.0	52266525.042	1.0
2845.833	29.775	705.966	37.328	9.556	268.521	0.0	0.0	52266793.563	1.0
2846.833	29.554	704.927	37.328	9.556	258.198	0.0	0.0	52267051.761	1.0
2847.833	29.336	703.894	37.328	9.556	248.13	0.0	0.0	52267299.891	1.0
2848.833	29.122	702.866	37.328	9.556	238.344	0.0	0.0	52267538.235	1.0
2849.833	28.911	701.845	37.328	9.556	228.862	0.0	0.0	52267767.097	1.0
2850.833	28.703	700.829	37.328	9.556	219.699	0.0	0.0	52267986.796	1.0
2851.833	28.499	699.82	37.328	9.556	210.868	0.0	0.0	52268197.664	1.0
2852.833	28.298	698.816	37.328	9.556	202.375	0.0	0.0	52268400.039	1.0
2853.833	28.101	697.817	37.328	9.556	194.225	0.0	0.0	52268594.264	1.0
2854.833	27.906	696.825	37.328	9.556	186.417	0.0	0.0	52268780.682	1.0
2855.833	27.715	695.838	37.328	9.556	178.949	0.0	0.0	52268959.631	1.0
2856.833	27.527	694.856	37.328	9.556	171.816	0.0	0.0	52269131.447	1.0
2857.833	27.342	693.88	37.328	9.556	165.011	0.0	0.0	52269296.458	1.0
2858.833	27.16	692.91	37.328	9.556	158.526	0.0	0.0	52269454.984	1.0
2859.833	26.981	691.945	37.328	9.556	152.351	0.0	0.0	52269607.334	1.0
2860.833	26.805	690.984	37.328	9.556	146.475	0.0	0.0	52269753.809	1.0
2861.833	26.632	690.027	37.328	9.556	140.887	0.0	0.0	52269894.696	1.0
2862.833	26.461	689.075	37.328	9.556	135.575	0.0	0.0	52270030.271	1.0
2863.833	26.293	688.127	37.328	9.556	130.528	0.0	0.0	52270160.799	1.0
2864.833	26.127	687.183	37.328	9.556	125.733	0.0	0.0	52270286.532	1.0
2865.833	25.964	686.243	37.328	9.556	121.178	0.0	0.0	52270407.71	1.0
2866.833	25.804	685.308	37.328	9.556	116.851	0.0	0.0	52270524.561	1.0
2867.833	25.646	684.376	37.328	9.556	112.74	0.0	0.0	52270637.301	1.0
2868.833	25.49	683.449	37.328	9.556	108.835	0.0	0.0	52270746.136	1.0
2869.833	25.336	682.526	37.328	9.556	105.124	0.0	0.0	52270851.259	1.0
2870.833	25.185	681.607	37.328	9.556	101.596	0.0	0.0	52270952.855	1.0
2871.833	25.036	680.692	37.328	9.556	98.241	0.0	0.0	52271051.096	1.0
2872.833	24.888	679.781	37.328	9.556	95.05	0.0	0.0	52271146.146	1.0
2873.833	24.743	678.874	37.328	9.556	92.013	0.0	0.0	52271238.159	1.0
2874.833	24.6	677.971	37.328	9.556	89.122	0.0	0.0	52271327.281	1.0
2875.833	24.459	677.071	37.328	9.556	86.368	0.0	0.0	52271413.648	1.0
2876.833	24.319	676.176	37.328	9.556	83.743	0.0	0.0	52271497.391	1.0
2877.833	24.181	675.285	37.328	9.556	81.239	0.0	0.0	52271578.63	1.0
2878.833	24.045	674.397	37.328	9.556	78.851	0.0	0.0	52271657.481	1.0
2879.833	23.911	673.513	37.328	9.556	76.57	0.0	0.0	52271734.051	1.0
2880.833	23.778	672.633	37.328	9.556	74.392	0.0	0.0	52271808.443	1.0
2881.833	23.647	671.757	37.328	9.556	72.309	0.0	0.0	52271880.752	1.0
2882.833	23.518	670.884	37.328	9.556	70.318	0.0	0.0	52271951.07	1.0
2883.833	23.39	670.015	37.328	9.556	68.411	0.0	0.0	52272019.481	1.0
2884.833	23.264	669.149	37.328	9.556	66.586	0.0	0.0	52272086.067	1.0
2885.833	23.139	668.286	37.328	9.556	64.836	0.0	0.0	52272150.903	1.0
2886.833	23.015	667.427	37.328	9.556	63.158	0.0	0.0	52272214.061	1.0
2887.833	22.893	666.571	37.328	9.556	61.549	0.0	0.0	52272275.61	1.0
2888.833	22.772	665.719	37.328	9.556	60.003	0.0	0.0	52272335.613	1.0
2889.833	22.652	664.87	37.328	9.556	58.519	0.0	0.0	52272394.132	1.0
2890.833	22.534	664.024	37.328	9.556	57.091	0.0	0.0	52272451.223	1.0
2891.833	22.417	663.181	37.328	9.556	55.719	0.0	0.0	52272506.942	1.0
2892.833	22.301	662.342	37.328	9.556	54.398	0.0	0.0	52272561.34	1.0
2893.833	22.186	661.506	37.328	9.556	53.126	0.0	0.0	52272614.466	1.0
2894.833	22.073	660.673	37.328	9.556	51.9	0.0	0.0	52272666.366	1.0
2895.833	21.96	659.843	37.328	9.556	50.719	0.0	0.0	52272717.085	1.0
2896.833	21.849	659.017	37.328	9.556	49.579	0.0	0.0	52272766.664	1.0
2897.833	21.739	658.193	37.328	9.556	48.48	0.0	0.0	52272815.144	1.0
2898.833	21.63	657.373	37.328	9.556	47.418	0.0	0.0	52272862.562	1.0
2899.833	21.522	656.556	37.328	9.556	46.392	0.0	0.0	52272908.954	1.0
2900.833	21.414	655.742	37.328	9.556	45.401	0.0	0.0	52272954.355	1.0
2901.833	21.308	654.931	37.328	9.556	44.443	0.0	0.0	52272998.798	1.0
2902.833	21.203	654.124	37.328	9.556	43.515	0.0	0.0	52273042.314	1.0
2903.833	21.099	653.319	37.328	9.556	42.618	0.0	0.0	52273084.932	1.0
2904.833	20.996	652.517	37.328	9.556	41.749	0.0	0.0	52273126.681	1.0
2905.833	20.893	651.718	37.328	9.556	40.907	0.0	0.0	52273167.588	1.0
2906.833	20.792	650.922	37.328	9.556	40.092	0.0	0.0	52273207.68	1.0
2907.833	20.691	650.129	37.328	9.556	39.301	0.0	0.0	52273246.981	1.0
2908.833	20.591	649.339	37.328	9.556	38.534	0.0	0.0	52273285.515	1.0
2909.833	20.493	648.552	37.328	9.556	37.79	0.0	0.0	52273323.305	1.0
2910.833	20.394	647.767	37.328	9.556	37.068	0.0	0.0	52273360.373	1.0
2911.833	20.297	646.985	37.328	9.556	36.367	0.0	0.0	52273396.74	1.0
2912.833	20.201	646.206	37.328	9.556	35.685	0.0	0.0	52273432.425	1.0
2913.833	20.105	645.43	37.328	9.556	35.024	0.0	0.0	52273467.449	1.0
2914.833	20.01	644.657	37.328	9.556	34.378	0.0	0.0	52273501.826	1.0
2915.833	19.916	643.886	37.328	9.556	33.75	0.0	0.0	52273535.576	1.0
2916.833	19.822	643.118	37.328	9.556	33.142	0.0	0.0	52273568.718	1.0
2917.833	19.73	642.353	37.328	9.556	32.555	0.0	0.0	52273601.273	1.0
2918.833	19.638	641.591	37.328	9.556	31.985	0.0	0.0	52273633.258	1.0
2919.833	19.546	640.831	37.328	9.556	31.433	0.0	0.0	52273664.691	1.0
2920.833	19.455	640.074	37.328	9.556	30.896	0.0	0.0	52273695.587	1.0
2921.833	19.365	639.319	37.328	9.556	30.375	0.0	0.0	52273725.963	1.0
2922.833	19.276	638.567	37.328	9.556	29.869	0.0	0.0	52273755.832	1.0
2923.833	19.187	637.818	37.328	9.556	29.376	0.0	0.0	52273785.208	1.0
2924.833	19.099	637.071	37.328	9.556	28.896	0.0	0.0	52273814.103	1.0
2925.833	19.012	636.327	37.328	9.556	28.428	0.0	0.0	52273842.532	1.0
2926.833	18.925	635.586	37.328	9.556	27.973	0.0	0.0	52273870.505	1.0
2927.833	18.838	634.847	37.328	9.556	27.529	0.0	0.0	52273898.033	1.0
2928.833	18.752	634.111	37.328	9.556	27.096	0.0	0.0	52273925.129	1.0
2929.833	18.667	633.377	37.328	9.556	26.673	0.0	0.0	52273951.802	1.0
2930.833	18.583	632.646	37.328	9.556	26.26	0.0	0.0	52273978.062	1.0
2931.833	18.499	631.917	37.328	9.556	25.858	0.0	0.0	52274003.92	1.0
2932.833	18.415	631.191	37.328	9.556	25.464	0.0	0.0	52274029.384	1.0
2933.833	18.332	630.467	37.328	9.556	25.08	0.0	0.0	52274054.465	1.0
2934.833	18.25	629.746	37.328	9.556	24.705	0.0	0.0	52274079.169	1.0
2935.833	18.168	629.027	37.328	9.556	24.338	0.0	0.0	52274103.508	1.0
2936.833	18.086	628.311	37.328	9.556	23.979	0.0	0.0	52274127.487	1.0
2937.833	18.005	627.597	37.328	9.556	23.629	0.0	0.0	52274151.116	1.0
2938.833	17.925	626.886	37.328	9.556	23.286	0.0	0.0	52274174.402	1.0
2939.833	17.845	626.177	37.328	9.556	22.95	0.0	0.0	52274197.352	1.0
2940.833	17.766	625.47	37.328	9.556	22.622	0.0	0.0	52274219.974	1.0
2941.833	17.687	624.766	37.328	9.556	22.301	0.0	0.0	52274242.275	1.0
2942.833	17.608	624.064	37.328	9.556	21.987	0.0	0.0	52274264.262	1.0
2943.833	17.53	623.364	37.328	9.556	21.679	0.0	0.0	52274285.941	1.0
2944.833	17.453	622.667	37.328	9.556	21.378	0.0	0.0	52274307.319	1.0
2945.833	17.375	621.972	37.328	9.556	21.083	0.0	0.0	52274328.402	1.0
2946.833	17.299	621.279	37.328	9.556	20.794	0.0	0.0	52274349.195	1.0
2947.833	17.223	620.589	37.328	9.556	20.511	0.0	0.0	52274369.706	1.0
2948.833	17.147	619.901	37.328	9.556	20.233	0.0	0.0	52274389.939	1.0
2949.833	17.071	619.215	37.328	9.556	19.962	0.0	0.0	52274409.901	1.0
2950.833	16.996	618.532	37.328	9.556	19.695	0.0	0.0	52274429.596	1.0
2951.833	16.922	617.851	37.328	9.556	19.434	0.0	0.0	52274449.03	1.0
2952.833	16.848	617.172	37.328	9.556	19.178	0.0	0.0	52274468.208	1.0
2953.833	16.774	616.495	37.328	9.556	18.927	0.0	0.0	52274487.135	1.0
2954.833	16.701	615.82	37.328	9.556	18.681	0.0	0.0	52274505.816	1.0
2955.833	16.628	615.148	37.328	9.556	18.44	0.0	0.0	52274524.256	1.0
2956.833	16.555	614.478	37.328	9.556	18.203	0.0	0.0	52274542.459	1.0
2957.833	16.483	613.81	37.328	9.556	17.971	0.0	0.0	52274560.43	1.0
2958.833	16.412	613.144	37.328	9.556	17.743	0.0	0.0	52274578.172	1.0
2959.833	16.34	612.481	37.328	9.556	17.519	0.0	0.0	52274595.691	1.0
2960.833	16.269	611.819	37.328	9.556	17.3	0.0	0.0	52274612.991	1.0
2961.833	16.199	611.16	37.328	9.556	17.084	0.0	0.0	52274630.075	1.0
2962.833	16.129	610.502	37.328	9.556	16.873	0.0	0.0	52274646.947	1.0
2963.833	16.059	609.847	37.328	9.556	16.665	0.0	0.0	52274663.612	1.0
2964.833	15.989	609.194	37.328	9.556	16.461	0.0	0.0	52274680.073	1.0
2965.833	15.92	608.543	37.328	9.556	16.261	0.0	0.0	52274696.334	1.0
2966.833	15.851	607.894	37.328	9.556	16.064	0.0	0.0	52274712.398	1.0
2967.833	15.783	607.247	37.328	9.556	15.871	0.0	0.0	52274728.269	1.0
2968.833	15.715	606.602	37.328	9.556	15.681	0.0	0.0	52274743.95	1.0
2969.833	15.647	605.959	37.328	9.556	15.495	0.0	0.0	52274759.445	1.0
2970.833	15.58	605.318	37.328	9.556	15.312	0.0	0.0	52274774.756	1.0
2971.833	15.512	604.679	37.328	9.556	15.132	0.0	0.0	52274789.888	1.0
2972.833	15.446	604.041	37.328	9.556	14.955	0.0	0.0	52274804.843	1.0
2973.833	15.379	603.406	37.328	9.556	14.781	0.0	0.0	52274819.623	1.0
2974.833	15.313	602.773	37.328	9.556	14.61	0.0	0.0	52274834.233	1.0
2975.833	15.247	602.142	37.328	9.556	14.442	0.0	0.0	52274848.675	1.0
2976.833	15.182	601.513	37.328	9.556	14.277	0.0	0.0	52274862.952	1.0
2977.833	15.117	600.886	37.328	9.556	14.114	0.0	0.0	52274877.066	1.0
2978.833	15.052	600.26	37.328	9.556	13.954	0.0	0.0	52274891.02	1.0
2979.833	14.987	599.637	37.328	9.556	13.797	0.0	0.0	52274904.817	1.0
2980.833	14.923	599.015	37.328	9.556	13.643	0.0	0.0	52274918.46	1.0
2981.833	14.859	598.396	37.328	9.556	13.491	0.0	0.0	52274931.951	1.0
2982.833	14.796	597.778	37.328	9.556	13.341	0.0	0.0	52274945.292	1.0
2983.833	14.732	597.162	37.328	9.556	13.194	0.0	0.0	52274958.486	1.0
2984.833	14.669	596.548	37.328	9.556	13.049	0.0	0.0	52274971.536	1.0
2985.833	14.607	595.936	37.328	9.556	12.907	0.0	0.0	52274984.443	1.0
2986.833	14.544	595.325	37.328	9.556	12.767	0.0	0.0	52274997.21	1.0
2987.833	14.482	594.717	37.328	9.556	12.629	0.0	0.0	52275009.838	1.0
2988.833	14.42	594.11	37.328	9.556	12.493	0.0	0.0	52275022.331	1.0
2989.833	14.359	593.505	37.328	9.556	12.359	0.0	0.0	52275034.69	1.0
2990.833	14.297	592.902	37.328	9.556	12.228	0.0	0.0	52275046.918	1.0
2991.833	14.236	592.301	37.328	9.556	12.098	0.0	0.0	52275059.016	1.0
2992.833	14.175	591.702	37.328	9.556	11.97	0.0	0.0	52275070.986	1.0
2993.833	14.115	591.104	37.328	9.556	11.845	0.0	0.0	52275082.831	1.0
2994.833	14.055	590.508	37.328	9.556	11.721	0.0	0.0	52275094.552	1.0
2995.833	13.995	589.915	37.328	9.556	11.599	0.0	0.0	52275106.151	1.0
2996.833	13.935	589.323	37.328	9.556	11.479	0.0	0.0	52275117.63	1.0
2997.833	13.876	588.732	37.328	9.556	11.361	0.0	0.0	52275128.991	1.0
2998.833	13.816	588.144	37.328	9.556	11.244	0.0	0.0	52275140.235	1.0
2999.833	13.758	587.557	37.328	9.556	11.13	0.0	0.0	52275151.364	1.0
3000.833	13.699	586.973	37.328	9.556	11.016	0.0	0.0	52275162.381	1.0
3001.833	13.64	586.39	37.328	9.556	10.905	0.0	0.0	52275173.286	1.0
3002.833	13.582	585.808	37.328	9.556	10.795	0.0	0.0	52275184.081	1.0
3003.833	13.524	585.229	37.328	9.556	10.687	0.0	0.0	52275194.768	1.0
3004.833	13.467	584.651	37.328	9.556	10.581	0.0	0.0	52275205.349	1.0
3005.833	13.409	584.075	37.328	9.556	10.475	0.0	0.0	52275215.824	1.0
3006.833	13.352	583.501	37.328	9.556	10.372	0.0	0.0	52275226.196	1.0
3007.833	13.295	582.928	37.328	9.556	10.27	0.0	0.0	52275236.466	1.0
3008.833	13.239	582.357	37.328	9.556	10.169	0.0	0.0	52275246.635	1.0
3009.833	13.182	581.788	37.328	9.556	10.07	0.0	0.0	52275256.705	1.0
3010.833	13.126	581.221	37.328	9.556	9.972	0.0	0.0	52275266.678	1.0
3011.833	13.07	580.655	37.328	9.556	9.876	0.0	0.0	52275276.554	1.0
3012.833	13.014	580.091	37.328	9.556	9.781	0.0	0.0	52275286.334	1.0
3013.833	12.959	579.528	37.328	9.556	9.687	0.0	0.0	52275296.022	1.0
3014.833	12.903	578.968	37.328	9.556	9.595	0.0	0.0	52275305.616	1.0
3015.833	12.848	578.409	37.328	9.556	9.504	0.0	0.0	52275315.12	1.0
3016.833	12.794	577.851	37.328	9.556	9.414	0.0	0.0	52275324.533	1.0
3017.833	12.739	577.295	37.328	9.556	9.325	0.0	0.0	52275333.858	1.0
3018.833	12.685	576.741	37.328	9.556	9.238	0.0	0.0	52275343.096	1.0
3019.833	12.63	576.189	37.328	9.556	9.151	0.0	0.0	52275352.247	1.0
3020.833	12.577	575.638	37.328	9.556	9.066	0.0	0.0	52275361.314	1.0
3021.833	12.523	575.089	37.328	9.556	8.982	0.0	0.0	52275370.296	1.0
3022.833	12.469	574.541	37.328	9.556	8.899	0.0	0.0	52275379.195	1.0
3023.833	12.416	573.995	37.328	9.556	8.818	0.0	0.0	52275388.013	1.0
3024.833	12.363	573.45	37.328	9.556	8.737	0.0	0.0	52275396.75	1.0
3025.833	12.31	572.908	37.328	9.556	8.658	0.0	0.0	52275405.408	1.0
3026.833	12.257	572.366	37.328	9.556	8.579	0.0	0.0	52275413.987	1.0
3027.833	12.205	571.827	37.328	9.556	8.502	0.0	0.0	52275422.488	1.0
3028.833	12.153	571.29	37.328	9.556	8.425	0.0	0.0	52275430.913	1.0
3029.833	12.101	570.756	37.328	9.556	8.35	0.0	0.0	52275439.263	1.0
3030.833	12.049	570.223	37.328	9.556	8.275	0.0	0.0	52275447.538	1.0
3031.833	11.997	569.693	37.328	9.556	8.202	0.0	0.0	52275455.74	1.0
3032.833	11.946	569.164	37.328	9.556	8.129	0.0	0.0	52275463.869	1.0
3033.833	11.895	568.638	37.328	9.556	8.057	0.0	0.0	52275471.927	1.0
3034.833	11.844	568.114	37.328	9.556	7.987	0.0	0.0	52275479.913	1.0
3035.833	11.793	567.592	37.328	9.556	7.917	0.0	0.0	52275487.83	1.0
3036.833	11.742	567.071	37.328	9.556	7.848	0.0	0.0	52275495.679	1.0
3037.833	11.692	566.553	37.328	9.556	7.78	0.0	0.0	52275503.459	1.0
3038.833	11.641	566.037	37.328	9.556	7.713	0.0	0.0	52275511.171	1.0
3039.833	11.591	565.523	37.328	9.556	7.646	0.0	0.0	52275518.818	1.0
3040.833	11.541	565.011	37.328	9.556	7.581	0.0	0.0	52275526.399	1.0
3041.833	11.492	564.501	37.328	9.556	7.516	0.0	0.0	52275533.915	1.0
3042.833	11.442	563.993	37.328	9.556	7.452	0.0	0.0	52275541.367	1.0
3043.833	11.393	563.487	37.328	9.556	7.389	0.0	0.0	52275548.757	1.0
3044.833	11.344	562.983	37.328	9.556	7.327	0.0	0.0	52275556.084	1.0
3045.833	11.295	562.481	37.328	9.556	7.265	0.0	0.0	52275563.349	1.0
3046.833	11.246	561.98	37.328	9.556	7.205	0.0	0.0	52275570.553	1.0
3047.833	11.197	561.482	37.328	9.556	7.144	0.0	0.0	52275577.698	1.0
3048.833	11.149	560.985	37.328	9.556	7.085	0.0	0.0	52275584.783	1.0
3049.833	11.101	560.491	37.328	9.556	7.027	0.0	0.0	52275591.81	1.0
3050.833	11.053	559.998	37.328	9.556	6.968	0.0	0.0	52275598.778	1.0
3051.833	11.005	559.507	37.328	9.556	6.911	0.0	0.0	52275605.689	1.0
3052.833	10.957	559.018	37.328	9.556	6.854	0.0	0.0	52275612.544	1.0
3053.833	10.91	558.53	37.328	9.556	6.801	0.0	0.0	52275619.345	1.0
3054.833	10.862	558.045	37.328	9.556	6.751	0.0	0.0	52275626.096	1.0
3055.833	10.815	557.562	37.328	9.556	6.704	0.0	0.0	52275632.8	1.0
3056.833	10.768	557.08	37.328	9.556	6.659	0.0	0.0	52275639.459	1.0
3057.833	10.721	556.6	37.328	9.556	6.614	0.0	0.0	52275646.073	1.0
3058.833	10.674	556.123	37.328	9.556	6.571	0.0	0.0	52275652.644	1.0
3059.833	10.628	555.646	37.328	9.556	6.528	0.0	0.0	52275659.172	1.0
3060.833	10.581	555.172	37.328	9.556	6.486	0.0	0.0	52275665.658	1.0
3061.833	10.535	554.7	37.328	9.556	6.445	0.0	0.0	52275672.103	1.0
3062.833	10.488	554.229	37.328	9.556	6.404	0.0	0.0	52275678.507	1.0
3063.833	10.442	553.76	37.328	9.556	6.364	0.0	0.0	52275684.871	1.0
3064.833	10.396	553.293	37.328	9.556	6.324	0.0	0.0	52275691.194	1.0
3065.833	10.35	552.828	37.328	9.556	6.284	0.0	0.0	52275697.479	1.0
3066.833	10.305	552.364	37.328	9.556	6.245	0.0	0.0	52275703.724	1.0
3067.833	10.259	551.902	37.328	9.556	6.207	0.0	0.0	52275709.93	1.0
3068.833	10.214	551.443	37.328	9.556	6.168	0.0	0.0	52275716.099	1.0
3069.833	10.168	550.985	37.328	9.556	6.131	0.0	0.0	52275722.229	1.0
3070.833	10.123	550.53	37.328	9.556	6.093	0.0	0.0	52275728.322	1.0
3071.833	10.078	550.076	37.328	9.556	6.056	0.0	0.0	52275734.379	1.0
3072.833	10.033	549.624	37.328	9.556	6.02	0.0	0.0	52275740.398	1.0
3073.833	9.988	549.175	37.328	9.556	5.983	0.0	0.0	52275746.381	1.0
3074.833	9.944	548.727	37.328	9.556	5.947	0.0	0.0	52275752.329	1.0
3075.833	9.899	548.281	37.328	9.556	5.912	0.0	0.0	52275758.241	1.0
3076.833	9.855	547.837	37.328	9.556	5.877	0.0	0.0	52275764.117	1.0
3077.833	9.81	547.395	37.328	9.556	5.842	0.0	0.0	52275769.959	1.0
3078.833	9.766	546.954	37.328	9.556	5.807	0.0	0.0	52275775.766	1.0
3079.833	9.722	546.516	37.328	9.556	5.773	0.0	0.0	52275781.54	1.0
3080.833	9.678	546.079	37.328	9.556	5.739	0.0	0.0	52275787.279	1.0
3081.833	9.634	545.644	37.328	9.556	5.706	0.0	0.0	52275792.985	1.0
3082.833	9.59	545.211	37.328	9.556	5.673	0.0	0.0	52275798.658	1.0
3083.833	9.547	544.78	37.328	9.556	5.64	0.0	0.0	52275804.298	1.0
3084.833	9.503	544.35	37.328	9.556	5.608	0.0	0.0	52275809.905	1.0
3085.833	9.46	543.923	37.328	9.556	5.575	0.0	0.0	52275815.481	1.0
3086.833	9.417	543.497	37.328	9.556	5.544	0.0	0.0	52275821.024	1.0
3087.833	9.374	543.072	37.328	9.556	5.512	0.0	0.0	52275826.536	1.0
3088.833	9.331	542.65	37.328	9.556	5.481	0.0	0.0	52275832.017	1.0
3089.833	9.288	542.229	37.328	9.556	5.45	0.0	0.0	52275837.467	1.0
3090.833	9.245	541.81	37.328	9.556	5.419	0.0	0.0	52275842.886	1.0
3091.833	9.202	541.392	37.328	9.556	5.389	0.0	0.0	52275848.275	1.0
3092.833	9.16	540.977	37.328	9.556	5.359	0.0	0.0	52275853.634	1.0
3093.833	9.117	540.563	37.328	9.556	5.329	0.0	0.0	52275858.963	1.0
3094.833	9.075	540.15	37.328	9.556	5.299	0.0	0.0	52275864.262	1.0
3095.833	9.033	539.739	37.328	9.556	5.27	0.0	0.0	52275869.532	1.0
3096.833	8.991	539.33	37.328	9.556	5.241	0.0	0.0	52275874.774	1.0
3097.833	8.949	538.923	37.328	9.556	5.213	0.0	0.0	52275879.986	1.0
3098.833	8.907	538.517	37.328	9.556	5.184	0.0	0.0	52275885.17	1.0
3099.833	8.865	538.112	37.328	9.556	5.156	0.0	0.0	52275890.326	1.0
3100.833	8.824	537.71	37.328	9.556	5.128	0.0	0.0	52275895.455	1.0
3101.833	8.782	537.308	37.328	9.556	5.101	0.0	0.0	52275900.555	1.0
3102.833	8.741	536.909	37.328	9.556	5.073	0.0	0.0	52275905.628	1.0
3103.833	8.699	536.511	37.328	9.556	5.046	0.0	0.0	52275910.674	1.0
3104.833	8.658	536.114	37.328	9.556	5.019	0.0	0.0	52275915.693	1.0
3105.833	8.617	535.719	37.328	9.556	4.992	0.0	0.0	52275920.686	1.0
3106.833	8.576	535.326	37.328	9.556	4.966	0.0	0.0	52275925.652	1.0
3107.833	8.535	534.934	37.328	9.556	4.94	0.0	0.0	52275930.592	1.0
3108.833	8.494	534.543	37.328	9.556	4.914	0.0	0.0	52275935.506	1.0
3109.833	8.454	534.154	37.328	9.556	4.888	0.0	0.0	52275940.394	1.0
3110.833	8.413	533.767	37.328	9.556	4.863	0.0	0.0	52275945.257	1.0
3111.833	8.373	533.381	37.328	9.556	4.838	0.0	0.0	52275950.095	1.0
3112.833	8.332	532.996	37.328	9.556	4.813	0.0	0.0	52275954.907	1.0
3113.833	8.292	532.613	37.328	9.556	4.788	0.0	0.0	52275959.695	1.0
3114.833	8.252	532.232	37.328	9.556	4.763	0.0	0.0	52275964.458	1.0
3115.833	8.212	531.851	37.328	9.556	4.739	0.0	0.0	52275969.197	1.0
3116.833	8.172	531.472	37.328	9.556	4.715	0.0	0.0	52275973.912	1.0
3117.833	8.132	531.094	37.328	9.556	4.691	0.0	0.0	52275978.603	1.0
3118.833	8.092	530.718	37.328	9.556	4.667	0.0	0.0	52275983.27	1.0
3119.833	8.053	530.343	37.328	9.556	4.644	0.0	0.0	52275987.914	1.0
3120.833	8.013	529.969	37.328	9.556	4.62	0.0	0.0	52275992.534	1.0
3121.833	7.974	529.597	37.328	9.556	4.597	0.0	0.0	52275997.131	1.0
3122.833	7.934	529.226	37.328	9.556	4.574	0.0	0.0	52276001.705	1.0
3123.833	7.895	528.856	37.328	9.556	4.551	0.0	0.0	52276006.257	1.0
3124.833	7.856	528.487	37.328	9.556	4.529	0.0	0.0	52276010.786	1.0
3125.833	7.817	528.12	37.328	9.556	4.507	0.0	0.0	52276015.292	1.0
3126.833	7.778	527.754	37.328	9.556	4.484	0.0	0.0	52276019.777	1.0
3127.833	7.739	527.389	37.328	9.556	4.463	0.0	0.0	52276024.239	1.0
3128.833	7.7	527.026	37.328	9.556	4.441	0.0	0.0	52276028.68	1.0
3129.833	7.661	526.663	37.328	9.556	4.419	0.0	0.0	52276033.099	1.0
3130.833	7.623	526.302	37.328	9.556	4.398	0.0	0.0	52276037.497	1.0
3131.833	7.584	525.942	37.328	9.556	4.377	0.0	0.0	52276041.873	1.0
3132.833	7.546	525.584	37.328	9.556	4.355	0.0	0.0	52276046.229	1.0
3133.833	7.508	525.226	37.328	9.556	4.335	0.0	0.0	52276050.563	1.0
3134.833	7.469	524.87	37.328	9.556	4.314	0.0	0.0	52276054.877	1.0
3135.833	7.431	524.515	37.328	9.556	4.293	0.0	0.0	52276059.171	1.0
3136.833	7.393	524.161	37.328	9.556	4.273	0.0	0.0	52276063.443	1.0
3137.833	7.355	523.809	37.328	9.556	4.253	0.0	0.0	52276067.696	1.0
3138.833	7.318	523.457	37.328	9.556	4.233	0.0	0.0	52276071.929	1.0
3139.833	7.28	523.107	37.328	9.556	4.213	0.0	0.0	52276076.142	1.0
3140.833	7.242	522.758	37.328	9.556	4.193	0.0	0.0	52276080.335	1.0
3141.833	7.205	522.41	37.328	9.556	4.174	0.0	0.0	52276084.508	1.0
3142.833	7.167	522.063	37.328	9.556	4.154	0.0	0.0	52276088.662	1.0
3143.833	7.13	521.718	37.328	9.556	4.135	0.0	0.0	52276092.797	1.0
3144.833	7.092	521.373	37.328	9.556	4.116	0.0	0.0	52276096.913	1.0
3145.833	7.055	521.03	37.328	9.556	4.097	0.0	0.0	52276101.01	1.0
3146.833	7.018	520.688	37.328	9.556	4.078	0.0	0.0	52276105.088	1.0
3147.833	6.981	520.347	37.328	9.556	4.059	0.0	0.0	52276109.147	1.0
3148.833	6.944	520.007	37.328	9.556	4.041	0.0	0.0	52276113.188	1.0
3149.833	6.907	519.668	37.328	9.556	4.023	0.0	0.0	52276117.211	1.0
3150.833	6.87	519.33	37.328	9.556	4.004	0.0	0.0	52276121.215	1.0
3151.833	6.834	518.994	37.328	9.556	3.986	0.0	0.0	52276125.202	1.0
3152.833	6.797	518.658	37.328	9.556	3.968	0.0	0.0	52276129.17	1.0
3153.833	6.761	518.324	37.328	9.556	3.951	0.0	0.0	52276133.121	1.0
3154.833	6.724	517.991	37.328	9.556	3.933	0.0	0.0	52276137.054	1.0
3155.833	6.688	517.658	37.328	9.556	3.915	0.0	0.0	52276140.969	1.0
3156.833	6.652	517.327	37.328	9.556	3.898	0.0	0.0	52276144.867	1.0
3157.833	6.615	516.997	37.328	9.556	3.881	0.0	0.0	52276148.748	1.0
3158.833	6.579	516.668	37.328	9.556	3.864	0.0	0.0	52276152.612	1.0
3159.833	6.543	516.34	37.328	9.556	3.847	0.0	0.0	52276156.458	1.0
3160.833	6.507	516.013	37.328	9.556	3.83	0.0	0.0	52276160.288	1.0
3161.833	6.471	515.687	37.328	9.556	3.813	0.0	0.0	52276164.102	1.0
3162.833	6.436	515.362	37.328	9.556	3.797	0.0	0.0	52276167.898	1.0
3163.833	6.4	515.038	37.328	9.556	3.78	0.0	0.0	52276171.678	1.0
3164.833	6.364	514.716	37.328	9.556	3.764	0.0	0.0	52276175.442	1.0
3165.833	6.329	514.394	37.328	9.556	3.748	0.0	0.0	52276179.19	1.0
3166.833	6.293	514.073	37.328	9.556	3.731	0.0	0.0	52276182.921	1.0
3167.833	6.258	513.753	37.328	9.556	3.715	0.0	0.0	52276186.637	1.0
3168.833	6.223	513.435	37.328	9.556	3.7	0.0	0.0	52276190.336	1.0
3169.833	6.187	513.117	37.328	9.556	3.684	0.0	0.0	52276194.02	1.0
3170.833	6.152	512.8	37.328	9.556	3.668	0.0	0.0	52276197.688	1.0
3171.833	6.117	512.484	37.328	9.556	3.653	0.0	0.0	52276201.341	1.0
3172.833	6.082	512.169	37.328	9.556	3.637	0.0	0.0	52276204.978	1.0
3173.833	6.047	511.855	37.328	9.556	3.622	0.0	0.0	52276208.6	1.0
3174.833	6.012	511.541	37.328	9.556	3.607	0.0	0.0	52276212.207	1.0
3175.833	5.978	511.228	37.328	9.556	3.592	0.0	0.0	52276215.799	1.0
3176.833	5.943	510.916	37.328	9.556	3.577	0.0	0.0	52276219.376	1.0
3177.833	5.908	510.604	37.328	9.556	3.562	0.0	0.0	52276222.938	1.0
3178.833	5.874	510.293	37.328	9.556	3.547	0.0	0.0	52276226.485	1.0
3179.833	5.839	509.983	37.328	9.556	3.533	0.0	0.0	52276230.018	1.0
3180.833	5.805	509.673	37.328	9.556	3.518	0.0	0.0	52276233.536	1.0
3181.833	5.771	509.364	37.328	9.556	3.504	0.0	0.0	52276237.04	1.0
3182.833	5.737	509.056	37.328	9.556	3.489	0.0	0.0	52276240.529	1.0
3183.833	5.702	508.749	37.328	9.556	3.475	0.0	0.0	52276244.004	1.0
3184.833	5.668	508.442	37.328	9.556	3.461	0.0	0.0	52276247.465	1.0
3185.833	5.634	508.136	37.328	9.556	3.447	0.0	0.0	52276250.912	1.0
3186.833	5.6	507.831	37.328	9.556	3.433	0.0	0.0	52276254.345	1.0
3187.833	5.566	507.526	37.328	9.556	3.419	0.0	0.0	52276257.764	1.0
3188.833	5.533	507.222	37.328	9.556	3.406	0.0	0.0	52276261.17	1.0
3189.833	5.499	506.919	37.328	9.556	3.392	0.0	0.0	52276264.562	1.0
3190.833	5.465	506.616	37.328	9.556	3.378	0.0	0.0	52276267.94	1.0
3191.833	5.432	506.314	37.328	9.556	3.365	0.0	0.0	52276271.305	1.0
3192.833	5.398	506.013	37.328	9.556	3.352	0.0	0.0	52276274.657	1.0
3193.833	5.365	505.713	37.328	9.556	3.338	0.0	0.0	52276277.995	1.0
3194.833	5.331	505.413	37.328	9.556	3.325	0.0	0.0	52276281.32	1.0
3195.833	5.298	505.113	37.328	9.556	3.312	0.0	0.0	52276284.632	1.0
3196.833	5.265	504.815	37.328	9.556	3.299	0.0	0.0	52276287.931	1.0
3197.833	5.232	504.517	37.328	9.556	3.286	0.0	0.0	52276291.217	1.0
3198.833	5.198	504.22	37.328	9.556	3.273	0.0	0.0	52276294.491	1.0
3199.833	5.165	503.923	37.328	9.556	3.261	0.0	0.0	52276297.751	1.0
3200.833	5.132	503.627	37.328	9.556	3.248	0.0	0.0	52276300.999	1.0
3201.833	5.1	503.332	37.328	9.556	3.235	0.0	0.0	52276304.235	1.0
3202.833	5.067	503.037	37.328	9.556	3.223	0.0	0.0	52276307.458	1.0
3203.833	5.034	502.744	37.328	9.556	3.211	0.0	0.0	52276310.668	1.0
3204.833	5.001	502.45	37.328	9.556	3.198	0.0	0.0	52276313.867	1.0
3205.833	4.969	502.158	37.328	9.556	3.186	0.0	0.0	52276317.053	1.0
3206.833	4.936	501.866	37.328	9.556	3.174	0.0	0.0	52276320.227	1.0
3207.833	4.903	501.574	37.328	9.556	3.162	0.0	0.0	52276323.388	1.0
3208.833	4.871	501.284	37.328	9.556	3.15	0.0	0.0	52276326.538	1.0
3209.833	4.839	500.994	37.328	9.556	3.138	0.0	0.0	52276329.676	1.0
3210.833	4.806	500.704	37.328	9.556	3.126	0.0	0.0	52276332.802	1.0
3211.833	4.774	500.416	37.328	9.556	3.114	0.0	0.0	52276335.917	1.0
3212.833	4.742	500.127	37.328	9.556	3.103	0.0	0.0	52276339.02	1.0
3213.833	4.71	499.84	37.328	9.556	3.091	0.0	0.0	52276342.111	1.0
3214.833	4.678	499.553	37.328	9.556	3.08	0.0	0.0	52276345.19	1.0
3215.833	4.646	499.267	37.328	9.556	3.068	0.0	0.0	52276348.259	1.0
3216.833	4.614	498.981	37.328	9.556	3.057	0.0	0.0	52276351.315	1.0
3217.833	4.582	498.696	37.328	9.556	3.046	0.0	0.0	52276354.361	1.0
3218.833	4.55	498.412	37.328	9.556	3.034	0.0	0.0	52276357.395	1.0
3219.833	4.518	498.128	37.328	9.556	3.023	0.0	0.0	52276360.419	1.0
3220.833	4.487	497.845	37.328	9.556	3.012	0.0	0.0	52276363.431	1.0
3221.833	4.455	497.563	37.328	9.556	3.001	0.0	0.0	52276366.432	1.0
3222.833	4.423	497.281	37.328	9.556	2.99	0.0	0.0	52276369.422	1.0
3223.833	4.392	497.0	37.328	9.556	2.979	0.0	0.0	52276372.401	1.0
3224.833	4.36	496.719	37.328	9.556	2.969	0.0	0.0	52276375.37	1.0
3225.833	4.329	496.439	37.328	9.556	2.958	0.0	0.0	52276378.328	1.0
3226.833	4.298	496.16	37.328	9.556	2.947	0.0	0.0	52276381.275	1.0
3227.833	4.266	495.881	37.328	9.556	2.937	0.0	0.0	52276384.212	1.0
3228.833	4.235	495.603	37.328	9.556	2.926	0.0	0.0	52276387.138	1.0
3229.833	4.204	495.326	37.328	9.556	2.916	0.0	0.0	52276390.053	1.0
3230.833	4.173	495.049	37.328	9.556	2.905	0.0	0.0	52276392.959	1.0
3231.833	4.142	494.773	37.328	9.556	2.895	0.0	0.0	52276395.854	1.0
3232.833	4.111	494.497	37.328	9.556	2.885	0.0	0.0	52276398.738	1.0
3233.833	4.08	494.222	37.328	9.556	2.874	0.0	0.0	52276401.613	1.0
3234.833	4.049	493.947	37.328	9.556	2.864	0.0	0.0	52276404.477	1.0
3235.833	4.018	493.673	37.328	9.556	2.854	0.0	0.0	52276407.331	1.0
3236.833	3.987	493.4	37.328	9.556	2.844	0.0	0.0	52276410.176	1.0
3237.833	3.957	493.127	37.328	9.556	2.834	0.0	0.0	52276413.01	1.0
3238.833	3.926	492.855	37.328	9.556	2.824	0.0	0.0	52276415.834	1.0
3239.833	3.896	492.584	37.328	9.556	2.815	0.0	0.0	52276418.649	1.0
3240.833	3.865	492.313	37.328	9.556	2.805	0.0	0.0	52276421.454	1.0
3241.833	3.835	492.042	37.328	9.556	2.795	0.0	0.0	52276424.249	1.0
3242.833	3.804	491.772	37.328	9.556	2.786	0.0	0.0	52276427.034	1.0
3243.833	3.774	491.503	37.328	9.556	2.776	0.0	0.0	52276429.81	1.0
3244.833	3.743	491.234	37.328	9.556	2.766	0.0	0.0	52276432.577	1.0
3245.833	3.713	490.965	37.328	9.556	2.757	0.0	0.0	52276435.334	1.0
3246.833	3.683	490.697	37.328	9.556	2.748	0.0	0.0	52276438.081	1.0
3247.833	3.653	490.429	37.328	9.556	2.738	0.0	0.0	52276440.819	1.0
3248.833	3.623	490.162	37.328	9.556	2.729	0.0	0.0	52276443.548	1.0
3249.833	3.593	489.895	37.328	9.556	2.72	0.0	0.0	52276446.268	1.0
3250.833	3.563	489.629	37.328	9.556	2.71	0.0	0.0	52276448.978	1.0
3251.833	3.533	489.364	37.328	9.556	2.701	0.0	0.0	52276451.679	1.0
3252.833	3.503	489.098	37.328	9.556	2.692	0.0	0.0	52276454.372	1.0
3253.833	3.473	488.834	37.328	9.556	2.683	0.0	0.0	52276457.055	1.0
3254.833	3.443	488.569	37.328	9.556	2.674	0.0	0.0	52276459.729	1.0
3255.833	3.413	488.306	37.328	9.556	2.665	0.0	0.0	52276462.394	1.0
3256.833	3.384	488.042	37.328	9.556	2.656	0.0	0.0	52276465.051	1.0
3257.833	3.354	487.78	37.328	9.556	2.648	0.0	0.0	52276467.698	1.0
3258.833	3.325	487.517	37.328	9.556	2.639	0.0	0.0	52276470.337	1.0
3259.833	3.295	487.256	37.328	9.556	2.63	0.0	0.0	52276472.967	1.0
3260.833	3.266	486.994	37.328	9.556	2.621	0.0	0.0	52276475.588	1.0
3261.833	3.236	486.733	37.328	9.556	2.613	0.0	0.0	52276478.201	1.0
3262.833	3.207	486.473	37.328	9.556	2.604	0.0	0.0	52276480.806	1.0
3263.833	3.178	486.213	37.328	9.556	2.596	0.0	0.0	52276483.401	1.0
3264.833	3.148	485.954	37.328	9.556	2.587	0.0	0.0	52276485.988	1.0
3265.833	3.119	485.695	37.328	9.556	2.579	0.0	0.0	52276488.567	1.0
3266.833	3.09	485.436	37.328	9.556	2.57	0.0	0.0	52276491.138	1.0
3267.833	3.061	485.178	37.328	9.556	2.562	0.0	0.0	52276493.7	1.0
3268.833	3.032	484.92	37.328	9.556	2.554	0.0	0.0	52276496.254	1.0
3269.833	3.003	484.663	37.328	9.556	2.546	0.0	0.0	52276498.799	1.0
3270.833	2.974	484.407	37.328	9.556	2.537	0.0	0.0	52276501.337	1.0
3271.833	2.945	484.151	37.328	9.556	2.529	0.0	0.0	52276503.866	1.0
3272.833	2.916	483.895	37.328	9.556	2.521	0.0	0.0	52276506.387	1.0
3273.833	2.887	483.64	37.328	9.556	2.513	0.0	0.0	52276508.9	1.0
3274.833	2.858	483.385	37.328	9.556	2.505	0.0	0.0	52276511.406	1.0
3275.833	2.83	483.131	37.328	9.556	2.497	0.0	0.0	52276513.903	1.0
3276.833	2.801	482.877	37.328	9.556	2.489	0.0	0.0	52276516.392	1.0
3277.833	2.772	482.623	37.328	9.556	2.481	0.0	0.0	52276518.874	1.0
3278.833	2.744	482.37	37.328	9.556	2.474	0.0	0.0	52276521.347	1.0
3279.833	2.715	482.118	37.328	9.556	2.466	0.0	0.0	52276523.813	1.0
3280.833	2.687	481.866	37.328	9.556	2.458	0.0	0.0	52276526.271	1.0
3281.833	2.658	481.614	37.328	9.556	2.45	0.0	0.0	52276528.722	1.0
3282.833	2.63	481.363	37.328	9.556	2.443	0.0	0.0	52276531.164	1.0
3283.833	2.601	481.113	37.328	9.556	2.435	0.0	0.0	52276533.599	1.0
3284.833	2.573	480.862	37.328	9.556	2.428	0.0	0.0	52276536.027	1.0
3285.833	2.545	480.613	37.328	9.556	2.42	0.0	0.0	52276538.447	1.0
3286.833	2.517	480.363	37.328	9.556	2.413	0.0	0.0	52276540.86	1.0
3287.833	2.489	480.115	37.328	9.556	2.405	0.0	0.0	52276543.265	1.0
3288.833	2.46	479.866	37.328	9.556	2.398	0.0	0.0	52276545.662	1.0
3289.833	2.432	479.618	37.328	9.556	2.39	0.0	0.0	52276548.053	1.0
3290.833	2.404	479.371	37.328	9.556	2.383	0.0	0.0	52276550.436	1.0
3291.833	2.376	479.124	37.328	9.556	2.376	0.0	0.0	52276552.811	1.0
3292.833	2.348	478.877	37.328	9.556	2.368	0.0	0.0	52276555.18	1.0
3293.833	2.321	478.631	37.328	9.556	2.361	0.0	0.0	52276557.541	1.0
3294.833	2.293	478.385	37.328	9.556	2.354	0.0	0.0	52276559.895	1.0
3295.833	2.265	478.14	37.328	9.556	2.347	0.0	0.0	52276562.242	1.0
3296.833	2.237	477.895	37.328	9.556	2.34	0.0	0.0	52276564.582	1.0
3297.833	2.209	477.651	37.328	9.556	2.333	0.0	0.0	52276566.915	1.0
3298.833	2.182	477.407	37.328	9.556	2.326	0.0	0.0	52276569.241	1.0
3299.833	2.154	477.164	37.328	9.556	2.319	0.0	0.0	52276571.56	1.0
3300.833	2.127	476.921	37.328	9.556	2.312	0.0	0.0	52276573.872	1.0
3301.833	2.099	476.678	37.328	9.556	2.305	0.0	0.0	52276576.177	1.0
3302.833	2.072	476.436	37.328	9.556	2.298	0.0	0.0	52276578.475	1.0
3303.833	2.044	476.194	37.328	9.556	2.291	0.0	0.0	52276580.766	1.0
3304.833	2.017	475.953	37.328	9.556	2.284	0.0	0.0	52276583.05	1.0
3305.833	1.989	475.712	37.328	9.556	2.278	0.0	0.0	52276585.328	1.0
3306.833	1.962	475.472	37.328	9.556	2.271	0.0	0.0	52276587.599	1.0
3307.833	1.935	475.232	37.328	9.556	2.264	0.0	0.0	52276589.864	1.0
3308.833	1.908	474.993	37.328	9.556	2.258	0.0	0.0	52276592.121	1.0
3309.833	1.88	474.754	37.328	9.556	2.251	0.0	0.0	52276594.372	1.0
3310.833	1.853	474.515	37.328	9.556	2.244	0.0	0.0	52276596.617	1.0
3311.833	1.826	474.277	37.328	9.556	2.238	0.0	0.0	52276598.855	1.0
3312.833	1.799	474.039	37.328	9.556	2.231	0.0	0.0	52276601.086	1.0
3313.833	1.772	473.802	37.328	9.556	2.225	0.0	0.0	52276603.311	1.0
3314.833	1.745	473.565	37.328	9.556	2.218	0.0	0.0	52276605.529	1.0
3315.833	1.718	473.328	37.328	9.556	2.212	0.0	0.0	52276607.741	1.0
3316.833	1.691	473.092	37.328	9.556	2.206	0.0	0.0	52276609.947	1.0
3317.833	1.665	472.857	37.328	9.556	2.199	0.0	0.0	52276612.146	1.0
3318.833	1.638	472.621	37.328	9.556	2.193	0.0	0.0	52276614.339	1.0
3319.833	1.611	472.387	37.328	9.556	2.187	0.0	0.0	52276616.526	1.0
3320.833	1.584	472.153	37.328	9.556	2.18	0.0	0.0	52276618.706	1.0
3321.833	1.558	471.919	37.328	9.556	2.174	0.0	0.0	52276620.88	1.0
3322.833	1.531	471.686	37.328	9.556	2.168	0.0	0.0	52276623.048	1.0
3323.833	1.504	471.453	37.328	9.556	2.162	0.0	0.0	52276625.21	1.0
3324.833	1.478	471.221	37.328	9.556	2.156	0.0	0.0	52276627.366	1.0
3325.833	1.451	470.99	37.328	9.556	2.15	0.0	0.0	52276629.515	1.0
3326.833	1.425	470.759	37.328	9.556	2.144	0.0	0.0	52276631.659	1.0
3327.833	1.398	470.528	37.328	9.556	2.137	0.0	0.0	52276633.796	1.0
3328.833	1.372	470.298	37.328	9.556	2.131	0.0	0.0	52276635.928	1.0
3329.833	1.346	470.068	37.328	9.556	2.125	0.0	0.0	52276638.053	1.0
3330.833	1.319	469.839	37.328	9.556	2.12	0.0	0.0	52276640.173	1.0
3331.833	1.293	469.611	37.328	9.556	2.114	0.0	0.0	52276642.287	1.0
3332.833	1.267	469.382	37.328	9.556	2.108	0.0	0.0	52276644.394	1.0
3333.833	1.241	469.155	37.328	9.556	2.102	0.0	0.0	52276646.496	1.0
3334.833	1.215	468.928	37.328	9.556	2.096	0.0	0.0	52276648.592	1.0
3335.833	1.189	468.701	37.328	9.556	2.09	0.0	0.0	52276650.682	1.0
3336.833	1.162	468.475	37.328	9.556	2.084	0.0	0.0	52276652.767	1.0
3337.833	1.136	468.249	37.328	9.556	2.079	0.0	0.0	52276654.846	1.0
3338.833	1.11	468.024	37.328	9.556	2.073	0.0	0.0	52276656.919	1.0
3339.833	1.085	467.799	37.328	9.556	2.067	0.0	0.0	52276658.986	1.0
3340.833	1.059	467.575	37.328	9.556	2.062	0.0	0.0	52276661.048	1.0
3341.833	1.033	467.351	37.328	9.556	2.056	0.0	0.0	52276663.104	1.0
3342.833	1.007	467.128	37.328	9.556	2.05	0.0	0.0	52276665.154	1.0
3343.833	0.981	466.905	37.328	9.556	2.045	0.0	0.0	52276667.199	1.0
3344.833	0.955	466.683	37.328	9.556	2.039	0.0	0.0	52276669.238	1.0
3345.833	0.93	466.461	37.328	9.556	2.034	0.0	0.0	52276671.272	1.0
3346.833	0.904	466.24	37.328	9.556	2.028	0.0	0.0	52276673.3	1.0
3347.833	0.878	466.019	37.328	9.556	2.023	0.0	0.0	52276675.323	1.0
3348.833	0.853	465.798	37.328	9.556	2.017	0.0	0.0	52276677.34	1.0
3349.833	0.827	465.578	37.328	9.556	2.012	0.0	0.0	52276679.352	1.0
3350.833	0.802	465.359	37.328	9.556	2.007	0.0	0.0	52276681.359	1.0
3351.833	0.776	465.14	37.328	9.556	2.001	0.0	0.0	52276683.36	1.0
3352.833	0.751	464.921	37.328	9.556	1.996	0.0	0.0	52276685.355	1.0
3353.833	0.725	464.703	37.328	9.556	1.99	0.0	0.0	52276687.346	1.0
3354.833	0.7	464.486	37.328	9.556	1.985	0.0	0.0	52276689.331	1.0
3355.833	0.675	464.269	37.328	9.556	1.98	0.0	0.0	52276691.311	1.0
3356.833	0.65	464.052	37.328	9.556	1.975	0.0	0.0	52276693.286	1.0
3357.833	0.624	463.836	37.328	9.556	1.969	0.0	0.0	52276695.255	1.0
3358.833	0.599	463.62	37.328	9.556	1.964	0.0	0.0	52276697.219	1.0
3359.833	0.574	463.405	37.328	9.556	1.959	0.0	0.0	52276699.179	1.0
3360.833	0.549	463.19	37.328	9.556	1.954	0.0	0.0	52276701.133	1.0
3361.833	0.524	462.975	37.328	9.556	1.949	0.0	0.0	52276703.081	1.0
3362.833	0.499	462.762	37.328	9.556	1.944	0.0	0.0	52276705.025	1.0
3363.833	0.474	462.548	37.328	9.556	1.939	0.0	0.0	52276706.964	1.0
3364.833	0.449	462.335	37.328	9.556	1.934	0.0	0.0	52276708.897	1.0
3365.833	0.424	462.123	37.328	9.556	1.929	0.0	0.0	52276710.826	1.0
3366.833	0.399	461.911	37.328	9.556	1.924	0.0	0.0	52276712.75	1.0
3367.833	0.374	461.699	37.328	9.556	1.919	0.0	0.0	52276714.668	1.0
3368.833	0.349	461.488	37.328	9.556	1.914	0.0	0.0	52276716.582	1.0
3369.833	0.324	461.277	37.328	9.556	1.909	0.0	0.0	52276718.491	1.0
3370.833	0.3	461.067	37.328	9.556	1.904	0.0	0.0	52276720.395	1.0
3371.833	0.275	460.857	37.328	9.556	1.899	0.0	0.0	52276722.293	1.0
3372.833	0.25	460.647	37.328	9.556	1.894	0.0	0.0	52276724.188	1.0
3373.833	0.226	460.439	37.328	9.556	1.889	0.0	0.0	52276726.077	1.0
3374.833	0.201	460.23	37.328	9.556	1.884	0.0	0.0	52276727.961	1.0
3375.833	0.176	460.022	37.328	9.556	1.88	0.0	0.0	52276729.841	1.0
3376.833	0.152	459.814	37.328	9.556	1.875	0.0	0.0	52276731.716	1.0
3377.833	0.127	459.607	37.328	9.556	1.87	0.0	0.0	52276733.586	1.0
3378.833	0.103	459.401	37.328	9.556	1.865	0.0	0.0	52276735.451	1.0
3379.833	0.078	459.194	37.328	9.556	1.861	0.0	0.0	52276737.312	1.0
3380.833	0.054	458.988	37.328	9.556	1.856	0.0	0.0	52276739.168	1.0
3381.833	0.03	458.783	37.328	9.556	1.851	0.0	0.0	52276741.019	1.0
3382.833	0.005	458.578	37.328	9.556	1.847	0.0	0.0	52276742.866	1.0
3383.833	0.0	458.374	37.328	9.556	1.841	0.0	0.0	52276744.707	1.0
