2676.200	70.563	300.000	2.400	6.133	71475.272	0.000	0.000.1	0.000.2	1.00000
2676.3	70.549	303.381	2.4	6.133	71461.553	0.0	0.0	7146.155	1.0
2676.75	70.486	318.561	2.4	6.133	71396.806	0.0	0.0	39274.718	1.0
2677.75	70.345	351.986	2.4	6.133	71241.186	0.0	0.0	110515.904	1.0
2678.75	70.203	384.825	2.4	6.133	71063.333	0.0	0.0	181579.237	1.0
2679.75	70.06	416.943	2.4	6.133	70874.338	0.0	0.0	252453.575	1.0
2680.75	69.916	448.269	2.4	6.133	70674.294	0.0	0.0	323127.869	1.0
2681.75	69.772	478.753	2.4	6.133	70463.345	0.0	0.0	393591.214	1.0
2682.75	69.626	507.331	2.4	6.133	70241.418	0.0	0.0	463832.633	1.0
2683.75	69.48	533.868	2.4	6.133	70008.777	0.0	0.0	533841.41	1.0
2684.75	69.332	560.603	2.4	6.133	69765.227	0.0	0.0	603606.636	1.0
2685.75	69.183	588.136	2.4	6.133	69511.091	0.0	0.0	673117.727	1.0
2686.75	69.034	614.929	2.4	6.133	69246.139	0.0	0.0	742363.866	1.0
2687.75	68.883	640.31	2.4	6.133	68970.677	0.0	0.0	811334.543	1.0
2688.75	68.731	664.488	2.4	6.133	68684.46	0.0	0.0	880019.003	1.0
2689.75	68.577	687.642	2.4	6.133	68387.784	0.0	0.0	948406.787	1.0
2690.75	68.422	710.034	2.4	6.133	68080.376	0.0	0.0	1016487.164	1.0
2691.75	68.266	732.193	2.4	6.133	67762.495	0.0	0.0	1084249.658	1.0
2692.75	68.108	757.163	2.4	6.133	67433.966	0.0	0.0	1151683.624	1.0
2693.75	67.949	782.863	2.4	6.133	67094.869	0.0	0.0	1218778.493	1.0
2694.75	67.788	808.27	2.4	6.133	66745.189	0.0	0.0	1285523.682	1.0
2695.75	67.626	833.22	2.4	6.133	66384.754	0.0	0.0	1351908.436	1.0
2696.75	67.462	850.0	2.349	5.992	66013.718	0.0	0.0	1417922.154	1.0
2697.75	67.296	850.0	2.19	5.552	65610.683	0.0	0.0	1483532.837	1.0
2698.75	67.129	850.0	2.032	5.121	65119.461	0.0	0.0	1548652.298	1.0
2699.75	66.96	850.0	1.875	4.698	64521.008	0.0	0.0	1613173.307	1.0
2700.75	66.79	850.0	1.72	4.286	63800.142	0.0	0.0	1676973.448	1.0
2701.75	66.618	850.0	1.567	3.884	62939.108	0.0	0.0	1739912.556	1.0
2702.75	66.444	850.0	1.416	3.493	61917.085	0.0	0.0	1801829.641	1.0
2703.75	66.269	850.0	1.269	3.114	60709.269	0.0	0.0	1862538.91	1.0
2704.75	66.092	850.0	1.125	2.748	59285.966	0.0	0.0	1921824.875	1.0
2705.75	65.915	850.0	0.986	2.395	57611.618	0.0	0.0	1979436.494	1.0
2706.75	65.736	850.0	0.851	2.059	55643.35	0.0	0.0	2035079.843	1.0
2707.75	65.556	850.0	0.722	1.74	53329.087	0.0	0.0	2088408.93	1.0
2708.75	65.376	850.0	0.6	1.44	50605.758	0.0	0.0	2139014.688	1.0
2709.75	65.196	850.0	0.486	1.162	47397.36	0.0	0.0	2186412.047	1.0
2710.75	65.017	850.0	0.381	0.909	43614.862	0.0	0.0	2230026.909	1.0
2711.75	64.839	850.0	0.288	0.684	39159.894	0.0	0.0	2269186.802	1.0
2712.75	64.665	850.0	0.208	0.492	33941.756	0.0	0.0	2303128.559	1.0
2713.75	64.494	850.0	0.142	0.336	27927.0	0.0	0.0	2331055.558	1.0
2714.75	64.331	850.0	0.093	0.221	21260.918	0.0	0.0	2352316.476	1.0
2715.75	64.179	850.0	0.062	0.146	14485.441	0.0	0.0	2366801.917	1.0
2716.364	64.093	850.0	0.049	0.115	10281.613	0.0	0.0	2373109.833	1.0
2717.023	64.008	850.0	0.04	0.095	6875.413	0.0	0.0	2377641.448	1.0
2717.682	63.93	850.0	0.036	0.085	4447.274	0.0	0.0	2380572.665	1.0
2718.341	63.859	850.0	0.034	0.08	2882.944	0.0	0.0	2382472.826	1.0
2719.025	63.791	850.0	0.034	0.08	1896.659	0.0	0.0	2383771.27	1.0
2719.779	63.72	839.835	0.034	0.08	1260.28	0.0	0.0	2384720.989	1.0
2720.632	63.644	820.433	0.034	0.08	838.04	0.0	0.0	2385435.817	1.0
2721.595	63.561	794.773	0.034	0.08	557.584	0.0	0.0	2385972.697	1.0
2722.595	63.477	768.087	0.034	0.08	381.452	0.0	0.0	2386354.149	1.0
2723.595	63.392	742.951	0.034	0.08	270.924	0.0	0.0	2386625.073	1.0
2724.595	63.307	720.274	0.034	0.08	198.689	0.0	0.0	2386823.762	1.0
2725.595	63.221	701.557	0.034	0.08	149.645	0.0	0.0	2386973.406	1.0
2726.595	63.133	685.051	0.034	0.08	115.272	0.0	0.0	2387088.679	1.0
2727.595	63.042	669.619	0.034	0.08	90.527	0.0	0.0	2387179.206	1.0
2728.595	62.95	655.058	0.034	0.08	72.299	0.0	0.0	2387251.505	1.0
2729.595	62.854	641.278	0.034	0.08	58.603	0.0	0.0	2387310.109	1.0
2730.595	62.755	628.217	0.034	0.08	48.132	0.0	0.0	2387358.241	1.0
2731.595	62.654	615.835	0.034	0.08	40.004	0.0	0.0	2387398.245	1.0
2732.595	62.549	604.091	0.034	0.08	33.609	0.0	0.0	2387431.855	1.0
2733.595	62.441	592.938	0.034	0.08	28.517	0.0	0.0	2387460.372	1.0
2734.595	62.329	582.335	0.034	0.08	24.419	0.0	0.0	2387484.791	1.0
2735.595	62.214	572.266	0.034	0.08	21.088	0.0	0.0	2387505.878	1.0
2736.595	62.096	562.709	0.034	0.08	18.357	0.0	0.0	2387524.236	1.0
2737.595	61.974	553.797	0.034	0.08	16.101	0.0	0.0	2387540.337	1.0
2738.595	61.849	545.458	0.034	0.08	14.223	0.0	0.0	2387554.56	1.0
2739.595	61.72	537.71	0.034	0.08	12.651	0.0	0.0	2387567.211	1.0
2740.595	61.588	530.488	0.034	0.08	11.326	0.0	0.0	2387578.536	1.0
2741.595	61.453	523.72	0.034	0.08	10.203	0.0	0.0	2387588.739	1.0
2742.595	61.314	517.341	0.034	0.08	9.247	0.0	0.0	2387597.987	1.0
2743.595	61.172	511.314	0.034	0.08	8.43	0.0	0.0	2387606.417	1.0
2743.795	61.143	510.169	0.034	0.08	8.208	0.0	0.0	2387608.058	1.0
2744.025	61.11	508.862	0.034	0.08	8.048	0.0	0.0	2387609.908	1.0
2744.095	61.1	508.468	0.034	0.08	7.985	0.0	0.0	2387610.468	1.0
2744.144	61.093	508.191	0.034	0.08	7.95	0.0	0.0	2387610.86	1.0
2744.186	61.086	507.955	0.034	0.08	7.92	0.0	0.0	2387611.193	1.0
2744.205	61.084	507.848	0.034	0.08	7.905	0.0	0.0	2387611.344	1.0
2744.237	61.079	507.668	0.034	0.08	3.949	0.0	0.0	2387611.469	1.0
2744.268	61.074	507.488	0.034	0.08	3.944	0.0	0.0	2387611.593	1.0
2744.41	61.054	506.681	0.034	0.08	3.936	0.0	0.0	2387612.152	1.0
2745.049	60.959	503.069	0.034	0.08	3.902	0.0	0.0	2387614.643	1.0
2746.049	60.805	497.549	0.034	0.08	3.853	0.0	0.0	2387618.496	1.0
2747.049	60.644	492.237	0.034	0.08	3.81	0.0	0.0	2387622.306	1.0
2748.049	60.478	487.116	0.034	0.08	3.775	0.0	0.0	2387626.081	1.0
2749.049	60.307	482.145	0.034	0.08	3.746	0.0	0.0	2387629.827	1.0
2750.049	60.13	477.32	0.034	0.08	3.724	0.0	0.0	2387633.551	1.0
2751.049	59.947	472.633	0.034	0.08	3.707	0.0	0.0	2387637.258	1.0
2752.049	59.76	468.083	0.034	0.08	3.694	0.0	0.0	2387640.952	1.0
2753.049	59.567	463.69	0.034	0.08	3.686	0.0	0.0	2387644.638	1.0
2754.049	59.37	459.446	0.034	0.08	3.681	0.0	0.0	2387648.318	1.0
2755.049	59.169	455.344	0.034	0.08	3.678	0.0	0.0	2387651.996	1.0
2756.049	58.963	451.378	0.034	0.08	3.677	0.0	0.0	2387655.674	1.0
2757.049	58.753	447.547	0.034	0.08	3.678	0.0	0.0	2387659.352	1.0
2758.049	58.539	443.852	0.034	0.08	3.68	0.0	0.0	2387663.032	1.0
2759.049	58.322	440.287	0.034	0.08	3.683	0.0	0.0	2387666.715	1.0
2760.049	58.102	436.845	0.034	0.08	3.685	0.0	0.0	2387670.4	1.0
2761.049	57.878	433.52	0.034	0.08	3.686	0.0	0.0	2387674.086	1.0
2762.049	57.652	430.305	0.034	0.08	3.687	0.0	0.0	2387677.773	1.0
2763.049	57.423	427.199	0.034	0.08	3.686	0.0	0.0	2387681.458	1.0
2764.049	57.191	424.197	0.034	0.08	3.683	0.0	0.0	2387685.141	1.0
2765.049	56.958	421.293	0.034	0.08	3.677	0.0	0.0	2387688.818	1.0
2766.049	56.722	418.483	0.034	0.08	3.669	0.0	0.0	2387692.487	1.0
2767.049	56.485	415.762	0.034	0.08	3.659	0.0	0.0	2387696.146	1.0
2768.049	56.246	413.127	0.034	0.08	3.645	0.0	0.0	2387699.791	1.0
2769.049	56.007	410.572	0.034	0.08	3.628	0.0	0.0	2387703.418	1.0
2770.049	55.766	408.095	0.034	0.08	3.607	0.0	0.0	2387707.025	1.0
2771.049	55.525	405.692	0.034	0.08	3.583	0.0	0.0	2387710.608	1.0
2772.049	55.283	403.358	0.034	0.08	3.555	0.0	0.0	2387714.163	1.0
2773.049	55.041	401.093	0.034	0.08	3.524	0.0	0.0	2387717.687	1.0
2774.049	54.798	398.892	0.034	0.08	3.489	0.0	0.0	2387721.177	1.0
2775.049	54.556	396.753	0.034	0.08	3.451	0.0	0.0	2387724.628	1.0
2776.049	54.314	394.673	0.034	0.08	3.41	0.0	0.0	2387728.037	1.0
2777.049	54.073	392.651	0.034	0.08	3.365	0.0	0.0	2387731.402	1.0
2778.049	53.832	390.684	0.034	0.08	3.317	0.0	0.0	2387734.719	1.0
2779.049	53.592	388.77	0.034	0.08	3.267	0.0	0.0	2387737.986	1.0
2780.049	53.353	386.907	0.034	0.08	3.214	0.0	0.0	2387741.2	1.0
2781.049	53.115	385.093	0.034	0.08	3.158	0.0	0.0	2387744.358	1.0
2782.049	52.879	383.327	0.034	0.08	3.101	0.0	0.0	2387747.459	1.0
2783.049	52.644	381.606	0.034	0.08	3.042	0.0	0.0	2387750.5	1.0
2784.049	52.41	379.929	0.034	0.08	2.981	0.0	0.0	2387753.481	1.0
2785.049	52.178	378.295	0.034	0.08	2.919	0.0	0.0	2387756.4	1.0
2786.049	51.947	376.702	0.034	0.08	2.856	0.0	0.0	2387759.257	1.0
2787.049	51.719	375.148	0.034	0.08	2.793	0.0	0.0	2387762.05	1.0
2788.049	51.492	373.633	0.034	0.08	2.729	0.0	0.0	2387764.778	1.0
2789.049	51.267	372.153	0.034	0.08	2.666	0.0	0.0	2387767.445	1.0
2790.049	51.044	370.703	0.034	0.08	2.604	0.0	0.0	2387770.049	1.0
2791.049	50.823	369.283	0.034	0.08	2.541	0.0	0.0	2387772.59	1.0
2792.049	50.604	367.892	0.034	0.08	2.478	0.0	0.0	2387775.069	1.0
2793.049	50.388	366.528	0.034	0.08	2.415	0.0	0.0	2387777.484	1.0
2794.049	50.174	365.192	0.034	0.08	2.352	0.0	0.0	2387779.836	1.0
2795.049	49.962	363.882	0.034	0.08	2.289	0.0	0.0	2387782.125	1.0
2796.049	49.752	362.597	0.034	0.08	2.227	0.0	0.0	2387784.352	1.0
2797.049	49.545	361.337	0.034	0.08	2.166	0.0	0.0	2387786.518	1.0
2798.049	49.34	360.101	0.034	0.08	2.105	0.0	0.0	2387788.624	1.0
2799.049	49.137	358.887	0.034	0.08	2.046	0.0	0.0	2387790.67	1.0
2800.049	48.937	357.697	0.034	0.08	1.988	0.0	0.0	2387792.657	1.0
2801.049	48.739	356.528	0.034	0.08	1.931	0.0	0.0	2387794.588	1.0
2802.049	48.544	355.38	0.034	0.08	1.875	0.0	0.0	2387796.463	1.0
2803.049	48.35	354.254	0.034	0.08	1.821	0.0	0.0	2387798.284	1.0
2804.049	48.16	353.147	0.034	0.08	1.768	0.0	0.0	2387800.053	1.0
2805.049	47.971	352.06	0.034	0.08	1.717	0.0	0.0	2387801.77	1.0
2806.049	47.785	350.992	0.034	0.08	1.668	0.0	0.0	2387803.437	1.0
2807.049	47.601	349.943	0.034	0.08	1.619	0.0	0.0	2387805.057	1.0
2808.049	47.419	348.912	0.034	0.08	1.573	0.0	0.0	2387806.63	1.0
2809.049	47.24	347.897	0.034	0.08	1.528	0.0	0.0	2387808.158	1.0
2810.049	47.062	346.895	0.034	0.08	1.486	0.0	0.0	2387809.644	1.0
2811.049	46.887	345.906	0.034	0.08	1.444	0.0	0.0	2387811.088	1.0
2812.049	46.714	344.93	0.034	0.08	1.403	0.0	0.0	2387812.491	1.0
2813.049	46.543	343.965	0.034	0.08	1.364	0.0	0.0	2387813.854	1.0
2814.049	46.374	343.013	0.034	0.08	1.325	0.0	0.0	2387815.179	1.0
2815.049	46.208	342.072	0.034	0.08	1.288	0.0	0.0	2387816.467	1.0
2816.049	46.043	341.143	0.034	0.08	1.251	0.0	0.0	2387817.718	1.0
2817.049	45.88	340.226	0.034	0.08	1.216	0.0	0.0	2387818.934	1.0
2818.049	45.72	339.319	0.034	0.08	1.182	0.0	0.0	2387820.116	1.0
2819.049	45.561	338.423	0.034	0.08	1.149	0.0	0.0	2387821.265	1.0
2820.049	45.404	337.538	0.034	0.08	1.117	0.0	0.0	2387822.382	1.0
2821.049	45.249	336.664	0.034	0.08	1.087	0.0	0.0	2387823.469	1.0
2822.049	45.096	335.799	0.034	0.08	1.057	0.0	0.0	2387824.526	1.0
2823.049	44.945	334.945	0.034	0.08	1.028	0.0	0.0	2387825.554	1.0
2824.049	44.796	334.101	0.034	0.08	1.001	0.0	0.0	2387826.555	1.0
2825.049	44.648	333.266	0.034	0.08	0.974	0.0	0.0	2387827.529	1.0
2826.049	44.502	332.441	0.034	0.08	0.948	0.0	0.0	2387828.477	1.0
2827.049	44.358	331.626	0.034	0.08	0.924	0.0	0.0	2387829.4	1.0
2828.049	44.215	330.819	0.034	0.08	0.9	0.0	0.0	2387830.3	1.0
2829.049	44.074	330.022	0.034	0.08	0.877	0.0	0.0	2387831.177	1.0
2830.049	43.934	329.234	0.034	0.08	0.854	0.0	0.0	2387832.031	1.0
2831.049	43.796	328.454	0.034	0.08	0.833	0.0	0.0	2387832.864	1.0
2832.049	43.66	327.683	0.034	0.08	0.812	0.0	0.0	2387833.677	1.0
2833.049	43.525	326.92	0.034	0.08	0.793	0.0	0.0	2387834.469	1.0
2834.049	43.391	326.166	0.034	0.08	0.773	0.0	0.0	2387835.243	1.0
2835.049	43.259	325.42	0.034	0.08	0.755	0.0	0.0	2387835.998	1.0
2836.049	43.128	324.682	0.034	0.08	0.737	0.0	0.0	2387836.735	1.0
2837.049	42.999	323.951	0.034	0.08	0.72	0.0	0.0	2387837.455	1.0
2838.049	42.871	323.229	0.034	0.08	0.703	0.0	0.0	2387838.158	1.0
2839.049	42.744	322.514	0.034	0.08	0.687	0.0	0.0	2387838.845	1.0
2840.049	42.619	321.806	0.034	0.08	0.672	0.0	0.0	2387839.517	1.0
2841.049	42.494	321.106	0.034	0.08	0.657	0.0	0.0	2387840.173	1.0
2842.049	42.371	320.414	0.034	0.08	0.642	0.0	0.0	2387840.815	1.0
2843.049	42.25	319.728	0.034	0.08	0.628	0.0	0.0	2387841.444	1.0
2844.049	42.129	319.049	0.034	0.08	0.615	0.0	0.0	2387842.058	1.0
2845.049	42.009	318.378	0.034	0.08	0.601	0.0	0.0	2387842.66	1.0
2846.049	41.891	317.713	0.034	0.08	0.589	0.0	0.0	2387843.248	1.0
2847.049	41.774	317.054	0.034	0.08	0.576	0.0	0.0	2387843.825	1.0
2848.049	41.657	316.403	0.034	0.08	0.565	0.0	0.0	2387844.389	1.0
2849.049	41.542	315.758	0.034	0.08	0.553	0.0	0.0	2387844.942	1.0
2850.049	41.428	315.119	0.034	0.08	0.542	0.0	0.0	2387845.484	1.0
2851.049	41.315	314.486	0.034	0.08	0.531	0.0	0.0	2387846.015	1.0
2852.049	41.203	313.86	0.034	0.08	0.52	0.0	0.0	2387846.536	1.0
2853.049	41.092	313.239	0.034	0.08	0.51	0.0	0.0	2387847.046	1.0
2854.049	40.982	312.625	0.034	0.08	0.5	0.0	0.0	2387847.546	1.0
2855.049	40.872	312.016	0.034	0.08	0.491	0.0	0.0	2387848.037	1.0
2856.049	40.764	311.414	0.034	0.08	0.481	0.0	0.0	2387848.518	1.0
2857.049	40.657	310.817	0.034	0.08	0.472	0.0	0.0	2387848.991	1.0
2858.049	40.55	310.225	0.034	0.08	0.464	0.0	0.0	2387849.454	1.0
2859.049	40.445	309.639	0.034	0.08	0.455	0.0	0.0	2387849.909	1.0
2860.049	40.34	309.059	0.034	0.08	0.447	0.0	0.0	2387850.356	1.0
2861.049	40.236	308.484	0.034	0.08	0.438	0.0	0.0	2387850.794	1.0
2862.049	40.133	307.914	0.034	0.08	0.431	0.0	0.0	2387851.225	1.0
2863.049	40.031	307.349	0.034	0.08	0.423	0.0	0.0	2387851.648	1.0
2864.049	39.929	306.79	0.034	0.08	0.415	0.0	0.0	2387852.063	1.0
2865.049	39.829	306.236	0.034	0.08	0.408	0.0	0.0	2387852.472	1.0
2866.049	39.729	305.686	0.034	0.08	0.401	0.0	0.0	2387852.873	1.0
2867.049	39.63	305.141	0.034	0.08	0.394	0.0	0.0	2387853.267	1.0
2868.049	39.532	304.602	0.034	0.08	0.387	0.0	0.0	2387853.654	1.0
2869.049	39.434	304.067	0.034	0.08	0.381	0.0	0.0	2387854.035	1.0
2870.049	39.338	303.536	0.034	0.08	0.374	0.0	0.0	2387854.41	1.0
2871.049	39.242	303.011	0.034	0.08	0.368	0.0	0.0	2387854.778	1.0
2872.049	39.146	302.49	0.034	0.08	0.362	0.0	0.0	2387855.14	1.0
2873.049	39.052	301.973	0.034	0.08	0.356	0.0	0.0	2387855.496	1.0
2874.049	38.958	301.461	0.034	0.08	0.35	0.0	0.0	2387855.847	1.0
2875.049	38.865	300.953	0.034	0.08	0.345	0.0	0.0	2387856.191	1.0
2876.049	38.772	300.449	0.034	0.08	0.339	0.0	0.0	2387856.531	1.0
2877.049	38.68	299.95	0.034	0.08	0.334	0.0	0.0	2387856.864	1.0
2878.049	38.589	299.455	0.034	0.08	0.329	0.0	0.0	2387857.193	1.0
2879.049	38.498	298.964	0.034	0.08	0.323	0.0	0.0	2387857.516	1.0
2880.049	38.408	298.477	0.034	0.08	0.318	0.0	0.0	2387857.835	1.0
2881.049	38.319	297.994	0.034	0.08	0.313	0.0	0.0	2387858.148	1.0
2882.049	38.23	297.515	0.034	0.08	0.309	0.0	0.0	2387858.457	1.0
2883.049	38.142	297.04	0.034	0.08	0.304	0.0	0.0	2387858.761	1.0
2884.049	38.055	296.568	0.034	0.08	0.299	0.0	0.0	2387859.06	1.0
2885.049	37.968	296.101	0.034	0.08	0.295	0.0	0.0	2387859.355	1.0
2886.049	37.882	295.637	0.034	0.08	0.29	0.0	0.0	2387859.646	1.0
2887.049	37.796	295.177	0.034	0.08	0.286	0.0	0.0	2387859.932	1.0
2888.049	37.711	294.721	0.034	0.08	0.282	0.0	0.0	2387860.214	1.0
2889.049	37.626	294.268	0.034	0.08	0.278	0.0	0.0	2387860.492	1.0
2890.049	37.542	293.819	0.034	0.08	0.274	0.0	0.0	2387860.765	1.0
2891.049	37.459	293.373	0.034	0.08	0.27	0.0	0.0	2387861.035	1.0
2892.049	37.376	292.931	0.034	0.08	0.266	0.0	0.0	2387861.301	1.0
2893.049	37.294	292.492	0.034	0.08	0.262	0.0	0.0	2387861.563	1.0
2894.049	37.212	292.057	0.034	0.08	0.259	0.0	0.0	2387861.822	1.0
2895.049	37.131	291.625	0.034	0.08	0.255	0.0	0.0	2387862.077	1.0
2896.049	37.05	291.196	0.034	0.08	0.251	0.0	0.0	2387862.328	1.0
2897.049	36.969	290.771	0.034	0.08	0.248	0.0	0.0	2387862.576	1.0
2898.049	36.89	290.349	0.034	0.08	0.244	0.0	0.0	2387862.82	1.0
2899.049	36.81	289.93	0.034	0.08	0.241	0.0	0.0	2387863.061	1.0
2900.049	36.732	289.514	0.034	0.08	0.238	0.0	0.0	2387863.299	1.0
2901.049	36.653	289.102	0.034	0.08	0.235	0.0	0.0	2387863.534	1.0
2902.049	36.576	288.692	0.034	0.08	0.231	0.0	0.0	2387863.765	1.0
2903.049	36.498	288.286	0.034	0.08	0.228	0.0	0.0	2387863.994	1.0
2904.049	36.421	287.883	0.034	0.08	0.225	0.0	0.0	2387864.219	1.0
2905.049	36.345	287.483	0.034	0.08	0.222	0.0	0.0	2387864.441	1.0
2906.049	36.269	287.085	0.034	0.08	0.219	0.0	0.0	2387864.66	1.0
2907.049	36.193	286.691	0.034	0.08	0.217	0.0	0.0	2387864.877	1.0
2908.049	36.118	286.3	0.034	0.08	0.214	0.0	0.0	2387865.091	1.0
2909.049	36.044	285.911	0.034	0.08	0.211	0.0	0.0	2387865.302	1.0
2910.049	35.97	285.525	0.034	0.08	0.208	0.0	0.0	2387865.51	1.0
2911.049	35.896	285.142	0.034	0.08	0.206	0.0	0.0	2387865.715	1.0
2912.049	35.823	284.762	0.034	0.08	0.203	0.0	0.0	2387865.918	1.0
2913.049	35.75	284.384	0.034	0.08	0.2	0.0	0.0	2387866.119	1.0
2914.049	35.677	284.009	0.034	0.08	0.198	0.0	0.0	2387866.317	1.0
2915.049	35.605	283.637	0.034	0.08	0.195	0.0	0.0	2387866.512	1.0
2916.049	35.533	283.267	0.034	0.08	0.193	0.0	0.0	2387866.705	1.0
2917.049	35.462	282.9	0.034	0.08	0.191	0.0	0.0	2387866.896	1.0
2918.049	35.391	282.535	0.034	0.08	0.188	0.0	0.0	2387867.084	1.0
2919.049	35.321	282.173	0.034	0.08	0.186	0.0	0.0	2387867.27	1.0
2920.049	35.251	281.813	0.034	0.08	0.184	0.0	0.0	2387867.454	1.0
2921.049	35.181	281.456	0.034	0.08	0.181	0.0	0.0	2387867.635	1.0
2922.049	35.112	281.102	0.034	0.08	0.179	0.0	0.0	2387867.814	1.0
2923.049	35.043	280.749	0.034	0.08	0.177	0.0	0.0	2387867.991	1.0
2924.049	34.974	280.399	0.034	0.08	0.175	0.0	0.0	2387868.167	1.0
2925.049	34.906	280.052	0.034	0.08	0.173	0.0	0.0	2387868.339	1.0
2926.049	34.838	279.707	0.034	0.08	0.171	0.0	0.0	2387868.51	1.0
2927.049	34.771	279.364	0.034	0.08	0.169	0.0	0.0	2387868.679	1.0
2928.049	34.704	279.023	0.034	0.08	0.167	0.0	0.0	2387868.846	1.0
2929.049	34.637	278.684	0.034	0.08	0.165	0.0	0.0	2387869.011	1.0
2930.049	34.571	278.348	0.034	0.08	0.163	0.0	0.0	2387869.174	1.0
2931.049	34.505	278.014	0.034	0.08	0.161	0.0	0.0	2387869.336	1.0
2932.049	34.439	277.682	0.034	0.08	0.159	0.0	0.0	2387869.495	1.0
2933.049	34.374	277.352	0.034	0.08	0.158	0.0	0.0	2387869.653	1.0
2934.049	34.309	277.025	0.034	0.08	0.156	0.0	0.0	2387869.808	1.0
2935.049	34.244	276.699	0.034	0.08	0.154	0.0	0.0	2387869.962	1.0
2936.049	34.18	276.376	0.034	0.08	0.152	0.0	0.0	2387870.115	1.0
2937.049	34.116	276.054	0.034	0.08	0.151	0.0	0.0	2387870.265	1.0
2938.049	34.052	275.735	0.034	0.08	0.149	0.0	0.0	2387870.414	1.0
2939.049	33.989	275.417	0.034	0.08	0.147	0.0	0.0	2387870.562	1.0
2940.049	33.926	275.102	0.034	0.08	0.146	0.0	0.0	2387870.707	1.0
2941.049	33.863	274.788	0.034	0.08	0.144	0.0	0.0	2387870.851	1.0
2942.049	33.801	274.477	0.034	0.08	0.142	0.0	0.0	2387870.994	1.0
2943.049	33.739	274.167	0.034	0.08	0.141	0.0	0.0	2387871.135	1.0
2944.049	33.677	273.86	0.034	0.08	0.139	0.0	0.0	2387871.274	1.0
2945.049	33.616	273.554	0.034	0.08	0.138	0.0	0.0	2387871.412	1.0
2946.049	33.554	273.25	0.034	0.08	0.136	0.0	0.0	2387871.549	1.0
2947.049	33.493	272.948	0.034	0.08	0.135	0.0	0.0	2387871.684	1.0
2948.049	33.433	272.647	0.034	0.08	0.134	0.0	0.0	2387871.817	1.0
2949.049	33.373	272.349	0.034	0.08	0.132	0.0	0.0	2387871.949	1.0
2950.049	33.313	272.052	0.034	0.08	0.131	0.0	0.0	2387872.08	1.0
2951.049	33.253	271.757	0.034	0.08	0.129	0.0	0.0	2387872.209	1.0
2952.049	33.194	271.464	0.034	0.08	0.128	0.0	0.0	2387872.337	1.0
2953.049	33.134	271.172	0.034	0.08	0.127	0.0	0.0	2387872.464	1.0
2954.049	33.076	270.882	0.034	0.08	0.125	0.0	0.0	2387872.59	1.0
2955.049	33.017	270.594	0.034	0.08	0.124	0.0	0.0	2387872.714	1.0
2956.049	32.959	270.308	0.034	0.08	0.123	0.0	0.0	2387872.837	1.0
2957.049	32.901	270.023	0.034	0.08	0.122	0.0	0.0	2387872.958	1.0
2958.049	32.843	269.74	0.034	0.08	0.12	0.0	0.0	2387873.079	1.0
2959.049	32.785	269.459	0.034	0.08	0.119	0.0	0.0	2387873.198	1.0
2960.049	32.728	269.179	0.034	0.08	0.118	0.0	0.0	2387873.316	1.0
2961.049	32.671	268.9	0.034	0.08	0.117	0.0	0.0	2387873.432	1.0
2962.049	32.614	268.624	0.034	0.08	0.116	0.0	0.0	2387873.548	1.0
2963.049	32.558	268.348	0.034	0.08	0.114	0.0	0.0	2387873.662	1.0
2964.049	32.502	268.075	0.034	0.08	0.113	0.0	0.0	2387873.776	1.0
2965.049	32.446	267.803	0.034	0.08	0.112	0.0	0.0	2387873.888	1.0
2966.049	32.39	267.532	0.034	0.08	0.111	0.0	0.0	2387873.999	1.0
2967.049	32.335	267.263	0.034	0.08	0.11	0.0	0.0	2387874.109	1.0
2968.049	32.28	266.996	0.034	0.08	0.109	0.0	0.0	2387874.218	1.0
2969.049	32.225	266.729	0.034	0.08	0.108	0.0	0.0	2387874.326	1.0
2970.049	32.17	266.465	0.034	0.08	0.107	0.0	0.0	2387874.433	1.0
2971.049	32.116	266.202	0.034	0.08	0.106	0.0	0.0	2387874.539	1.0
2972.049	32.061	265.941	0.034	0.08	0.105	0.0	0.0	2387874.643	1.0
2973.049	32.007	265.683	0.034	0.08	0.104	0.0	0.0	2387874.747	1.0
2974.049	31.954	265.426	0.034	0.08	0.103	0.0	0.0	2387874.85	1.0
2975.049	31.9	265.17	0.034	0.08	0.102	0.0	0.0	2387874.952	1.0
2976.049	31.847	264.917	0.034	0.08	0.101	0.0	0.0	2387875.053	1.0
2977.049	31.794	264.666	0.034	0.08	0.1	0.0	0.0	2387875.153	1.0
2978.049	31.741	264.416	0.034	0.08	0.099	0.0	0.0	2387875.252	1.0
2979.049	31.688	264.169	0.034	0.08	0.098	0.0	0.0	2387875.35	1.0
2980.049	31.636	263.923	0.034	0.08	0.097	0.0	0.0	2387875.448	1.0
2981.049	31.583	263.679	0.034	0.08	0.097	0.0	0.0	2387875.544	1.0
2982.049	31.531	263.436	0.034	0.08	0.096	0.0	0.0	2387875.64	1.0
2983.049	31.48	263.196	0.034	0.08	0.095	0.0	0.0	2387875.735	1.0
2984.049	31.428	262.957	0.034	0.08	0.094	0.0	0.0	2387875.829	1.0
2985.049	31.377	262.719	0.034	0.08	0.093	0.0	0.0	2387875.922	1.0
2986.049	31.325	262.484	0.034	0.08	0.092	0.0	0.0	2387876.015	1.0
2987.049	31.274	262.25	0.034	0.08	0.092	0.0	0.0	2387876.106	1.0
2988.049	31.224	262.018	0.034	0.08	0.091	0.0	0.0	2387876.197	1.0
2989.049	31.173	261.787	0.034	0.08	0.09	0.0	0.0	2387876.287	1.0
2990.049	31.123	261.558	0.034	0.08	0.089	0.0	0.0	2387876.377	1.0
2991.049	31.072	261.331	0.034	0.08	0.089	0.0	0.0	2387876.465	1.0
2992.049	31.022	261.105	0.034	0.08	0.088	0.0	0.0	2387876.553	1.0
2993.049	30.972	260.881	0.034	0.08	0.087	0.0	0.0	2387876.64	1.0
2994.049	30.923	260.658	0.034	0.08	0.086	0.0	0.0	2387876.727	1.0
2995.049	30.873	260.437	0.034	0.08	0.086	0.0	0.0	2387876.812	1.0
2996.049	30.824	260.217	0.034	0.08	0.085	0.0	0.0	2387876.897	1.0
2997.049	30.775	259.999	0.034	0.08	0.084	0.0	0.0	2387876.982	1.0
2998.049	30.726	259.782	0.034	0.08	0.084	0.0	0.0	2387877.065	1.0
2999.049	30.677	259.567	0.034	0.08	0.083	0.0	0.0	2387877.148	1.0
3000.049	30.629	259.353	0.034	0.08	0.082	0.0	0.0	2387877.23	1.0
3001.049	30.581	259.141	0.034	0.08	0.082	0.0	0.0	2387877.312	1.0
3002.049	30.532	258.93	0.034	0.08	0.081	0.0	0.0	2387877.393	1.0
3003.049	30.484	258.721	0.034	0.08	0.08	0.0	0.0	2387877.473	1.0
3004.049	30.437	258.513	0.034	0.08	0.08	0.0	0.0	2387877.552	1.0
3005.049	30.389	258.306	0.034	0.08	0.079	0.0	0.0	2387877.631	1.0
3006.049	30.342	258.101	0.034	0.08	0.078	0.0	0.0	2387877.71	1.0
3007.049	30.294	257.897	0.034	0.08	0.078	0.0	0.0	2387877.787	1.0
3008.049	30.247	257.694	0.034	0.08	0.077	0.0	0.0	2387877.864	1.0
3009.049	30.2	257.493	0.034	0.08	0.076	0.0	0.0	2387877.941	1.0
3010.049	30.153	257.293	0.034	0.08	0.076	0.0	0.0	2387878.017	1.0
3011.049	30.107	257.094	0.034	0.08	0.075	0.0	0.0	2387878.092	1.0
3012.049	30.06	256.897	0.034	0.08	0.075	0.0	0.0	2387878.167	1.0
3013.049	30.014	256.701	0.034	0.08	0.074	0.0	0.0	2387878.241	1.0
3014.049	29.968	256.506	0.034	0.08	0.074	0.0	0.0	2387878.314	1.0
3015.049	29.922	256.312	0.034	0.08	0.073	0.0	0.0	2387878.387	1.0
3016.049	29.876	256.12	0.034	0.08	0.072	0.0	0.0	2387878.459	1.0
3017.049	29.831	255.929	0.034	0.08	0.072	0.0	0.0	2387878.531	1.0
3018.049	29.785	255.739	0.034	0.08	0.071	0.0	0.0	2387878.603	1.0
3019.049	29.74	255.551	0.034	0.08	0.071	0.0	0.0	2387878.673	1.0
3020.049	29.695	255.363	0.034	0.08	0.07	0.0	0.0	2387878.744	1.0
3021.049	29.65	255.177	0.034	0.08	0.07	0.0	0.0	2387878.813	1.0
3022.049	29.605	254.992	0.034	0.08	0.069	0.0	0.0	2387878.882	1.0
3023.049	29.56	254.808	0.034	0.08	0.069	0.0	0.0	2387878.951	1.0
3024.049	29.516	254.625	0.034	0.08	0.068	0.0	0.0	2387879.019	1.0
3025.049	29.471	254.443	0.034	0.08	0.068	0.0	0.0	2387879.087	1.0
3026.049	29.427	254.263	0.034	0.08	0.067	0.0	0.0	2387879.154	1.0
3027.049	29.383	254.083	0.034	0.08	0.067	0.0	0.0	2387879.22	1.0
3028.049	29.339	253.905	0.034	0.08	0.066	0.0	0.0	2387879.286	1.0
3029.049	29.296	253.728	0.034	0.08	0.066	0.0	0.0	2387879.352	1.0
3030.049	29.252	253.552	0.034	0.08	0.065	0.0	0.0	2387879.417	1.0
3031.049	29.208	253.377	0.034	0.08	0.065	0.0	0.0	2387879.482	1.0
3032.049	29.165	253.203	0.034	0.08	0.064	0.0	0.0	2387879.546	1.0
3033.049	29.122	253.03	0.034	0.08	0.064	0.0	0.0	2387879.61	1.0
3034.049	29.079	252.858	0.034	0.08	0.063	0.0	0.0	2387879.673	1.0
3035.049	29.036	252.687	0.034	0.08	0.063	0.0	0.0	2387879.736	1.0
3036.049	28.993	252.518	0.034	0.08	0.062	0.0	0.0	2387879.798	1.0
3037.049	28.951	252.349	0.034	0.08	0.062	0.0	0.0	2387879.86	1.0
3038.049	28.908	252.181	0.034	0.08	0.061	0.0	0.0	2387879.922	1.0
3039.049	28.866	252.014	0.034	0.08	0.061	0.0	0.0	2387879.983	1.0
3040.049	28.824	251.849	0.034	0.08	0.061	0.0	0.0	2387880.043	1.0
3041.049	28.782	251.684	0.034	0.08	0.06	0.0	0.0	2387880.103	1.0
3042.049	28.74	251.52	0.034	0.08	0.06	0.0	0.0	2387880.163	1.0
3043.049	28.698	251.357	0.034	0.08	0.059	0.0	0.0	2387880.222	1.0
3044.049	28.656	251.196	0.034	0.08	0.059	0.0	0.0	2387880.281	1.0
3045.049	28.615	251.035	0.034	0.08	0.058	0.0	0.0	2387880.34	1.0
3046.049	28.573	250.875	0.034	0.08	0.058	0.0	0.0	2387880.398	1.0
3047.049	28.532	250.716	0.034	0.08	0.058	0.0	0.0	2387880.455	1.0
3048.049	28.491	250.558	0.034	0.08	0.057	0.0	0.0	2387880.513	1.0
3049.049	28.45	250.401	0.034	0.08	0.057	0.0	0.0	2387880.57	1.0
3050.049	28.409	250.245	0.034	0.08	0.056	0.0	0.0	2387880.626	1.0
3051.049	28.368	250.089	0.034	0.08	0.056	0.0	0.0	2387880.682	1.0
3052.049	28.328	249.935	0.034	0.08	0.056	0.0	0.0	2387880.738	1.0
3053.049	28.287	249.781	0.034	0.08	0.055	0.0	0.0	2387880.793	1.0
3054.049	28.247	249.629	0.034	0.08	0.055	0.0	0.0	2387880.848	1.0
3055.049	28.207	249.477	0.034	0.08	0.055	0.0	0.0	2387880.903	1.0
3056.049	28.167	249.326	0.034	0.08	0.054	0.0	0.0	2387880.957	1.0
3057.049	28.127	249.176	0.034	0.08	0.054	0.0	0.0	2387881.011	1.0
3058.049	28.087	249.027	0.034	0.08	0.053	0.0	0.0	2387881.064	1.0
3059.049	28.047	248.878	0.034	0.08	0.053	0.0	0.0	2387881.117	1.0
3060.049	28.007	248.731	0.034	0.08	0.053	0.0	0.0	2387881.17	1.0
3061.049	27.968	248.584	0.034	0.08	0.052	0.0	0.0	2387881.222	1.0
3062.049	27.929	248.438	0.034	0.08	0.052	0.0	0.0	2387881.275	1.0
3063.049	27.889	248.293	0.034	0.08	0.052	0.0	0.0	2387881.326	1.0
3064.049	27.85	248.149	0.034	0.08	0.051	0.0	0.0	2387881.378	1.0
3065.049	27.811	248.006	0.034	0.08	0.051	0.0	0.0	2387881.429	1.0
3066.049	27.772	247.863	0.034	0.08	0.051	0.0	0.0	2387881.479	1.0
3067.049	27.733	247.721	0.034	0.08	0.05	0.0	0.0	2387881.53	1.0
3068.049	27.695	247.58	0.034	0.08	0.05	0.0	0.0	2387881.58	1.0
3069.049	27.656	247.44	0.034	0.08	0.05	0.0	0.0	2387881.629	1.0
3070.049	27.618	247.3	0.034	0.08	0.049	0.0	0.0	2387881.679	1.0
3071.049	27.58	247.162	0.034	0.08	0.049	0.0	0.0	2387881.728	1.0
3072.049	27.541	247.024	0.034	0.08	0.049	0.0	0.0	2387881.777	1.0
3073.049	27.503	246.887	0.034	0.08	0.048	0.0	0.0	2387881.825	1.0
3074.049	27.465	246.75	0.034	0.08	0.048	0.0	0.0	2387881.873	1.0
3075.049	27.427	246.614	0.034	0.08	0.048	0.0	0.0	2387881.921	1.0
3076.049	27.39	246.479	0.034	0.08	0.048	0.0	0.0	2387881.969	1.0
3077.049	27.352	246.345	0.034	0.08	0.047	0.0	0.0	2387882.016	1.0
3078.049	27.314	246.212	0.034	0.08	0.047	0.0	0.0	2387882.063	1.0
3079.049	27.277	246.079	0.034	0.08	0.047	0.0	0.0	2387882.109	1.0
3080.049	27.24	245.947	0.034	0.08	0.046	0.0	0.0	2387882.156	1.0
3081.049	27.202	245.815	0.034	0.08	0.046	0.0	0.0	2387882.202	1.0
3082.049	27.165	245.685	0.034	0.08	0.046	0.0	0.0	2387882.247	1.0
3083.049	27.128	245.555	0.034	0.08	0.045	0.0	0.0	2387882.293	1.0
3084.049	27.091	245.425	0.034	0.08	0.045	0.0	0.0	2387882.338	1.0
3085.049	27.055	245.297	0.034	0.08	0.045	0.0	0.0	2387882.383	1.0
3086.049	27.018	245.169	0.034	0.08	0.045	0.0	0.0	2387882.428	1.0
3087.049	26.981	245.041	0.034	0.08	0.044	0.0	0.0	2387882.472	1.0
3088.049	26.945	244.915	0.034	0.08	0.044	0.0	0.0	2387882.516	1.0
3089.049	26.908	244.789	0.034	0.08	0.044	0.0	0.0	2387882.56	1.0
3090.049	26.872	244.664	0.034	0.08	0.044	0.0	0.0	2387882.603	1.0
3091.049	26.836	244.539	0.034	0.08	0.043	0.0	0.0	2387882.646	1.0
3092.049	26.8	244.415	0.034	0.08	0.043	0.0	0.0	2387882.689	1.0
3093.049	26.764	244.292	0.034	0.08	0.043	0.0	0.0	2387882.732	1.0
3094.049	26.728	244.169	0.034	0.08	0.042	0.0	0.0	2387882.775	1.0
3095.049	26.692	244.047	0.034	0.08	0.042	0.0	0.0	2387882.817	1.0
3096.049	26.657	243.925	0.034	0.08	0.042	0.0	0.0	2387882.859	1.0
3097.049	26.621	243.805	0.034	0.08	0.042	0.0	0.0	2387882.9	1.0
3098.049	26.585	243.684	0.034	0.08	0.041	0.0	0.0	2387882.942	1.0
3099.049	26.55	243.565	0.034	0.08	0.041	0.0	0.0	2387882.983	1.0
3100.049	26.515	243.446	0.034	0.08	0.041	0.0	0.0	2387883.024	1.0
3101.049	26.48	243.328	0.034	0.08	0.041	0.0	0.0	2387883.065	1.0
3102.049	26.444	243.21	0.034	0.08	0.04	0.0	0.0	2387883.105	1.0
3103.049	26.409	243.093	0.034	0.08	0.04	0.0	0.0	2387883.145	1.0
3104.049	26.375	242.976	0.034	0.08	0.04	0.0	0.0	2387883.185	1.0
3105.049	26.34	242.86	0.034	0.08	0.04	0.0	0.0	2387883.225	1.0
3106.049	26.305	242.745	0.034	0.08	0.04	0.0	0.0	2387883.265	1.0
3107.049	26.27	242.63	0.034	0.08	0.039	0.0	0.0	2387883.304	1.0
3108.049	26.236	242.516	0.034	0.08	0.039	0.0	0.0	2387883.343	1.0
3109.049	26.201	242.402	0.034	0.08	0.039	0.0	0.0	2387883.382	1.0
3110.049	26.167	242.289	0.034	0.08	0.039	0.0	0.0	2387883.421	1.0
3111.049	26.133	242.176	0.034	0.08	0.038	0.0	0.0	2387883.459	1.0
3112.049	26.099	242.064	0.034	0.08	0.038	0.0	0.0	2387883.497	1.0
3113.049	26.064	241.953	0.034	0.08	0.038	0.0	0.0	2387883.535	1.0
3114.049	26.03	241.842	0.034	0.08	0.038	0.0	0.0	2387883.573	1.0
3115.049	25.997	241.732	0.034	0.08	0.037	0.0	0.0	2387883.61	1.0
3116.049	25.963	241.622	0.034	0.08	0.037	0.0	0.0	2387883.647	1.0
3117.049	25.929	241.512	0.034	0.08	0.037	0.0	0.0	2387883.685	1.0
3118.049	25.895	241.404	0.034	0.08	0.037	0.0	0.0	2387883.721	1.0
3119.049	25.862	241.296	0.034	0.08	0.037	0.0	0.0	2387883.758	1.0
3120.049	25.828	241.188	0.034	0.08	0.036	0.0	0.0	2387883.794	1.0
3121.049	25.795	241.081	0.034	0.08	0.036	0.0	0.0	2387883.831	1.0
3122.049	25.762	240.974	0.034	0.08	0.036	0.0	0.0	2387883.867	1.0
3123.049	25.728	240.868	0.034	0.08	0.036	0.0	0.0	2387883.903	1.0
3124.049	25.695	240.762	0.034	0.08	0.036	0.0	0.0	2387883.938	1.0
3125.049	25.662	240.657	0.034	0.08	0.035	0.0	0.0	2387883.974	1.0
3126.049	25.629	240.553	0.034	0.08	0.035	0.0	0.0	2387884.009	1.0
3127.049	25.596	240.449	0.034	0.08	0.035	0.0	0.0	2387884.044	1.0
3128.049	25.564	240.345	0.034	0.08	0.035	0.0	0.0	2387884.079	1.0
3129.049	25.531	240.242	0.034	0.08	0.035	0.0	0.0	2387884.113	1.0
3130.049	25.498	240.139	0.034	0.08	0.034	0.0	0.0	2387884.148	1.0
3131.049	25.466	240.037	0.034	0.08	0.034	0.0	0.0	2387884.182	1.0
3132.049	25.433	239.935	0.034	0.08	0.034	0.0	0.0	2387884.216	1.0
3133.049	25.401	239.834	0.034	0.08	0.034	0.0	0.0	2387884.25	1.0
3134.049	25.368	239.734	0.034	0.08	0.034	0.0	0.0	2387884.284	1.0
3135.049	25.336	239.633	0.034	0.08	0.034	0.0	0.0	2387884.317	1.0
3136.049	25.304	239.534	0.034	0.08	0.033	0.0	0.0	2387884.35	1.0
3137.049	25.272	239.434	0.034	0.08	0.033	0.0	0.0	2387884.384	1.0
3138.049	25.24	239.335	0.034	0.08	0.033	0.0	0.0	2387884.417	1.0
3139.049	25.208	239.237	0.034	0.08	0.033	0.0	0.0	2387884.449	1.0
3140.049	25.176	239.139	0.034	0.08	0.033	0.0	0.0	2387884.482	1.0
3141.049	25.144	239.042	0.034	0.08	0.032	0.0	0.0	2387884.514	1.0
3142.049	25.113	238.945	0.034	0.08	0.032	0.0	0.0	2387884.547	1.0
3143.049	25.081	238.848	0.034	0.08	0.032	0.0	0.0	2387884.579	1.0
3144.049	25.05	238.752	0.034	0.08	0.032	0.0	0.0	2387884.611	1.0
3145.049	25.018	238.656	0.034	0.08	0.032	0.0	0.0	2387884.642	1.0
3146.049	24.987	238.561	0.034	0.08	0.032	0.0	0.0	2387884.674	1.0
3147.049	24.955	238.466	0.034	0.08	0.031	0.0	0.0	2387884.705	1.0
3148.049	24.924	238.372	0.034	0.08	0.031	0.0	0.0	2387884.736	1.0
3149.049	24.893	238.278	0.034	0.08	0.031	0.0	0.0	2387884.768	1.0
3150.049	24.862	238.185	0.034	0.08	0.031	0.0	0.0	2387884.798	1.0
3151.049	24.831	238.092	0.034	0.08	0.031	0.0	0.0	2387884.829	1.0
3152.049	24.8	237.999	0.034	0.08	0.031	0.0	0.0	2387884.86	1.0
3153.049	24.769	237.907	0.034	0.08	0.03	0.0	0.0	2387884.89	1.0
3154.049	24.738	237.815	0.034	0.08	0.03	0.0	0.0	2387884.92	1.0
3155.049	24.708	237.723	0.034	0.08	0.03	0.0	0.0	2387884.95	1.0
3156.049	24.677	237.632	0.034	0.08	0.03	0.0	0.0	2387884.98	1.0
3157.049	24.646	237.542	0.034	0.08	0.03	0.0	0.0	2387885.01	1.0
3158.049	24.616	237.452	0.034	0.08	0.03	0.0	0.0	2387885.04	1.0
3159.049	24.585	237.362	0.034	0.08	0.029	0.0	0.0	2387885.069	1.0
3160.049	24.555	237.272	0.034	0.08	0.029	0.0	0.0	2387885.099	1.0
3161.049	24.525	237.183	0.034	0.08	0.029	0.0	0.0	2387885.128	1.0
3162.049	24.494	237.095	0.034	0.08	0.029	0.0	0.0	2387885.157	1.0
3163.049	24.464	237.007	0.034	0.08	0.029	0.0	0.0	2387885.186	1.0
3164.049	24.434	236.919	0.034	0.08	0.029	0.0	0.0	2387885.214	1.0
3165.049	24.404	236.831	0.034	0.08	0.029	0.0	0.0	2387885.243	1.0
3166.049	24.374	236.744	0.034	0.08	0.028	0.0	0.0	2387885.271	1.0
3167.049	24.344	236.657	0.034	0.08	0.028	0.0	0.0	2387885.3	1.0
3168.049	24.314	236.571	0.034	0.08	0.028	0.0	0.0	2387885.328	1.0
3169.049	24.285	236.485	0.034	0.08	0.028	0.0	0.0	2387885.356	1.0
3170.049	24.255	236.4	0.034	0.08	0.028	0.0	0.0	2387885.384	1.0
3171.049	24.225	236.315	0.034	0.08	0.028	0.0	0.0	2387885.411	1.0
3172.049	24.196	236.23	0.034	0.08	0.028	0.0	0.0	2387885.439	1.0
