#_______________________________________________________________________________
#    ######   ####     ##             #####   #####     ##    #    #    ## 
#    #       #        #  #            #    #  #    #   #  #   ##  ##   #  #
#    #####    ####   ######           #    #  #####   ######  # ## #  ######
#    #            #  #    #           #    #  #    #  #    #  #    #  #    #
#____######__#####___#____#___________#####___#____#__#____#__#____#__#____#____
#
#              ESA Debris Risk Assessment and Mitigation Analysis
#
#                      ---- DRAMA ( SESAM 2.1.5 ) ----
#                                      ESA 2018
#
#                              aerothermal history file
#-------------------------------------------------------------------------------
# Filename      : PySara.PCU.ec290029-8b8b-41f1-84b5-0156600c4465_AeroThermalHistory.txt
# RunID         : PySara
# ObjectID      : ec290029-8b8b-41f1-84b5-0156600c4465
# ObjectName    : PCU
# ReferenceArea : 0.041697 [m^2]
# Content       : This file contains the aerothermal data of the object,
#                 computed by the DRAMA 3 Re-entry Analysis.
# Documentation : DRAMA Software User Manual, section OPERATIONS MANUAL / Normal operation / SARA / SARA Simulation Output / Re-entry simulation output
# Note          : The convective heat and the integrated heat values in this file take into account the visibility factor
#
#-------------------------------------------------------------------------------------------------------------------------------------------------------------------
#  Time [s]  Altitude [km]   Temp [K]   Mass [kg]   Thick [mm]  Convective Heat [W]  Radiative Heat [W]  Oxidation Heat [W]  Integrated Heat [J] VisibilityFactor [-]
#-------------------------------------------------------------------------------------------------------------------------------------------------------------------
  1883.200          81.818    300.000       2.690       4.088            52073.502               0.000               0.000                0.000   1.00000 
  1883.300          81.807    302.199       2.690       4.088            52100.843               0.000               0.000             5210.084   1.00000 
  1883.750          81.761    312.106       2.690       4.088            52227.849               0.000               0.000            28712.616   1.00000 
  1884.750          81.656    334.145       2.690       4.088            52519.388               0.000               0.000            81232.004   1.00000 
  1885.750          81.551    356.090       2.690       4.088            52833.087               0.000               0.000           134065.091   1.00000 
  1886.750          81.446    377.935       2.690       4.088            53147.471               0.000               0.000           187212.563   1.00000 
  1887.750          81.340    399.626       2.690       4.088            53462.566               0.000               0.000           240675.129   1.00000 
  1888.750          81.234    421.119       2.690       4.088            53778.398               0.000               0.000           294453.527   1.00000 
  1889.750          81.127    442.423       2.690       4.088            54094.993               0.000               0.000           348548.520   1.00000 
  1890.750          81.019    463.500       2.690       4.088            54412.380               0.000               0.000           402960.901   1.00000 
  1891.750          80.911    484.062       2.690       4.088            54730.589               0.000               0.000           457691.490   1.00000 
  1892.750          80.803    503.650       2.690       4.088            55049.650               0.000               0.000           512741.140   1.00000 
  1893.750          80.693    522.436       2.690       4.088            55369.594               0.000               0.000           568110.733   1.00000 
  1894.750          80.584    541.184       2.690       4.088            55690.454               0.000               0.000           623801.188   1.00000 
  1895.750          80.473    560.477       2.690       4.088            56012.266               0.000               0.000           679813.453   1.00000 
  1896.750          80.362    580.289       2.690       4.088            56335.063               0.000               0.000           736148.516   1.00000 
  1897.750          80.251    600.015       2.690       4.088            56658.883               0.000               0.000           792807.399   1.00000 
  1898.750          80.139    619.137       2.690       4.088            56983.765               0.000               0.000           849791.164   1.00000 
  1899.750          80.026    637.684       2.690       4.088            57309.748               0.000               0.000           907100.912   1.00000 
  1900.750          79.912    655.728       2.690       4.088            57636.871               0.000               0.000           964737.783   1.00000 
  1901.750          79.798    673.320       2.690       4.088            57965.150               0.000               0.000          1022702.933   1.00000 
  1902.750          79.683    690.539       2.690       4.088            58294.592               0.000               0.000          1080997.525   1.00000 
  1903.750          79.568    707.514       2.690       4.088            58625.207               0.000               0.000          1139622.732   1.00000 
  1904.750          79.451    724.525       2.690       4.088            58957.003               0.000               0.000          1198579.736   1.00000 
  1905.750          79.334    742.907       2.690       4.088            59289.989               0.000               0.000          1257869.724   1.00000 
  1906.750          79.217    762.736       2.690       4.088            59624.172               0.000               0.000          1317493.896   1.00000 
  1907.750          79.098    782.925       2.690       4.088            59959.561               0.000               0.000          1377453.457   1.00000 
  1908.750          78.979    803.085       2.690       4.088            60296.163               0.000               0.000          1437749.620   1.00000 
  1909.750          78.859    823.127       2.690       4.088            60633.988               0.000               0.000          1498383.608   1.00000 
  1910.750          78.738    843.034       2.690       4.088            60973.044               0.000               0.000          1559356.653   1.00000 
  1911.750          78.616    850.000       2.596       3.939            61313.339               0.000               0.000          1620669.991   1.00000 
  1912.750          78.494    850.000       2.449       3.707            61650.527               0.000               0.000          1682320.518   1.00000 
  1913.750          78.370    850.000       2.301       3.475            61980.838               0.000               0.000          1744301.356   1.00000 
  1914.750          78.246    850.000       2.153       3.243            62302.829               0.000               0.000          1806604.184   1.00000 
  1915.750          78.121    850.000       2.003       3.010            62615.239               0.000               0.000          1869219.423   1.00000 
  1916.750          77.995    850.000       1.853       2.778            62916.638               0.000               0.000          1932136.061   1.00000 
  1917.750          77.868    850.000       1.703       2.546            63205.398               0.000               0.000          1995341.459   1.00000 
  1918.750          77.741    850.000       1.551       2.314            63479.662               0.000               0.000          2058821.121   1.00000 
  1919.750          77.612    850.000       1.399       2.082            63737.294               0.000               0.000          2122558.415   1.00000 
  1920.750          77.483    850.000       1.246       1.850            63975.837               0.000               0.000          2186534.251   1.00000 
  1921.750          77.352    850.000       1.093       1.618            64192.440               0.000               0.000          2250726.691   1.00000 
  1922.750          77.221    850.000       0.939       1.387            64383.781               0.000               0.000          2315110.472   1.00000 
  1923.750          77.089    850.000       0.785       1.157            64545.964               0.000               0.000          2379656.436   1.00000 
  1924.750          76.955    850.000       0.631       0.927            64674.386               0.000               0.000          2444330.822   1.00000 
  1925.750          76.821    850.000       0.476       0.698            64763.564               0.000               0.000          2509094.385   1.00000 
  1926.750          76.686    850.000       0.321       0.470            64806.907               0.000               0.000          2573901.292   1.00000 
  1927.750          76.550    850.000       0.166       0.243            64796.411               0.000               0.000          2638697.703   1.00000 
  1928.750          76.413    850.000       0.012       0.017            64722.238               0.000               0.000          2703419.942   1.00000 
  1929.750          76.274    850.000       0.000       0.000            64572.129               0.000               0.000          2767992.070   1.00000 
