#_______________________________________________________________________________
#    ######   ####     ##             #####   #####     ##    #    #    ## 
#    #       #        #  #            #    #  #    #   #  #   ##  ##   #  #
#    #####    ####   ######           #    #  #####   ######  # ## #  ######
#    #            #  #    #           #    #  #    #  #    #  #    #  #    #
#____######__#####___#____#___________#####___#____#__#____#__#____#__#____#____
#
#              ESA Debris Risk Assessment and Mitigation Analysis
#
#                      ---- DRAMA ( SESAM 2.1.5 ) ----
#                                      ESA 2018
#
#                              aerothermal history file
#-------------------------------------------------------------------------------
# Filename      : PySara.DPU-SEM.bd7f8fe5-b32a-460c-b396-4790d4115078_AeroThermalHistory.txt
# RunID         : PySara
# ObjectID      : bd7f8fe5-b32a-460c-b396-4790d4115078
# ObjectName    : DPU-SEM
# ReferenceArea : 0.001323 [m^2]
# Content       : This file contains the aerothermal data of the object,
#                 computed by the DRAMA 3 Re-entry Analysis.
# Documentation : DRAMA Software User Manual, section OPERATIONS MANUAL / Normal operation / SARA / SARA Simulation Output / Re-entry simulation output
# Note          : The convective heat and the integrated heat values in this file take into account the visibility factor
#
#-------------------------------------------------------------------------------------------------------------------------------------------------------------------
#  Time [s]  Altitude [km]   Temp [K]   Mass [kg]   Thick [mm]  Convective Heat [W]  Radiative Heat [W]  Oxidation Heat [W]  Integrated Heat [J] VisibilityFactor [-]
#-------------------------------------------------------------------------------------------------------------------------------------------------------------------
  1398.200          90.148    300.000       0.099       2.645             1244.880               0.000               0.000                0.000   1.00000 
  1398.300          90.138    301.429       0.099       2.645             1246.903               0.000               0.000              124.690   1.00000 
  1398.750          90.092    307.901       0.099       2.645             1256.331               0.000               0.000              690.039   1.00000 
  1399.750          89.990    322.490       0.099       2.645             1278.181               0.000               0.000             1968.220   1.00000 
  1400.750          89.888    337.246       0.099       2.645             1302.010               0.000               0.000             3270.230   1.00000 
  1401.750          89.786    352.170       0.099       2.645             1326.225               0.000               0.000             4596.455   1.00000 
  1402.750          89.683    367.262       0.099       2.645             1350.830               0.000               0.000             5947.285   1.00000 
  1403.750          89.580    382.497       0.099       2.645             1375.829               0.000               0.000             7323.114   1.00000 
  1404.750          89.476    397.857       0.099       2.645             1401.229               0.000               0.000             8724.343   1.00000 
  1405.750          89.372    413.329       0.099       2.645             1427.034               0.000               0.000            10151.377   1.00000 
  1406.750          89.268    428.900       0.099       2.645             1453.248               0.000               0.000            11604.625   1.00000 
  1407.750          89.163    444.599       0.099       2.645             1479.878               0.000               0.000            13084.503   1.00000 
  1408.750          89.058    460.356       0.099       2.645             1506.928               0.000               0.000            14591.431   1.00000 
  1409.750          88.952    476.035       0.099       2.645             1534.404               0.000               0.000            16125.834   1.00000 
  1410.750          88.846    491.454       0.099       2.645             1562.310               0.000               0.000            17688.144   1.00000 
  1411.750          88.740    506.382       0.099       2.645             1590.652               0.000               0.000            19278.796   1.00000 
  1412.750          88.633    521.135       0.099       2.645             1619.436               0.000               0.000            20898.232   1.00000 
  1413.750          88.526    536.084       0.099       2.645             1648.666               0.000               0.000            22546.898   1.00000 
  1414.750          88.418    551.539       0.099       2.645             1678.348               0.000               0.000            24225.246   1.00000 
  1415.750          88.309    567.648       0.099       2.645             1708.487               0.000               0.000            25933.733   1.00000 
  1416.750          88.200    584.134       0.099       2.645             1739.089               0.000               0.000            27672.821   1.00000 
  1417.750          88.091    600.584       0.099       2.645             1770.158               0.000               0.000            29442.979   1.00000 
  1418.750          87.981    616.803       0.099       2.645             1801.700               0.000               0.000            31244.679   1.00000 
  1419.750          87.871    632.792       0.099       2.645             1833.721               0.000               0.000            33078.400   1.00000 
  1420.750          87.760    648.587       0.099       2.645             1866.225               0.000               0.000            34944.626   1.00000 
  1421.750          87.648    664.206       0.099       2.645             1899.218               0.000               0.000            36843.844   1.00000 
  1422.750          87.536    679.690       0.099       2.645             1932.705               0.000               0.000            38776.549   1.00000 
  1423.750          87.423    695.099       0.099       2.645             1966.690               0.000               0.000            40743.239   1.00000 
  1424.750          87.310    710.521       0.099       2.645             2001.180               0.000               0.000            42744.419   1.00000 
  1425.750          87.196    726.184       0.099       2.645             2036.178               0.000               0.000            44780.597   1.00000 
  1426.750          87.081    743.478       0.099       2.645             2071.690               0.000               0.000            46852.287   1.00000 
  1427.750          86.965    762.138       0.099       2.645             2107.719               0.000               0.000            48960.006   1.00000 
  1428.750          86.849    781.315       0.099       2.645             2144.272               0.000               0.000            51104.278   1.00000 
  1429.750          86.733    800.670       0.099       2.645             2181.351               0.000               0.000            53285.629   1.00000 
  1430.750          86.615    820.111       0.099       2.645             2218.962               0.000               0.000            55504.591   1.00000 
  1431.750          86.497    839.619       0.099       2.645             2257.108               0.000               0.000            57761.699   1.00000 
  1432.750          86.378    850.000       0.097       2.571             2295.793               0.000               0.000            60057.492   1.00000 
  1433.750          86.259    850.000       0.091       2.410             2334.860               0.000               0.000            62392.352   1.00000 
  1434.750          86.138    850.000       0.086       2.249             2374.051               0.000               0.000            64766.403   1.00000 
  1435.750          86.017    850.000       0.080       2.087             2413.249               0.000               0.000            67179.653   1.00000 
  1436.750          85.895    850.000       0.074       1.925             2452.342               0.000               0.000            69631.995   1.00000 
  1437.750          85.773    850.000       0.069       1.763             2491.191               0.000               0.000            72123.186   1.00000 
  1438.750          85.649    850.000       0.063       1.600             2529.622               0.000               0.000            74652.809   1.00000 
  1439.750          85.525    850.000       0.057       1.437             2567.417               0.000               0.000            77220.226   1.00000 
  1440.750          85.400    850.000       0.051       1.274             2604.296               0.000               0.000            79824.522   1.00000 
  1441.750          85.274    850.000       0.044       1.112             2639.892               0.000               0.000            82464.415   1.00000 
  1442.750          85.147    850.000       0.038       0.949             2673.715               0.000               0.000            85138.130   1.00000 
  1443.750          85.020    850.000       0.032       0.786             2705.090               0.000               0.000            87843.220   1.00000 
  1444.750          84.891    850.000       0.026       0.625             2733.050               0.000               0.000            90576.269   1.00000 
  1445.750          84.762    850.000       0.019       0.463             2756.145               0.000               0.000            93332.415   1.00000 
  1446.750          84.632    850.000       0.013       0.304             2772.049               0.000               0.000            96104.464   1.00000 
  1447.750          84.502    850.000       0.006       0.146             2776.657               0.000               0.000            98881.121   1.00000 
  1448.750          84.371    850.000       0.000       0.000             2761.615               0.000               0.000           101642.736   1.00000 
