#_______________________________________________________________________________
#    ######   ####     ##             #####   #####     ##    #    #    ## 
#    #       #        #  #            #    #  #    #   #  #   ##  ##   #  #
#    #####    ####   ######           #    #  #####   ######  # ## #  ######
#    #            #  #    #           #    #  #    #  #    #  #    #  #    #
#____######__#####___#____#___________#####___#____#__#____#__#____#__#____#____
#
#              ESA Debris Risk Assessment and Mitigation Analysis
#
#                      ---- DRAMA ( SESAM 2.1.5 ) ----
#                                      ESA 2018
#
#                              aerothermal history file
#-------------------------------------------------------------------------------
# Filename      : PySara.EDR.4e7a4b59-cee7-44f5-ae91-a119ddf2194d_AeroThermalHistory.txt
# RunID         : PySara
# ObjectID      : 4e7a4b59-cee7-44f5-ae91-a119ddf2194d
# ObjectName    : EDR
# ReferenceArea : 0.00285 [m^2]
# Content       : This file contains the aerothermal data of the object,
#                 computed by the DRAMA 3 Re-entry Analysis.
# Documentation : DRAMA Software User Manual, section OPERATIONS MANUAL / Normal operation / SARA / SARA Simulation Output / Re-entry simulation output
# Note          : The convective heat and the integrated heat values in this file take into account the visibility factor
#
#-------------------------------------------------------------------------------------------------------------------------------------------------------------------
#  Time [s]  Altitude [km]   Temp [K]   Mass [kg]   Thick [mm]  Convective Heat [W]  Radiative Heat [W]  Oxidation Heat [W]  Integrated Heat [J] VisibilityFactor [-]
#-------------------------------------------------------------------------------------------------------------------------------------------------------------------
  1264.100         101.199    300.000       0.140       2.702              280.440               0.000               0.000                0.000   1.00000 
  1264.200         101.192    300.226       0.140       2.702              280.560               0.000               0.000               28.056   1.00000 
  1264.650         101.162    301.242       0.140       2.702              281.114               0.000               0.000              154.557   1.00000 
  1265.650         101.096    303.510       0.140       2.702              282.389               0.000               0.000              436.946   1.00000 
  1266.650         101.029    305.787       0.140       2.702              283.767               0.000               0.000              720.714   1.00000 
  1267.650         100.962    308.071       0.140       2.702              285.154               0.000               0.000             1005.868   1.00000 
  1268.650         100.895    310.363       0.140       2.702              286.550               0.000               0.000             1292.418   1.00000 
  1269.650         100.828    312.663       0.140       2.702              287.955               0.000               0.000             1580.373   1.00000 
  1270.650         100.760    314.971       0.140       2.702              289.370               0.000               0.000             1869.743   1.00000 
  1271.650         100.693    317.288       0.140       2.702              290.795               0.000               0.000             2160.538   1.00000 
  1272.650         100.625    319.612       0.140       2.702              292.230               0.000               0.000             2452.767   1.00000 
  1273.650         100.557    321.945       0.140       2.702              293.675               0.000               0.000             2746.443   1.00000 
  1274.650         100.488    324.286       0.140       2.702              295.131               0.000               0.000             3041.574   1.00000 
  1275.650         100.420    326.634       0.140       2.702              296.599               0.000               0.000             3338.172   1.00000 
  1276.650         100.351    328.992       0.140       2.702              298.077               0.000               0.000             3636.250   1.00000 
  1277.650         100.282    331.357       0.140       2.702              299.568               0.000               0.000             3935.818   1.00000 
  1278.650         100.213    333.731       0.140       2.702              301.071               0.000               0.000             4236.888   1.00000 
  1279.650         100.143    336.113       0.140       2.702              302.586               0.000               0.000             4539.474   1.00000 
  1280.650         100.073    338.503       0.140       2.702              304.114               0.000               0.000             4843.588   1.00000 
  1281.650         100.003    340.903       0.140       2.702              305.669               0.000               0.000             5149.257   1.00000 
  1282.650          99.933    343.310       0.140       2.702              307.274               0.000               0.000             5456.531   1.00000 
  1283.650          99.863    345.728       0.140       2.702              308.929               0.000               0.000             5765.459   1.00000 
  1284.650          99.792    348.154       0.140       2.702              310.635               0.000               0.000             6076.094   1.00000 
  1285.650          99.721    350.591       0.140       2.702              312.395               0.000               0.000             6388.490   1.00000 
  1286.650          99.650    353.038       0.140       2.702              314.210               0.000               0.000             6702.700   1.00000 
  1287.650          99.578    355.496       0.140       2.702              316.081               0.000               0.000             7018.780   1.00000 
  1288.650          99.506    357.964       0.140       2.702              318.009               0.000               0.000             7336.789   1.00000 
  1289.650          99.434    360.442       0.140       2.702              319.997               0.000               0.000             7656.787   1.00000 
  1290.650          99.362    362.932       0.140       2.702              322.046               0.000               0.000             7978.833   1.00000 
  1291.650          99.289    365.434       0.140       2.702              324.157               0.000               0.000             8302.990   1.00000 
  1292.650          99.217    367.947       0.140       2.702              326.333               0.000               0.000             8629.323   1.00000 
  1293.650          99.144    370.473       0.140       2.702              328.575               0.000               0.000             8957.898   1.00000 
  1294.650          99.070    373.011       0.140       2.702              330.885               0.000               0.000             9288.782   1.00000 
  1295.650          98.997    375.563       0.140       2.702              333.264               0.000               0.000             9622.046   1.00000 
  1296.650          98.923    378.128       0.140       2.702              335.715               0.000               0.000             9957.761   1.00000 
  1297.650          98.849    380.706       0.140       2.702              338.240               0.000               0.000            10296.001   1.00000 
  1298.650          98.774    383.299       0.140       2.702              340.840               0.000               0.000            10636.841   1.00000 
  1299.650          98.699    385.905       0.140       2.702              343.518               0.000               0.000            10980.359   1.00000 
  1300.650          98.624    388.527       0.140       2.702              346.276               0.000               0.000            11326.635   1.00000 
  1301.650          98.549    391.164       0.140       2.702              349.115               0.000               0.000            11675.750   1.00000 
  1302.650          98.474    393.817       0.140       2.702              352.039               0.000               0.000            12027.789   1.00000 
  1303.650          98.398    396.486       0.140       2.702              355.050               0.000               0.000            12382.839   1.00000 
  1304.650          98.321    399.172       0.140       2.702              358.149               0.000               0.000            12740.989   1.00000 
  1305.650          98.245    401.875       0.140       2.702              361.340               0.000               0.000            13102.329   1.00000 
  1306.650          98.168    404.596       0.140       2.702              364.625               0.000               0.000            13466.953   1.00000 
  1307.650          98.091    407.334       0.140       2.702              368.005               0.000               0.000            13834.959   1.00000 
  1308.650          98.014    410.092       0.140       2.702              371.485               0.000               0.000            14206.444   1.00000 
  1309.650          97.936    412.869       0.140       2.702              375.067               0.000               0.000            14581.511   1.00000 
  1310.650          97.858    415.666       0.140       2.702              378.753               0.000               0.000            14960.263   1.00000 
  1311.650          97.780    418.485       0.140       2.702              382.546               0.000               0.000            15342.809   1.00000 
  1312.650          97.701    421.326       0.140       2.702              386.449               0.000               0.000            15729.259   1.00000 
  1313.650          97.622    424.189       0.140       2.702              390.466               0.000               0.000            16119.725   1.00000 
  1314.650          97.543    427.077       0.140       2.702              394.599               0.000               0.000            16514.324   1.00000 
  1315.650          97.463    429.988       0.140       2.702              398.851               0.000               0.000            16913.175   1.00000 
  1316.650          97.383    432.924       0.140       2.702              403.226               0.000               0.000            17316.401   1.00000 
  1317.650          97.303    435.886       0.140       2.702              407.727               0.000               0.000            17724.127   1.00000 
  1318.650          97.222    438.872       0.140       2.702              412.357               0.000               0.000            18136.484   1.00000 
  1319.650          97.141    441.881       0.140       2.702              417.120               0.000               0.000            18553.604   1.00000 
  1320.650          97.060    444.914       0.140       2.702              422.020               0.000               0.000            18975.624   1.00000 
  1321.650          96.978    447.973       0.140       2.702              427.059               0.000               0.000            19402.683   1.00000 
  1322.650          96.896    451.058       0.140       2.702              432.243               0.000               0.000            19834.926   1.00000 
  1323.650          96.813    454.170       0.140       2.702              437.574               0.000               0.000            20272.499   1.00000 
  1324.650          96.731    457.306       0.140       2.702              443.057               0.000               0.000            20715.556   1.00000 
  1325.650          96.647    460.461       0.140       2.702              448.695               0.000               0.000            21164.252   1.00000 
  1326.650          96.564    463.634       0.140       2.702              454.494               0.000               0.000            21618.746   1.00000 
  1327.650          96.480    466.829       0.140       2.702              460.457               0.000               0.000            22079.202   1.00000 
  1328.650          96.396    470.044       0.140       2.702              466.588               0.000               0.000            22545.791   1.00000 
  1329.650          96.311    473.280       0.140       2.702              472.893               0.000               0.000            23018.683   1.00000 
  1330.650          96.226    476.538       0.140       2.702              479.375               0.000               0.000            23498.058   1.00000 
  1331.650          96.141    479.803       0.140       2.702              486.040               0.000               0.000            23984.098   1.00000 
  1332.650          96.055    483.078       0.140       2.702              492.891               0.000               0.000            24476.989   1.00000 
  1333.650          95.969    486.362       0.140       2.702              499.936               0.000               0.000            24976.925   1.00000 
  1334.650          95.882    489.657       0.140       2.702              507.177               0.000               0.000            25484.102   1.00000 
  1335.650          95.796    492.963       0.140       2.702              514.621               0.000               0.000            25998.722   1.00000 
  1336.650          95.708    496.282       0.140       2.702              522.272               0.000               0.000            26520.995   1.00000 
  1337.650          95.620    499.629       0.140       2.702              530.137               0.000               0.000            27051.132   1.00000 
  1338.650          95.532    503.005       0.140       2.702              538.221               0.000               0.000            27589.352   1.00000 
  1339.650          95.444    506.410       0.140       2.702              546.529               0.000               0.000            28135.881   1.00000 
  1340.650          95.355    509.845       0.140       2.702              555.068               0.000               0.000            28690.949   1.00000 
  1341.650          95.265    513.311       0.140       2.702              563.843               0.000               0.000            29254.792   1.00000 
  1342.650          95.176    516.813       0.140       2.702              572.860               0.000               0.000            29827.652   1.00000 
  1343.650          95.085    520.381       0.140       2.702              582.126               0.000               0.000            30409.778   1.00000 
  1344.650          94.995    524.018       0.140       2.702              591.648               0.000               0.000            31001.426   1.00000 
  1345.650          94.903    527.726       0.140       2.702              601.431               0.000               0.000            31602.858   1.00000 
  1346.650          94.812    531.507       0.140       2.702              611.483               0.000               0.000            32214.341   1.00000 
  1347.650          94.720    535.363       0.140       2.702              621.810               0.000               0.000            32836.151   1.00000 
  1348.650          94.627    539.303       0.140       2.702              632.419               0.000               0.000            33468.570   1.00000 
  1349.650          94.535    543.334       0.140       2.702              643.317               0.000               0.000            34111.887   1.00000 
  1350.650          94.441    547.458       0.140       2.702              654.511               0.000               0.000            34766.398   1.00000 
  1351.650          94.347    551.679       0.140       2.702              666.009               0.000               0.000            35432.408   1.00000 
  1352.650          94.253    556.002       0.140       2.702              677.819               0.000               0.000            36110.226   1.00000 
  1353.650          94.158    560.412       0.140       2.702              689.947               0.000               0.000            36800.173   1.00000 
  1354.650          94.063    564.903       0.140       2.702              702.401               0.000               0.000            37502.574   1.00000 
  1355.650          93.967    569.479       0.140       2.702              715.190               0.000               0.000            38217.765   1.00000 
  1356.650          93.871    574.141       0.140       2.702              728.322               0.000               0.000            38946.087   1.00000 
  1357.650          93.774    578.880       0.140       2.702              741.804               0.000               0.000            39687.891   1.00000 
  1358.650          93.677    583.663       0.140       2.702              755.646               0.000               0.000            40443.537   1.00000 
  1359.650          93.580    588.489       0.140       2.702              769.856               0.000               0.000            41213.393   1.00000 
  1360.650          93.481    593.361       0.140       2.702              784.442               0.000               0.000            41997.835   1.00000 
  1361.650          93.383    598.278       0.140       2.702              799.413               0.000               0.000            42797.249   1.00000 
  1362.650          93.284    603.238       0.140       2.702              814.779               0.000               0.000            43612.028   1.00000 
  1363.650          93.184    608.242       0.140       2.702              830.548               0.000               0.000            44442.576   1.00000 
  1364.650          93.084    613.290       0.140       2.702              846.730               0.000               0.000            45289.307   1.00000 
  1365.650          92.983    618.384       0.140       2.702              863.335               0.000               0.000            46152.641   1.00000 
  1366.650          92.881    623.528       0.140       2.702              880.371               0.000               0.000            47033.012   1.00000 
  1367.650          92.780    628.721       0.140       2.702              897.848               0.000               0.000            47930.860   1.00000 
  1368.650          92.677    633.965       0.140       2.702              915.777               0.000               0.000            48846.638   1.00000 
  1369.650          92.574    639.261       0.140       2.702              934.168               0.000               0.000            49780.806   1.00000 
  1370.650          92.471    644.610       0.140       2.702              953.030               0.000               0.000            50733.835   1.00000 
  1371.650          92.367    650.013       0.140       2.702              972.373               0.000               0.000            51706.209   1.00000 
  1372.650          92.262    655.470       0.140       2.702              992.209               0.000               0.000            52698.418   1.00000 
  1373.650          92.157    660.986       0.140       2.702             1012.548               0.000               0.000            53710.966   1.00000 
  1374.650          92.051    666.564       0.140       2.702             1033.400               0.000               0.000            54744.365   1.00000 
  1375.650          91.945    672.204       0.140       2.702             1054.775               0.000               0.000            55799.141   1.00000 
  1376.650          91.838    677.908       0.140       2.702             1076.686               0.000               0.000            56875.827   1.00000 
  1377.650          91.731    683.687       0.140       2.702             1099.142               0.000               0.000            57974.969   1.00000 
  1378.650          91.622    689.544       0.140       2.702             1122.156               0.000               0.000            59097.125   1.00000 
  1379.650          91.514    695.479       0.140       2.702             1145.736               0.000               0.000            60242.861   1.00000 
  1380.650          91.404    701.511       0.140       2.702             1169.896               0.000               0.000            61412.757   1.00000 
  1381.650          91.294    707.665       0.140       2.702             1194.647               0.000               0.000            62607.404   1.00000 
  1382.650          91.184    713.944       0.140       2.702             1219.998               0.000               0.000            63827.402   1.00000 
  1383.650          91.073    720.386       0.140       2.702             1245.962               0.000               0.000            65073.365   1.00000 
  1384.650          90.961    727.229       0.140       2.702             1272.551               0.000               0.000            66345.915   1.00000 
  1385.650          90.848    734.527       0.140       2.702             1299.775               0.000               0.000            67645.690   1.00000 
  1386.650          90.735    742.286       0.140       2.702             1327.645               0.000               0.000            68973.335   1.00000 
  1387.650          90.621    750.286       0.140       2.702             1356.174               0.000               0.000            70329.509   1.00000 
  1388.650          90.507    758.537       0.140       2.702             1385.372               0.000               0.000            71714.881   1.00000 
  1389.650          90.392    766.980       0.140       2.702             1415.250               0.000               0.000            73130.132   1.00000 
  1390.650          90.276    775.580       0.140       2.702             1445.821               0.000               0.000            74575.952   1.00000 
  1391.650          90.160    784.332       0.140       2.702             1477.094               0.000               0.000            76053.046   1.00000 
  1392.650          90.043    793.218       0.140       2.702             1509.081               0.000               0.000            77562.127   1.00000 
  1393.650          89.925    802.238       0.140       2.702             1541.793               0.000               0.000            79103.920   1.00000 
  1394.650          89.806    811.390       0.140       2.702             1575.241               0.000               0.000            80679.161   1.00000 
  1395.650          89.687    820.676       0.140       2.702             1609.438               0.000               0.000            82288.599   1.00000 
  1396.650          89.567    830.092       0.140       2.702             1644.397               0.000               0.000            83932.996   1.00000 
  1397.650          89.446    839.639       0.140       2.702             1680.131               0.000               0.000            85613.127   1.00000 
  1398.650          89.325    849.224       0.140       2.702             1716.652               0.000               0.000            87329.779   1.00000 
  1399.650          89.203    850.000       0.137       2.628             1753.974               0.000               0.000            89083.753   1.00000 
  1400.650          89.080    850.000       0.133       2.546             1792.063               0.000               0.000            90875.816   1.00000 
  1401.650          88.956    850.000       0.129       2.462             1830.912               0.000               0.000            92706.728   1.00000 
  1402.650          88.832    850.000       0.125       2.377             1870.524               0.000               0.000            94577.252   1.00000 
  1403.650          88.707    850.000       0.120       2.290             1910.900               0.000               0.000            96488.152   1.00000 
  1404.650          88.581    850.000       0.116       2.201             1952.037               0.000               0.000            98440.189   1.00000 
  1405.650          88.454    850.000       0.112       2.111             1993.935               0.000               0.000           100434.125   1.00000 
  1406.650          88.327    850.000       0.107       2.020             2036.588               0.000               0.000           102470.713   1.00000 
  1407.650          88.198    850.000       0.103       1.927             2079.989               0.000               0.000           104550.702   1.00000 
  1408.650          88.069    850.000       0.098       1.832             2124.129               0.000               0.000           106674.831   1.00000 
  1409.650          87.939    850.000       0.093       1.736             2168.993               0.000               0.000           108843.824   1.00000 
  1410.650          87.809    850.000       0.088       1.638             2214.567               0.000               0.000           111058.391   1.00000 
  1411.650          87.677    850.000       0.083       1.539             2260.828               0.000               0.000           113319.219   1.00000 
  1412.650          87.545    850.000       0.078       1.438             2307.751               0.000               0.000           115626.970   1.00000 
  1413.650          87.412    850.000       0.073       1.336             2355.304               0.000               0.000           117982.274   1.00000 
  1414.650          87.278    850.000       0.067       1.232             2403.448               0.000               0.000           120385.721   1.00000 
  1415.650          87.143    850.000       0.062       1.126             2452.136               0.000               0.000           122837.858   1.00000 
  1416.650          87.007    850.000       0.056       1.019             2501.313               0.000               0.000           125339.171   1.00000 
  1417.650          86.870    850.000       0.050       0.910             2550.908               0.000               0.000           127890.079   1.00000 
  1418.650          86.733    850.000       0.044       0.800             2600.840               0.000               0.000           130490.919   1.00000 
  1419.650          86.594    850.000       0.038       0.689             2651.007               0.000               0.000           133141.926   1.00000 
  1420.650          86.455    850.000       0.032       0.576             2701.287               0.000               0.000           135843.212   1.00000 
  1421.650          86.315    850.000       0.026       0.461             2751.529               0.000               0.000           138594.741   1.00000 
  1422.650          86.174    850.000       0.019       0.346             2801.547               0.000               0.000           141396.288   1.00000 
  1423.650          86.032    850.000       0.013       0.229             2851.110               0.000               0.000           144247.398   1.00000 
  1424.650          85.889    850.000       0.006       0.111             2899.925               0.000               0.000           147147.323   1.00000 
  1425.650          85.745    850.000       0.000       0.000             2947.617               0.000               0.000           150094.941   1.00000 
