#_______________________________________________________________________________
#    ######   ####     ##             #####   #####     ##    #    #    ## 
#    #       #        #  #            #    #  #    #   #  #   ##  ##   #  #
#    #####    ####   ######           #    #  #####   ######  # ## #  ######
#    #            #  #    #           #    #  #    #  #    #  #    #  #    #
#____######__#####___#____#___________#####___#____#__#____#__#____#__#____#____
#
#              ESA Debris Risk Assessment and Mitigation Analysis
#
#                      ---- DRAMA ( SESAM 2.1.5 ) ----
#                                      ESA 2018
#
#                              aerothermal history file
#-------------------------------------------------------------------------------
# Filename      : PySara.IASI.429cbd40-c6c5-43fd-b460-fc5cd243292f_AeroThermalHistory.txt
# RunID         : PySara
# ObjectID      : 429cbd40-c6c5-43fd-b460-fc5cd243292f
# ObjectName    : IASI
# ReferenceArea : 0.698817 [m^2]
# Content       : This file contains the aerothermal data of the object,
#                 computed by the DRAMA 3 Re-entry Analysis.
# Documentation : DRAMA Software User Manual, section OPERATIONS MANUAL / Normal operation / SARA / SARA Simulation Output / Re-entry simulation output
# Note          : The convective heat and the integrated heat values in this file take into account the visibility factor
#
#-------------------------------------------------------------------------------------------------------------------------------------------------------------------
#  Time [s]  Altitude [km]   Temp [K]   Mass [kg]   Thick [mm]  Convective Heat [W]  Radiative Heat [W]  Oxidation Heat [W]  Integrated Heat [J] VisibilityFactor [-]
#-------------------------------------------------------------------------------------------------------------------------------------------------------------------
  2550.200          74.725    300.000     100.000       7.828           695940.184               0.000               0.000                0.000   1.00000 
  2550.300          74.713    300.790     100.000       7.828           696196.455               0.000               0.000            69619.645   1.00000 
  2550.750          74.661    304.350     100.000       7.828           697385.287               0.000               0.000           383443.025   1.00000 
  2551.750          74.545    312.279     100.000       7.828           700104.186               0.000               0.000          1083547.210   1.00000 
  2552.750          74.429    320.212     100.000       7.828           703013.712               0.000               0.000          1786560.923   1.00000 
  2553.750          74.312    328.148     100.000       7.828           705912.440               0.000               0.000          2492473.363   1.00000 
  2554.750          74.194    336.086     100.000       7.828           708799.938               0.000               0.000          3201273.301   1.00000 
  2555.750          74.075    344.027     100.000       7.828           711675.733               0.000               0.000          3912949.034   1.00000 
  2556.750          73.956    351.971     100.000       7.828           714539.330               0.000               0.000          4627488.364   1.00000 
  2557.750          73.836    359.916     100.000       7.828           717390.182               0.000               0.000          5344878.546   1.00000 
  2558.750          73.715    367.857     100.000       7.828           720227.683               0.000               0.000          6065106.229   1.00000 
  2559.750          73.593    375.793     100.000       7.828           723051.201               0.000               0.000          6788157.431   1.00000 
  2560.750          73.471    383.721     100.000       7.828           725860.045               0.000               0.000          7514017.476   1.00000 
  2561.750          73.348    391.636     100.000       7.828           728653.458               0.000               0.000          8242670.933   1.00000 
  2562.750          73.224    399.539     100.000       7.828           731430.638               0.000               0.000          8974101.571   1.00000 
  2563.750          73.099    407.426     100.000       7.828           734190.725               0.000               0.000          9708292.296   1.00000 
  2564.750          72.973    415.295     100.000       7.828           736932.787               0.000               0.000         10445225.083   1.00000 
  2565.750          72.846    423.151     100.000       7.828           739655.803               0.000               0.000         11184880.886   1.00000 
  2566.750          72.718    430.996     100.000       7.828           742358.714               0.000               0.000         11927239.601   1.00000 
  2567.750          72.589    438.832     100.000       7.828           745040.362               0.000               0.000         12672279.963   1.00000 
  2568.750          72.460    446.629     100.000       7.828           746656.772               0.000               0.000         13418936.734   1.00000 
  2569.750          72.329    454.394     100.000       7.828           749300.659               0.000               0.000         14168237.394   1.00000 
  2570.750          72.197    462.116     100.000       7.828           751910.134               0.000               0.000         14920147.528   1.00000 
  2571.750          72.064    469.748     100.000       7.828           754485.028               0.000               0.000         15674632.556   1.00000 
  2572.750          71.930    477.295     100.000       7.828           757023.581               0.000               0.000         16431656.138   1.00000 
  2573.750          71.795    484.714     100.000       7.828           759523.952               0.000               0.000         17191180.089   1.00000 
  2574.750          71.658    491.978     100.000       7.828           761984.190               0.000               0.000         17953164.279   1.00000 
  2575.750          71.520    499.098     100.000       7.828           764402.226               0.000               0.000         18717566.505   1.00000 
  2576.750          71.382    506.138     100.000       7.828           766775.875               0.000               0.000         19484342.380   1.00000 
  2577.750          71.241    513.110     100.000       7.828           769102.887               0.000               0.000         20253445.267   1.00000 
  2578.750          71.100    520.017     100.000       7.828           771380.803               0.000               0.000         21024826.070   1.00000 
  2579.750          70.957    526.989     100.000       7.828           773607.109               0.000               0.000         21798433.180   1.00000 
  2580.750          70.813    534.026     100.000       7.828           775779.139               0.000               0.000         22574212.319   1.00000 
  2581.750          70.668    541.133     100.000       7.828           777894.094               0.000               0.000         23352106.412   1.00000 
  2582.750          70.521    548.338     100.000       7.828           779949.015               0.000               0.000         24132055.428   1.00000 
  2583.750          70.373    555.643     100.000       7.828           781940.817               0.000               0.000         24913996.244   1.00000 
  2584.750          70.223    563.024     100.000       7.828           783866.284               0.000               0.000         25697862.528   1.00000 
  2585.750          70.072    570.436     100.000       7.828           785721.987               0.000               0.000         26483584.515   1.00000 
  2586.750          69.919    577.879     100.000       7.828           787504.396               0.000               0.000         27271088.911   1.00000 
  2587.750          69.765    585.274     100.000       7.828           789209.750               0.000               0.000         28060298.662   1.00000 
  2588.750          69.609    592.584     100.000       7.828           790834.055               0.000               0.000         28851132.717   1.00000 
  2589.750          69.451    599.811     100.000       7.828           792373.108               0.000               0.000         29643505.825   1.00000 
  2590.750          69.292    606.948     100.000       7.828           793822.567               0.000               0.000         30437328.391   1.00000 
  2591.750          69.131    613.997     100.000       7.828           795177.876               0.000               0.000         31232506.268   1.00000 
  2592.750          68.969    620.961     100.000       7.828           796434.270               0.000               0.000         32028940.538   1.00000 
  2593.750          68.805    627.846     100.000       7.828           797586.828               0.000               0.000         32826527.365   1.00000 
  2594.750          68.639    634.653     100.000       7.828           798630.410               0.000               0.000         33625157.775   1.00000 
  2595.750          68.471    641.385     100.000       7.828           799559.655               0.000               0.000         34424717.430   1.00000 
  2596.750          68.301    648.042     100.000       7.828           800369.041               0.000               0.000         35225086.470   1.00000 
  2597.750          68.130    654.625     100.000       7.828           801052.822               0.000               0.000         36026139.292   1.00000 
  2598.750          67.957    661.138     100.000       7.828           801605.048               0.000               0.000         36827744.340   1.00000 
  2599.750          67.781    667.587     100.000       7.828           802019.545               0.000               0.000         37629763.885   1.00000 
  2600.750          67.604    673.972     100.000       7.828           802289.978               0.000               0.000         38432053.863   1.00000 
  2601.750          67.425    680.296     100.000       7.828           802409.792               0.000               0.000         39234463.655   1.00000 
  2602.750          67.244    686.572     100.000       7.828           802372.233               0.000               0.000         40036835.888   1.00000 
  2603.750          67.060    692.798     100.000       7.828           802170.338               0.000               0.000         40839006.226   1.00000 
  2604.750          66.875    698.974     100.000       7.828           801796.993               0.000               0.000         41640803.219   1.00000 
  2605.750          66.688    705.141     100.000       7.828           801244.885               0.000               0.000         42442048.104   1.00000 
  2606.750          66.498    711.298     100.000       7.828           800506.514               0.000               0.000         43242554.618   1.00000 
  2607.750          66.306    717.443     100.000       7.828           799574.236               0.000               0.000         44042128.853   1.00000 
  2608.750          66.112    723.745     100.000       7.828           798440.253               0.000               0.000         44840569.106   1.00000 
  2609.750          65.916    730.289     100.000       7.828           797096.635               0.000               0.000         45637665.741   1.00000 
  2610.750          65.718    737.105     100.000       7.828           795535.313               0.000               0.000         46433201.054   1.00000 
  2611.750          65.517    744.068     100.000       7.828           793748.139               0.000               0.000         47226949.193   1.00000 
  2612.750          65.315    751.075     100.000       7.828           791726.846               0.000               0.000         48018676.039   1.00000 
  2613.750          65.109    758.124     100.000       7.828           789463.133               0.000               0.000         48808139.172   1.00000 
  2614.750          64.902    765.160     100.000       7.828           786948.657               0.000               0.000         49595087.829   1.00000 
  2615.750          64.692    772.157     100.000       7.828           784176.506               0.000               0.000         50379264.335   1.00000 
  2616.750          64.479    779.114     100.000       7.828           781142.026               0.000               0.000         51160406.361   1.00000 
  2617.750          64.265    786.011     100.000       7.828           777841.023               0.000               0.000         51938247.383   1.00000 
  2618.750          64.047    792.844     100.000       7.828           774269.607               0.000               0.000         52712516.991   1.00000 
  2619.750          63.828    799.611     100.000       7.828           770424.247               0.000               0.000         53482941.238   1.00000 
  2620.750          63.605    806.309     100.000       7.828           766301.785               0.000               0.000         54249243.023   1.00000 
  2621.750          63.381    812.934     100.000       7.828           761899.478               0.000               0.000         55011142.501   1.00000 
  2622.750          63.153    819.486     100.000       7.828           757215.027               0.000               0.000         55768357.528   1.00000 
  2623.750          62.924    825.959     100.000       7.828           752246.609               0.000               0.000         56520604.136   1.00000 
  2624.750          62.691    832.351     100.000       7.828           746992.908               0.000               0.000         57267597.044   1.00000 
  2625.750          62.456    838.661     100.000       7.828           741451.691               0.000               0.000         58009048.736   1.00000 
  2626.750          62.219    844.835     100.000       7.828           735601.736               0.000               0.000         58744650.472   1.00000 
  2627.750          61.979    850.000      99.756       7.808           729467.205               0.000               0.000         59474117.677   1.00000 
  2628.750          61.736    850.000      98.085       7.675           723012.115               0.000               0.000         60197129.792   1.00000 
  2629.750          61.491    850.000      96.431       7.543           716007.430               0.000               0.000         60913137.222   1.00000 
  2630.750          61.243    850.000      94.796       7.413           708414.375               0.000               0.000         61621551.598   1.00000 
  2631.750          60.992    850.000      93.181       7.285           700227.242               0.000               0.000         62321778.840   1.00000 
  2632.750          60.739    850.000      91.589       7.158           691442.810               0.000               0.000         63013221.649   1.00000 
  2633.750          60.483    850.000      90.019       7.034           682060.564               0.000               0.000         63695282.213   1.00000 
  2634.750          60.225    850.000      88.475       6.911           672082.915               0.000               0.000         64367365.128   1.00000 
  2635.750          59.965    850.000      86.957       6.790           661515.389               0.000               0.000         65028880.517   1.00000 
  2636.750          59.702    850.000      85.467       6.672           650366.226               0.000               0.000         65679246.742   1.00000 
  2637.750          59.437    850.000      84.007       6.557           638644.808               0.000               0.000         66317891.550   1.00000 
  2638.750          59.169    850.000      82.577       6.443           626363.560               0.000               0.000         66944255.109   1.00000 
  2639.750          58.899    850.000      81.179       6.333           613538.622               0.000               0.000         67557793.732   1.00000 
  2640.750          58.627    850.000      79.814       6.225           600189.971               0.000               0.000         68157983.702   1.00000 
  2641.750          58.353    850.000      78.484       6.119           586341.449               0.000               0.000         68744325.152   1.00000 
  2642.750          58.077    850.000      77.190       6.017           572020.761               0.000               0.000         69316345.913   1.00000 
  2643.750          57.799    850.000      75.933       5.918           557259.421               0.000               0.000         69873605.334   1.00000 
  2644.750          57.519    850.000      74.713       5.821           542092.615               0.000               0.000         70415697.949   1.00000 
  2645.750          57.237    850.000      73.532       5.728           526559.026               0.000               0.000         70942256.975   1.00000 
  2646.750          56.953    850.000      72.391       5.638           510700.563               0.000               0.000         71452957.538   1.00000 
  2647.750          56.667    850.000      71.291       5.551           494562.062               0.000               0.000         71947519.599   1.00000 
  2648.750          56.380    850.000      70.231       5.468           478190.883               0.000               0.000         72425710.482   1.00000 
  2649.750          56.091    850.000      69.213       5.387           461636.496               0.000               0.000         72887346.979   1.00000 
  2650.750          55.801    850.000      68.236       5.310           444949.976               0.000               0.000         73332296.955   1.00000 
  2651.750          55.509    850.000      67.301       5.237           428183.493               0.000               0.000         73760480.448   1.00000 
  2652.750          55.216    850.000      66.408       5.167           411389.743               0.000               0.000         74171870.191   1.00000 
  2653.750          54.922    850.000      65.558       5.100           394621.389               0.000               0.000         74566491.580   1.00000 
  2654.750          54.626    850.000      64.748       5.036           377930.127               0.000               0.000         74944421.707   1.00000 
  2655.750          54.330    850.000      63.981       4.975           361365.738               0.000               0.000         75305787.445   1.00000 
  2656.750          54.032    850.000      63.254       4.918           344976.480               0.000               0.000         75650763.925   1.00000 
  2657.750          53.734    850.000      62.567       4.864           328808.751               0.000               0.000         75979572.675   1.00000 
  2658.750          53.435    850.000      61.921       4.813           312906.614               0.000               0.000         76292479.289   1.00000 
  2659.750          53.135    850.000      61.313       4.766           297311.361               0.000               0.000         76589790.650   1.00000 
  2660.750          52.834    850.000      60.743       4.721           282061.137               0.000               0.000         76871851.786   1.00000 
  2661.750          52.533    850.000      60.211       4.679           267190.621               0.000               0.000         77139042.407   1.00000 
  2662.750          52.232    850.000      59.715       4.640           252730.781               0.000               0.000         77391773.188   1.00000 
  2663.750          51.930    850.000      59.253       4.604           238708.692               0.000               0.000         77630481.880   1.00000 
  2664.750          51.628    850.000      58.826       4.570           225147.427               0.000               0.000         77855629.307   1.00000 
  2665.750          51.325    850.000      58.431       4.539           212066.025               0.000               0.000         78067695.332   1.00000 
  2666.750          51.022    850.000      58.068       4.511           199479.511               0.000               0.000         78267174.843   1.00000 
  2667.750          50.720    850.000      57.735       4.485           187398.991               0.000               0.000         78454573.834   1.00000 
  2668.750          50.417    850.000      57.431       4.461           175831.793               0.000               0.000         78630405.627   1.00000 
  2669.750          50.114    850.000      57.155       4.439           164781.656               0.000               0.000         78795187.283   1.00000 
  2670.750          49.811    850.000      56.905       4.420           154248.931               0.000               0.000         78949436.214   1.00000 
  2671.750          49.508    850.000      56.680       4.402           144230.108               0.000               0.000         79093666.322   1.00000 
  2672.750          49.206    850.000      56.478       4.386           134718.311               0.000               0.000         79228384.633   1.00000 
  2673.750          48.904    850.000      56.300       4.372           125704.437               0.000               0.000         79354089.070   1.00000 
  2674.750          48.602    850.000      56.142       4.360           117177.452               0.000               0.000         79471266.523   1.00000 
  2675.750          48.300    850.000      56.005       4.349           109124.667               0.000               0.000         79580391.190   1.00000 
  2676.750          47.998    850.000      55.886       4.340           101531.992               0.000               0.000         79681923.183   1.00000 
  2677.750          47.697    850.000      55.786       4.332            94384.192               0.000               0.000         79776307.374   1.00000 
  2678.750          47.397    850.000      55.702       4.325            87665.122               0.000               0.000         79863972.496   1.00000 
  2679.750          47.097    850.000      55.634       4.320            81357.951               0.000               0.000         79945330.447   1.00000 
  2680.750          46.797    850.000      55.581       4.316            75445.369               0.000               0.000         80020775.816   1.00000 
  2681.750          46.497    850.000      55.542       4.313            69909.769               0.000               0.000         80090685.584   1.00000 
  2682.750          46.199    850.000      55.516       4.311            64733.417               0.000               0.000         80155419.001   1.00000 
  2683.750          45.900    850.000      55.502       4.310            59898.602               0.000               0.000         80215317.603   1.00000 
  2684.750          45.603    850.000      55.499       4.309            55387.763               0.000               0.000         80270705.366   1.00000 
  2685.750          45.305    849.952      55.499       4.309            51183.603               0.000               0.000         80321888.969   1.00000 
  2686.750          45.009    849.841      55.499       4.309            47268.610               0.000               0.000         80369157.580   1.00000 
  2687.750          44.713    849.673      55.499       4.309            43625.761               0.000               0.000         80412783.341   1.00000 
  2688.750          44.417    849.452      55.499       4.309            40239.341               0.000               0.000         80453022.682   1.00000 
  2689.750          44.122    849.181      55.499       4.309            37094.417               0.000               0.000         80490117.099   1.00000 
  2690.750          43.828    848.865      55.499       4.309            34176.576               0.000               0.000         80524293.675   1.00000 
  2691.750          43.534    848.506      55.499       4.309            31471.948               0.000               0.000         80555765.623   1.00000 
  2692.750          43.241    848.109      55.499       4.309            28967.222               0.000               0.000         80584732.845   1.00000 
  2693.750          42.949    847.676      55.499       4.309            26649.656               0.000               0.000         80611382.501   1.00000 
  2694.750          42.657    847.210      55.499       4.309            24507.086               0.000               0.000         80635889.586   1.00000 
  2695.750          42.366    846.714      55.499       4.309            22527.926               0.000               0.000         80658417.513   1.00000 
  2696.750          42.076    846.190      55.499       4.309            20701.165               0.000               0.000         80679118.678   1.00000 
  2697.750          41.786    845.641      55.499       4.309            19016.361               0.000               0.000         80698135.039   1.00000 
  2698.750          41.498    845.068      55.499       4.309            17463.633               0.000               0.000         80715598.672   1.00000 
  2699.750          41.210    844.474      55.499       4.309            16033.645               0.000               0.000         80731632.317   1.00000 
  2700.750          40.922    843.861      55.499       4.309            14717.599               0.000               0.000         80746349.916   1.00000 
  2701.750          40.636    843.230      55.499       4.309            13507.212               0.000               0.000         80759857.128   1.00000 
  2702.750          40.350    842.582      55.499       4.309            12394.703               0.000               0.000         80772251.831   1.00000 
  2703.750          40.065    841.920      55.499       4.309            11372.775               0.000               0.000         80783624.606   1.00000 
  2704.750          39.781    841.245      55.499       4.309            10434.597               0.000               0.000         80794059.203   1.00000 
  2705.750          39.498    840.557      55.499       4.309             9573.840               0.000               0.000         80803633.043   1.00000 
  2706.750          39.216    839.859      55.499       4.309             8784.614               0.000               0.000         80812417.657   1.00000 
  2707.750          38.934    839.150      55.499       4.309             8061.405               0.000               0.000         80820479.062   1.00000 
  2708.750          38.654    838.433      55.499       4.309             7399.062               0.000               0.000         80827878.124   1.00000 
  2709.750          38.374    837.708      55.499       4.309             6792.775               0.000               0.000         80834670.899   1.00000 
  2710.750          38.096    836.975      55.499       4.309             6238.064               0.000               0.000         80840908.963   1.00000 
  2711.750          37.818    836.236      55.499       4.309             5730.761               0.000               0.000         80846639.724   1.00000 
  2712.750          37.542    835.491      55.499       4.309             5266.995               0.000               0.000         80851906.718   1.00000 
  2713.750          37.266    834.742      55.499       4.309             4843.175               0.000               0.000         80856749.893   1.00000 
  2714.750          36.991    833.987      55.499       4.309             4455.975               0.000               0.000         80861205.868   1.00000 
  2715.750          36.718    833.229      55.499       4.309             4102.317               0.000               0.000         80865308.185   1.00000 
  2716.750          36.445    832.468      55.499       4.309             3779.359               0.000               0.000         80869087.545   1.00000 
  2717.750          36.174    831.703      55.499       4.309             3484.476               0.000               0.000         80872572.021   1.00000 
  2718.750          35.904    830.938      55.499       4.309             3215.250               0.000               0.000         80875787.271   1.00000 
  2719.750          35.635    830.171      55.499       4.309             2969.453               0.000               0.000         80878756.724   1.00000 
  2720.750          35.367    829.402      55.499       4.309             2745.038               0.000               0.000         80881501.762   1.00000 
  2721.750          35.101    828.634      55.499       4.309             2540.121               0.000               0.000         80884041.883   1.00000 
  2722.750          34.836    827.864      55.499       4.309             2352.973               0.000               0.000         80886394.856   1.00000 
  2723.750          34.572    827.095      55.499       4.309             2181.938               0.000               0.000         80888576.794   1.00000 
  2724.750          34.309    826.326      55.499       4.309             2025.458               0.000               0.000         80890602.252   1.00000 
  2725.750          34.048    825.557      55.499       4.309             1882.133               0.000               0.000         80892484.386   1.00000 
  2726.750          33.788    824.788      55.499       4.309             1750.711               0.000               0.000         80894235.097   1.00000 
  2727.750          33.530    824.020      55.499       4.309             1630.070               0.000               0.000         80895865.167   1.00000 
  2728.750          33.274    823.253      55.499       4.309             1519.205               0.000               0.000         80897384.371   1.00000 
  2729.750          33.019    822.487      55.499       4.309             1417.213               0.000               0.000         80898801.584   1.00000 
  2730.750          32.765    821.722      55.499       4.309             1323.286               0.000               0.000         80900124.870   1.00000 
  2731.750          32.513    820.958      55.499       4.309             1236.696               0.000               0.000         80901361.566   1.00000 
  2732.750          32.263    820.196      55.499       4.309             1156.761               0.000               0.000         80902518.328   1.00000 
  2733.750          32.015    819.435      55.499       4.309             1082.859               0.000               0.000         80903601.187   1.00000 
  2734.750          31.769    818.675      55.499       4.309             1014.497               0.000               0.000         80904615.683   1.00000 
  2735.750          31.524    817.917      55.499       4.309              951.225               0.000               0.000         80905566.909   1.00000 
  2736.750          31.281    817.160      55.499       4.309              892.636               0.000               0.000         80906459.545   1.00000 
  2737.750          31.041    816.405      55.499       4.309              838.356               0.000               0.000         80907297.901   1.00000 
  2738.750          30.802    815.652      55.499       4.309              788.044               0.000               0.000         80908085.944   1.00000 
  2739.750          30.565    814.900      55.499       4.309              741.387               0.000               0.000         80908827.332   1.00000 
  2739.950          30.518    814.750      55.499       4.309              728.059               0.000               0.000         80908972.944   1.00000 
  2740.130          30.475    814.615      55.499       4.309              720.097               0.000               0.000         80909102.561   1.00000 
  2740.335          30.427    814.462      55.499       4.309              711.432               0.000               0.000         80909248.086   1.00000 
  2740.368          30.419    814.437      55.499       4.309              709.084               0.000               0.000         80909272.041   1.00000 
  2740.385          30.415    814.424      55.499       4.309              708.269               0.000               0.000         80909284.156   1.00000 
  2740.391          30.414    814.420      55.499       4.309              353.989               0.000               0.000         80909286.258   1.00000 
  2740.397          30.413    814.416      55.499       4.309              354.027               0.000               0.000         80909288.144   1.00000 
  2740.401          30.412    814.413      55.499       4.309              353.973               0.000               0.000         80909289.505   1.00000 
  2740.404          30.411    814.410      55.499       4.309              354.054               0.000               0.000         80909290.866   1.00000 
  2740.411          30.409    814.405      55.499       4.309              354.096               0.000               0.000         80909293.293   1.00000 
  2740.415          30.408    814.402      55.499       4.309              354.112               0.000               0.000         80909294.720   1.00000 
  2740.423          30.407    814.396      55.499       4.309              354.127               0.000               0.000         80909297.544   1.00000 
  2740.439          30.403    814.384      55.499       4.309              354.221               0.000               0.000         80909303.077   1.00000 
  2740.444          30.402    814.380      55.499       4.309              354.255               0.000               0.000         80909305.035   1.00000 
  2740.450          30.400    814.376      55.499       4.309              354.286               0.000               0.000         80909306.993   1.00000 
  2740.455          30.399    814.371      55.499       4.309              354.311               0.000               0.000         80909308.951   1.00000 
  2740.461          30.398    814.367      55.499       4.309              354.342               0.000               0.000         80909310.909   1.00000 
  2740.465          30.397    814.364      55.499       4.309              354.363               0.000               0.000         80909312.498   1.00000 
  2740.470          30.396    814.361      55.499       4.309              354.388               0.000               0.000         80909314.088   1.00000 
  2740.474          30.395    814.358      55.499       4.309              354.406               0.000               0.000         80909315.471   1.00000 
  2740.478          30.394    814.355      55.499       4.309              354.428               0.000               0.000         80909316.854   1.00000 
  2740.482          30.393    814.352      55.499       4.309              354.408               0.000               0.000         80909318.236   1.00000 
  2740.486          30.392    814.349      55.499       4.309              354.454               0.000               0.000         80909319.620   1.00000 
  2740.495          30.390    814.341      55.499       4.309              354.511               0.000               0.000         80909323.055   1.00000 
  2740.499          30.389    814.339      55.499       4.309              354.463               0.000               0.000         80909324.379   1.00000 
  2740.503          30.388    814.336      55.499       4.309              354.542               0.000               0.000         80909325.704   1.00000 
  2740.510          30.386    814.330      55.499       4.309              354.588               0.000               0.000         80909328.444   1.00000 
  2740.515          30.385    814.326      55.499       4.309              354.607               0.000               0.000         80909330.146   1.00000 
  2740.524          30.383    814.319      55.499       4.309              354.622               0.000               0.000         80909333.394   1.00000 
  2740.545          30.378    814.304      55.499       4.309              354.745               0.000               0.000         80909340.726   1.00000 
  2740.552          30.376    814.299      55.499       4.309              354.788               0.000               0.000         80909343.222   1.00000 
  2740.557          30.375    814.295      55.499       4.309              354.822               0.000               0.000         80909345.111   1.00000 
  2740.563          30.374    814.291      55.499       4.309              354.846               0.000               0.000         80909346.999   1.00000 
  2740.568          30.373    814.287      55.499       4.309              354.875               0.000               0.000         80909348.888   1.00000 
  2740.572          30.372    814.283      55.499       4.309              354.895               0.000               0.000         80909350.438   1.00000 
  2740.577          30.371    814.280      55.499       4.309              354.920               0.000               0.000         80909351.988   1.00000 
  2740.581          30.370    814.277      55.499       4.309              354.939               0.000               0.000         80909353.539   1.00000 
  2740.586          30.368    814.273      55.499       4.309              354.963               0.000               0.000         80909355.089   1.00000 
  2740.590          30.367    814.270      55.499       4.309              354.983               0.000               0.000         80909356.639   1.00000 
  2740.594          30.366    814.267      55.499       4.309              355.007               0.000               0.000         80909358.190   1.00000 
  2740.599          30.365    814.264      55.499       4.309              355.026               0.000               0.000         80909359.741   1.00000 
  2740.603          30.364    814.260      55.499       4.309              355.050               0.000               0.000         80909361.291   1.00000 
  2740.607          30.363    814.257      55.499       4.309              355.070               0.000               0.000         80909362.842   1.00000 
  2740.612          30.362    814.254      55.499       4.309              355.094               0.000               0.000         80909364.393   1.00000 
  2740.616          30.361    814.250      55.499       4.309              355.113               0.000               0.000         80909365.944   1.00000 
  2740.620          30.360    814.247      55.499       4.309              355.137               0.000               0.000         80909367.496   1.00000 
  2740.625          30.359    814.244      55.499       4.309              355.156               0.000               0.000         80909369.047   1.00000 
  2740.629          30.358    814.241      55.499       4.309              355.180               0.000               0.000         80909370.598   1.00000 
  2740.634          30.357    814.237      55.499       4.309              355.200               0.000               0.000         80909372.150   1.00000 
  2740.638          30.356    814.234      55.499       4.309              355.224               0.000               0.000         80909373.701   1.00000 
  2740.642          30.355    814.231      55.499       4.309              355.243               0.000               0.000         80909375.253   1.00000 
  2740.647          30.354    814.227      55.499       4.309              355.267               0.000               0.000         80909376.804   1.00000 
  2740.651          30.353    814.224      55.499       4.309              355.294               0.000               0.000         80909378.356   1.00000 
  2740.655          30.352    814.221      55.499       4.309              355.240               0.000               0.000         80909379.694   1.00000 
  2740.659          30.351    814.218      55.499       4.309              355.320               0.000               0.000         80909381.032   1.00000 
  2740.668          30.349    814.211      55.499       4.309              355.375               0.000               0.000         80909384.388   1.00000 
  2740.672          30.348    814.208      55.499       4.309              355.326               0.000               0.000         80909385.704   1.00000 
  2740.675          30.347    814.206      55.499       4.309              355.405               0.000               0.000         80909387.021   1.00000 
  2740.685          30.345    814.199      55.499       4.309              355.459               0.000               0.000         80909390.340   1.00000 
  2740.688          30.344    814.196      55.499       4.309              355.410               0.000               0.000         80909391.654   1.00000 
  2740.692          30.343    814.193      55.499       4.309              355.488               0.000               0.000         80909392.969   1.00000 
  2740.702          30.341    814.186      55.499       4.309              355.543               0.000               0.000         80909396.284   1.00000 
  2740.705          30.340    814.183      55.499       4.309              355.493               0.000               0.000         80909397.598   1.00000 
  2740.709          30.339    814.181      55.499       4.309              355.572               0.000               0.000         80909398.912   1.00000 
  2740.718          30.337    814.174      55.499       4.309              355.623               0.000               0.000         80909402.002   1.00000 
  2740.724          30.336    814.169      55.499       4.309              355.646               0.000               0.000         80909404.243   1.00000 
  2740.735          30.333    814.161      55.499       4.309              355.660               0.000               0.000         80909408.280   1.00000 
  2740.759          30.328    814.143      55.499       4.309              355.800               0.000               0.000         80909416.741   1.00000 
  2740.773          30.324    814.132      55.499       4.309              355.898               0.000               0.000         80909421.883   1.00000 
  2740.781          30.322    814.126      55.499       4.309              355.928               0.000               0.000         80909424.486   1.00000 
  2740.794          30.319    814.117      55.499       4.309              355.942               0.000               0.000         80909429.030   1.00000 
  2740.819          30.313    814.097      55.499       4.309              356.093               0.000               0.000         80909438.180   1.00000 
  2740.915          30.291    814.026      55.499       4.309              356.355               0.000               0.000         80909472.185   1.00000 
  2741.010          30.268    813.954      55.499       4.309              356.143               0.000               0.000         80909506.170   1.00000 
  2741.440          30.166    813.631      55.499       4.309              358.507               0.000               0.000         80909660.118   1.00000 
  2742.440          29.927    812.880      55.499       4.309              363.846               0.000               0.000         80910023.965   1.00000 
  2742.640          29.879    812.730      55.499       4.309              365.466               0.000               0.000         80910097.058   1.00000 
  2743.540          29.660    812.057      55.499       4.309              369.574               0.000               0.000         80910429.674   1.00000 
  2744.540          29.414    811.311      55.499       4.309              373.988               0.000               0.000         80910803.662   1.00000 
  2745.540          29.165    810.568      55.499       4.309              377.767               0.000               0.000         80911181.429   1.00000 
  2746.540          28.915    809.828      55.499       4.309              380.805               0.000               0.000         80911562.235   1.00000 
  2747.540          28.662    809.090      55.499       4.309              383.066               0.000               0.000         80911945.301   1.00000 
  2748.540          28.408    808.354      55.499       4.309              384.519               0.000               0.000         80912329.820   1.00000 
  2749.540          28.153    807.621      55.499       4.309              385.141               0.000               0.000         80912714.961   1.00000 
  2750.540          27.897    806.891      55.499       4.309              384.916               0.000               0.000         80913099.877   1.00000 
  2751.540          27.641    806.162      55.499       4.309              383.838               0.000               0.000         80913483.715   1.00000 
  2752.540          27.384    805.437      55.499       4.309              381.909               0.000               0.000         80913865.625   1.00000 
  2753.540          27.128    804.713      55.499       4.309              379.139               0.000               0.000         80914244.764   1.00000 
  2754.540          26.872    803.992      55.499       4.309              375.548               0.000               0.000         80914620.311   1.00000 
  2755.540          26.617    803.273      55.499       4.309              371.161               0.000               0.000         80914991.473   1.00000 
  2756.540          26.363    802.556      55.499       4.309              366.016               0.000               0.000         80915357.489   1.00000 
  2757.540          26.110    801.842      55.499       4.309              360.155               0.000               0.000         80915717.644   1.00000 
  2758.540          25.859    801.130      55.499       4.309              353.626               0.000               0.000         80916071.270   1.00000 
  2759.540          25.610    800.420      55.499       4.309              346.485               0.000               0.000         80916417.756   1.00000 
  2760.540          25.362    799.712      55.499       4.309              338.792               0.000               0.000         80916756.548   1.00000 
  2761.540          25.117    799.007      55.499       4.309              330.610               0.000               0.000         80917087.158   1.00000 
  2762.540          24.875    798.303      55.499       4.309              322.005               0.000               0.000         80917409.163   1.00000 
  2763.540          24.635    797.602      55.499       4.309              313.043               0.000               0.000         80917722.206   1.00000 
  2764.540          24.398    796.902      55.499       4.309              303.790               0.000               0.000         80918025.996   1.00000 
  2765.540          24.164    796.205      55.499       4.309              294.311               0.000               0.000         80918320.307   1.00000 
  2766.540          23.933    795.510      55.499       4.309              284.674               0.000               0.000         80918604.981   1.00000 
  2767.540          23.705    794.817      55.499       4.309              274.942               0.000               0.000         80918879.923   1.00000 
  2768.540          23.480    794.126      55.499       4.309              265.177               0.000               0.000         80919145.099   1.00000 
  2769.540          23.259    793.437      55.499       4.309              255.436               0.000               0.000         80919400.535   1.00000 
  2770.540          23.041    792.750      55.499       4.309              245.772               0.000               0.000         80919646.307   1.00000 
  2771.540          22.826    792.065      55.499       4.309              236.234               0.000               0.000         80919882.541   1.00000 
  2772.540          22.615    791.382      55.499       4.309              226.863               0.000               0.000         80920109.404   1.00000 
  2773.540          22.408    790.701      55.499       4.309              217.695               0.000               0.000         80920327.099   1.00000 
  2774.540          22.203    790.023      55.499       4.309              208.762               0.000               0.000         80920535.861   1.00000 
  2775.540          22.003    789.346      55.499       4.309              200.089               0.000               0.000         80920735.949   1.00000 
  2776.540          21.805    788.671      55.499       4.309              191.695               0.000               0.000         80920927.644   1.00000 
  2777.540          21.611    787.998      55.499       4.309              183.596               0.000               0.000         80921111.240   1.00000 
  2778.540          21.421    787.327      55.499       4.309              175.802               0.000               0.000         80921287.042   1.00000 
  2779.540          21.233    786.658      55.499       4.309              168.321               0.000               0.000         80921455.363   1.00000 
  2780.540          21.049    785.991      55.499       4.309              161.154               0.000               0.000         80921616.517   1.00000 
  2781.540          20.868    785.326      55.499       4.309              154.302               0.000               0.000         80921770.819   1.00000 
  2782.540          20.690    784.663      55.499       4.309              147.762               0.000               0.000         80921918.581   1.00000 
  2783.540          20.516    784.002      55.499       4.309              141.528               0.000               0.000         80922060.108   1.00000 
  2784.540          20.344    783.343      55.499       4.309              135.594               0.000               0.000         80922195.702   1.00000 
  2785.540          20.175    782.686      55.499       4.309              129.951               0.000               0.000         80922325.653   1.00000 
  2786.540          20.009    782.030      55.499       4.309              124.590               0.000               0.000         80922450.243   1.00000 
  2787.540          19.845    781.377      55.499       4.309              119.500               0.000               0.000         80922569.742   1.00000 
  2788.540          19.685    780.726      55.499       4.309              114.669               0.000               0.000         80922684.411   1.00000 
  2789.540          19.527    780.076      55.499       4.309              110.087               0.000               0.000         80922794.498   1.00000 
  2790.540          19.371    779.428      55.499       4.309              105.741               0.000               0.000         80922900.239   1.00000 
  2791.540          19.218    778.783      55.499       4.309              101.621               0.000               0.000         80923001.860   1.00000 
  2792.540          19.068    778.139      55.499       4.309               97.715               0.000               0.000         80923099.576   1.00000 
  2793.540          18.919    777.497      55.499       4.309               94.013               0.000               0.000         80923193.589   1.00000 
  2794.540          18.773    776.857      55.499       4.309               90.504               0.000               0.000         80923284.093   1.00000 
  2795.540          18.630    776.219      55.499       4.309               87.179               0.000               0.000         80923371.272   1.00000 
  2796.540          18.488    775.583      55.499       4.309               84.027               0.000               0.000         80923455.298   1.00000 
  2797.540          18.348    774.949      55.499       4.309               81.039               0.000               0.000         80923536.337   1.00000 
  2798.540          18.211    774.316      55.499       4.309               78.206               0.000               0.000         80923614.544   1.00000 
  2799.540          18.075    773.686      55.499       4.309               75.520               0.000               0.000         80923690.064   1.00000 
  2800.540          17.941    773.057      55.499       4.309               72.972               0.000               0.000         80923763.036   1.00000 
  2801.540          17.809    772.430      55.499       4.309               70.555               0.000               0.000         80923833.591   1.00000 
  2802.540          17.679    771.805      55.499       4.309               68.261               0.000               0.000         80923901.852   1.00000 
  2803.540          17.551    771.182      55.499       4.309               66.083               0.000               0.000         80923967.935   1.00000 
  2804.540          17.424    770.561      55.499       4.309               64.015               0.000               0.000         80924031.950   1.00000 
  2805.540          17.299    769.942      55.499       4.309               62.049               0.000               0.000         80924093.999   1.00000 
  2806.540          17.175    769.325      55.499       4.309               60.181               0.000               0.000         80924154.180   1.00000 
  2807.540          17.053    768.710      55.499       4.309               58.404               0.000               0.000         80924212.584   1.00000 
  2808.540          16.933    768.097      55.499       4.309               56.714               0.000               0.000         80924269.297   1.00000 
  2809.540          16.814    767.486      55.499       4.309               55.104               0.000               0.000         80924324.402   1.00000 
  2810.540          16.696    766.876      55.499       4.309               53.572               0.000               0.000         80924377.974   1.00000 
  2811.540          16.580    766.269      55.499       4.309               52.112               0.000               0.000         80924430.085   1.00000 
  2812.540          16.465    765.663      55.499       4.309               50.720               0.000               0.000         80924480.805   1.00000 
  2813.540          16.351    765.060      55.499       4.309               49.392               0.000               0.000         80924530.197   1.00000 
  2814.540          16.238    764.458      55.499       4.309               48.125               0.000               0.000         80924578.322   1.00000 
  2815.540          16.127    763.858      55.499       4.309               46.916               0.000               0.000         80924625.238   1.00000 
  2816.540          16.017    763.260      55.499       4.309               45.760               0.000               0.000         80924670.998   1.00000 
  2817.540          15.908    762.664      55.499       4.309               44.656               0.000               0.000         80924715.654   1.00000 
  2818.540          15.800    762.070      55.499       4.309               43.600               0.000               0.000         80924759.254   1.00000 
  2819.540          15.693    761.478      55.499       4.309               42.591               0.000               0.000         80924801.845   1.00000 
  2820.540          15.587    760.887      55.499       4.309               41.624               0.000               0.000         80924843.469   1.00000 
  2821.540          15.482    760.299      55.499       4.309               40.699               0.000               0.000         80924884.169   1.00000 
  2822.540          15.378    759.712      55.499       4.309               39.813               0.000               0.000         80924923.982   1.00000 
  2823.540          15.276    759.127      55.499       4.309               38.964               0.000               0.000         80924962.946   1.00000 
  2824.540          15.174    758.544      55.499       4.309               38.151               0.000               0.000         80925001.097   1.00000 
  2825.540          15.073    757.962      55.499       4.309               37.370               0.000               0.000         80925038.467   1.00000 
  2826.540          14.972    757.382      55.499       4.309               36.622               0.000               0.000         80925075.089   1.00000 
  2827.540          14.873    756.805      55.499       4.309               35.904               0.000               0.000         80925110.993   1.00000 
  2828.540          14.775    756.229      55.499       4.309               35.214               0.000               0.000         80925146.207   1.00000 
  2829.540          14.677    755.654      55.499       4.309               34.553               0.000               0.000         80925180.760   1.00000 
  2830.540          14.580    755.082      55.499       4.309               33.917               0.000               0.000         80925214.676   1.00000 
  2831.540          14.484    754.511      55.499       4.309               33.306               0.000               0.000         80925247.982   1.00000 
  2832.540          14.389    753.942      55.499       4.309               32.718               0.000               0.000         80925280.700   1.00000 
  2833.540          14.294    753.375      55.499       4.309               32.152               0.000               0.000         80925312.852   1.00000 
  2834.540          14.200    752.809      55.499       4.309               31.608               0.000               0.000         80925344.460   1.00000 
  2835.540          14.107    752.245      55.499       4.309               31.084               0.000               0.000         80925375.544   1.00000 
  2836.540          14.014    751.684      55.499       4.309               30.579               0.000               0.000         80925406.123   1.00000 
  2837.540          13.923    751.125      55.499       4.309               30.092               0.000               0.000         80925436.214   1.00000 
  2838.540          13.831    750.568      55.499       4.309               29.622               0.000               0.000         80925465.836   1.00000 
  2839.540          13.741    750.013      55.499       4.309               29.168               0.000               0.000         80925495.004   1.00000 
  2840.540          13.651    749.460      55.499       4.309               28.730               0.000               0.000         80925523.733   1.00000 
  2841.540          13.562    748.909      55.499       4.309               28.306               0.000               0.000         80925552.040   1.00000 
  2842.540          13.473    748.361      55.499       4.309               27.897               0.000               0.000         80925579.936   1.00000 
  2843.540          13.385    747.814      55.499       4.309               27.501               0.000               0.000         80925607.437   1.00000 
  2844.540          13.297    747.270      55.499       4.309               27.117               0.000               0.000         80925634.554   1.00000 
  2845.540          13.210    746.728      55.499       4.309               26.746               0.000               0.000         80925661.300   1.00000 
  2846.540          13.124    746.188      55.499       4.309               26.386               0.000               0.000         80925687.687   1.00000 
  2847.540          13.038    745.650      55.499       4.309               26.038               0.000               0.000         80925713.724   1.00000 
  2848.540          12.952    745.113      55.499       4.309               25.700               0.000               0.000         80925739.424   1.00000 
  2849.540          12.868    744.579      55.499       4.309               25.371               0.000               0.000         80925764.795   1.00000 
  2850.540          12.783    744.047      55.499       4.309               25.053               0.000               0.000         80925789.848   1.00000 
  2851.540          12.699    743.517      55.499       4.309               24.744               0.000               0.000         80925814.592   1.00000 
  2852.540          12.616    742.989      55.499       4.309               24.443               0.000               0.000         80925839.035   1.00000 
  2853.540          12.533    742.463      55.499       4.309               24.151               0.000               0.000         80925863.185   1.00000 
  2854.540          12.450    741.939      55.499       4.309               23.866               0.000               0.000         80925887.052   1.00000 
  2855.540          12.368    741.417      55.499       4.309               23.590               0.000               0.000         80925910.642   1.00000 
  2856.540          12.287    740.897      55.499       4.309               23.321               0.000               0.000         80925933.962   1.00000 
  2857.540          12.206    740.378      55.499       4.309               23.059               0.000               0.000         80925957.021   1.00000 
  2858.540          12.125    739.862      55.499       4.309               22.803               0.000               0.000         80925979.824   1.00000 
  2859.540          12.045    739.347      55.499       4.309               22.554               0.000               0.000         80926002.378   1.00000 
  2860.540          11.965    738.835      55.499       4.309               22.312               0.000               0.000         80926024.690   1.00000 
  2861.540          11.886    738.324      55.499       4.309               22.075               0.000               0.000         80926046.765   1.00000 
  2862.540          11.807    737.815      55.499       4.309               21.844               0.000               0.000         80926068.608   1.00000 
  2863.540          11.728    737.308      55.499       4.309               21.618               0.000               0.000         80926090.226   1.00000 
  2864.540          11.650    736.803      55.499       4.309               21.398               0.000               0.000         80926111.624   1.00000 
  2865.540          11.572    736.300      55.499       4.309               21.182               0.000               0.000         80926132.806   1.00000 
  2866.540          11.494    735.798      55.499       4.309               20.972               0.000               0.000         80926153.778   1.00000 
  2867.540          11.417    735.298      55.499       4.309               20.766               0.000               0.000         80926174.543   1.00000 
  2868.540          11.341    734.800      55.499       4.309               20.564               0.000               0.000         80926195.108   1.00000 
  2869.540          11.264    734.304      55.499       4.309               20.367               0.000               0.000         80926215.475   1.00000 
  2870.540          11.188    733.810      55.499       4.309               20.174               0.000               0.000         80926235.649   1.00000 
  2871.540          11.113    733.317      55.499       4.309               19.985               0.000               0.000         80926255.634   1.00000 
  2872.540          11.037    732.826      55.499       4.309               19.800               0.000               0.000         80926275.433   1.00000 
  2873.540          10.962    732.338      55.499       4.309               19.618               0.000               0.000         80926295.051   1.00000 
  2874.540          10.888    731.852      55.499       4.309               19.440               0.000               0.000         80926314.491   1.00000 
  2875.540          10.813    731.370      55.499       4.309               19.265               0.000               0.000         80926333.755   1.00000 
  2876.540          10.739    730.890      55.499       4.309               19.093               0.000               0.000         80926352.848   1.00000 
  2877.540          10.666    730.413      55.499       4.309               18.924               0.000               0.000         80926371.773   1.00000 
  2878.540          10.593    729.939      55.499       4.309               18.759               0.000               0.000         80926390.531   1.00000 
  2879.540          10.520    729.468      55.499       4.309               18.596               0.000               0.000         80926409.127   1.00000 
  2880.540          10.447    729.000      55.499       4.309               18.436               0.000               0.000         80926427.563   1.00000 
  2881.540          10.375    728.535      55.499       4.309               18.278               0.000               0.000         80926445.841   1.00000 
  2882.540          10.303    728.072      55.499       4.309               18.123               0.000               0.000         80926463.965   1.00000 
  2883.540          10.231    727.612      55.499       4.309               17.971               0.000               0.000         80926481.935   1.00000 
  2884.540          10.159    727.155      55.499       4.309               17.821               0.000               0.000         80926499.756   1.00000 
  2885.540          10.088    726.700      55.499       4.309               17.672               0.000               0.000         80926517.428   1.00000 
  2886.540          10.017    726.248      55.499       4.309               17.527               0.000               0.000         80926534.955   1.00000 
  2887.540           9.947    725.798      55.499       4.309               17.383               0.000               0.000         80926552.338   1.00000 
  2888.540           9.877    725.351      55.499       4.309               17.241               0.000               0.000         80926569.579   1.00000 
  2889.540           9.807    724.907      55.499       4.309               17.101               0.000               0.000         80926586.679   1.00000 
  2890.540           9.737    724.465      55.499       4.309               16.962               0.000               0.000         80926603.642   1.00000 
  2891.540           9.668    724.025      55.499       4.309               16.826               0.000               0.000         80926620.468   1.00000 
  2892.540           9.598    723.588      55.499       4.309               16.691               0.000               0.000         80926637.159   1.00000 
  2893.540           9.530    723.153      55.499       4.309               16.558               0.000               0.000         80926653.717   1.00000 
  2894.540           9.461    722.720      55.499       4.309               16.427               0.000               0.000         80926670.144   1.00000 
  2895.540           9.393    722.290      55.499       4.309               16.297               0.000               0.000         80926686.441   1.00000 
  2896.540           9.325    721.862      55.499       4.309               16.169               0.000               0.000         80926702.610   1.00000 
  2897.540           9.257    721.437      55.499       4.309               16.042               0.000               0.000         80926718.651   1.00000 
  2898.540           9.189    721.013      55.499       4.309               15.917               0.000               0.000         80926734.568   1.00000 
  2899.540           9.122    720.592      55.499       4.309               15.793               0.000               0.000         80926750.361   1.00000 
  2900.540           9.055    720.173      55.499       4.309               15.671               0.000               0.000         80926766.031   1.00000 
  2901.540           8.989    719.757      55.499       4.309               15.550               0.000               0.000         80926781.581   1.00000 
  2902.540           8.922    719.342      55.499       4.309               15.430               0.000               0.000         80926797.011   1.00000 
  2903.540           8.856    718.929      55.499       4.309               15.312               0.000               0.000         80926812.323   1.00000 
  2904.540           8.790    718.519      55.499       4.309               15.195               0.000               0.000         80926827.518   1.00000 
  2905.540           8.724    718.111      55.499       4.309               15.080               0.000               0.000         80926842.598   1.00000 
  2906.540           8.659    717.704      55.499       4.309               14.965               0.000               0.000         80926857.563   1.00000 
  2907.540           8.594    717.300      55.499       4.309               14.852               0.000               0.000         80926872.415   1.00000 
  2908.540           8.529    716.898      55.499       4.309               14.741               0.000               0.000         80926887.156   1.00000 
  2909.540           8.464    716.498      55.499       4.309               14.630               0.000               0.000         80926901.786   1.00000 
  2910.540           8.400    716.099      55.499       4.309               14.521               0.000               0.000         80926916.307   1.00000 
  2911.540           8.335    715.703      55.499       4.309               14.413               0.000               0.000         80926930.720   1.00000 
  2912.540           8.271    715.308      55.499       4.309               14.306               0.000               0.000         80926945.026   1.00000 
  2913.540           8.208    714.916      55.499       4.309               14.200               0.000               0.000         80926959.226   1.00000 
  2914.540           8.144    714.525      55.499       4.309               14.096               0.000               0.000         80926973.322   1.00000 
  2915.540           8.081    714.136      55.499       4.309               13.992               0.000               0.000         80926987.314   1.00000 
  2916.540           8.018    713.749      55.499       4.309               13.890               0.000               0.000         80927001.204   1.00000 
  2917.540           7.955    713.364      55.499       4.309               13.789               0.000               0.000         80927014.993   1.00000 
  2918.540           7.892    712.981      55.499       4.309               13.688               0.000               0.000         80927028.681   1.00000 
  2919.540           7.830    712.599      55.499       4.309               13.589               0.000               0.000         80927042.271   1.00000 
  2920.540           7.768    712.218      55.499       4.309               13.491               0.000               0.000         80927055.762   1.00000 
  2921.540           7.706    711.839      55.499       4.309               13.394               0.000               0.000         80927069.156   1.00000 
  2922.540           7.644    711.460      55.499       4.309               13.298               0.000               0.000         80927082.454   1.00000 
  2923.540           7.583    711.081      55.499       4.309               13.203               0.000               0.000         80927095.657   1.00000 
  2924.540           7.522    710.704      55.499       4.309               13.109               0.000               0.000         80927108.766   1.00000 
  2925.540           7.461    710.328      55.499       4.309               13.016               0.000               0.000         80927121.782   1.00000 
  2926.540           7.400    709.952      55.499       4.309               12.924               0.000               0.000         80927134.706   1.00000 
  2927.540           7.339    709.578      55.499       4.309               12.833               0.000               0.000         80927147.538   1.00000 
  2928.540           7.279    709.204      55.499       4.309               12.742               0.000               0.000         80927160.281   1.00000 
  2929.540           7.219    708.831      55.499       4.309               12.653               0.000               0.000         80927172.934   1.00000 
  2930.540           7.159    708.459      55.499       4.309               12.565               0.000               0.000         80927185.498   1.00000 
  2931.540           7.099    708.088      55.499       4.309               12.477               0.000               0.000         80927197.975   1.00000 
  2932.540           7.039    707.717      55.499       4.309               12.390               0.000               0.000         80927210.366   1.00000 
  2933.540           6.980    707.348      55.499       4.309               12.305               0.000               0.000         80927222.670   1.00000 
  2934.540           6.921    706.979      55.499       4.309               12.220               0.000               0.000         80927234.890   1.00000 
  2935.540           6.862    706.611      55.499       4.309               12.136               0.000               0.000         80927247.026   1.00000 
  2936.540           6.803    706.244      55.499       4.309               12.053               0.000               0.000         80927259.078   1.00000 
  2937.540           6.745    705.878      55.499       4.309               11.970               0.000               0.000         80927271.048   1.00000 
  2938.540           6.686    705.512      55.499       4.309               11.889               0.000               0.000         80927282.937   1.00000 
  2939.540           6.628    705.148      55.499       4.309               11.808               0.000               0.000         80927294.745   1.00000 
  2940.540           6.570    704.784      55.499       4.309               11.728               0.000               0.000         80927306.473   1.00000 
  2941.540           6.513    704.421      55.499       4.309               11.649               0.000               0.000         80927318.122   1.00000 
  2942.540           6.455    704.059      55.499       4.309               11.570               0.000               0.000         80927329.692   1.00000 
  2943.540           6.398    703.698      55.499       4.309               11.493               0.000               0.000         80927341.185   1.00000 
  2944.540           6.340    703.337      55.499       4.309               11.416               0.000               0.000         80927352.601   1.00000 
  2945.540           6.283    702.977      55.499       4.309               11.340               0.000               0.000         80927363.941   1.00000 
  2946.540           6.227    702.618      55.499       4.309               11.265               0.000               0.000         80927375.206   1.00000 
  2947.540           6.170    702.260      55.499       4.309               11.190               0.000               0.000         80927386.396   1.00000 
  2948.540           6.114    701.903      55.499       4.309               11.116               0.000               0.000         80927397.513   1.00000 
  2949.540           6.057    701.546      55.499       4.309               11.043               0.000               0.000         80927408.556   1.00000 
  2950.540           6.001    701.190      55.499       4.309               10.971               0.000               0.000         80927419.527   1.00000 
  2951.540           5.946    700.835      55.499       4.309               10.899               0.000               0.000         80927430.426   1.00000 
  2952.540           5.890    700.481      55.499       4.309               10.828               0.000               0.000         80927441.254   1.00000 
  2953.540           5.834    700.128      55.499       4.309               10.758               0.000               0.000         80927452.012   1.00000 
  2954.540           5.779    699.775      55.499       4.309               10.688               0.000               0.000         80927462.700   1.00000 
  2955.540           5.724    699.423      55.499       4.309               10.619               0.000               0.000         80927473.320   1.00000 
  2956.540           5.669    699.072      55.499       4.309               10.551               0.000               0.000         80927483.871   1.00000 
  2957.540           5.614    698.722      55.499       4.309               10.484               0.000               0.000         80927494.354   1.00000 
  2958.540           5.560    698.372      55.499       4.309               10.417               0.000               0.000         80927504.771   1.00000 
  2959.540           5.505    698.023      55.499       4.309               10.350               0.000               0.000         80927515.121   1.00000 
  2960.540           5.451    697.675      55.499       4.309               10.285               0.000               0.000         80927525.406   1.00000 
  2961.540           5.397    697.328      55.499       4.309               10.220               0.000               0.000         80927535.625   1.00000 
  2962.540           5.343    696.981      55.499       4.309               10.155               0.000               0.000         80927545.781   1.00000 
  2963.540           5.289    696.635      55.499       4.309               10.091               0.000               0.000         80927555.872   1.00000 
  2964.540           5.236    696.290      55.499       4.309               10.028               0.000               0.000         80927565.900   1.00000 
  2965.540           5.182    695.946      55.499       4.309                9.966               0.000               0.000         80927575.866   1.00000 
  2966.540           5.129    695.602      55.499       4.309                9.904               0.000               0.000         80927585.769   1.00000 
  2967.540           5.076    695.259      55.499       4.309                9.842               0.000               0.000         80927595.612   1.00000 
  2968.540           5.023    694.917      55.499       4.309                9.781               0.000               0.000         80927605.393   1.00000 
  2969.540           4.970    694.575      55.499       4.309                9.721               0.000               0.000         80927615.114   1.00000 
  2970.540           4.918    694.235      55.499       4.309                9.662               0.000               0.000         80927624.776   1.00000 
  2971.540           4.865    693.895      55.499       4.309                9.603               0.000               0.000         80927634.379   1.00000 
  2972.540           4.813    693.555      55.499       4.309                9.544               0.000               0.000         80927643.923   1.00000 
  2973.540           4.761    693.217      55.499       4.309                9.486               0.000               0.000         80927653.409   1.00000 
  2974.540           4.709    692.879      55.499       4.309                9.429               0.000               0.000         80927662.837   1.00000 
  2975.540           4.657    692.542      55.499       4.309                9.372               0.000               0.000         80927672.209   1.00000 
  2976.540           4.605    692.205      55.499       4.309                9.315               0.000               0.000         80927681.524   1.00000 
  2977.540           4.554    691.869      55.499       4.309                9.259               0.000               0.000         80927690.784   1.00000 
  2978.540           4.503    691.534      55.499       4.309                9.204               0.000               0.000         80927699.988   1.00000 
  2979.540           4.451    691.199      55.499       4.309                9.149               0.000               0.000         80927709.137   1.00000 
  2980.540           4.400    690.865      55.499       4.309                9.095               0.000               0.000         80927718.232   1.00000 
  2981.540           4.350    690.531      55.499       4.309                9.041               0.000               0.000         80927727.273   1.00000 
  2982.540           4.299    690.198      55.499       4.309                8.988               0.000               0.000         80927736.261   1.00000 
  2983.540           4.248    689.866      55.499       4.309                8.935               0.000               0.000         80927745.196   1.00000 
  2984.540           4.198    689.534      55.499       4.309                8.882               0.000               0.000         80927754.078   1.00000 
  2985.540           4.148    689.202      55.499       4.309                8.831               0.000               0.000         80927762.909   1.00000 
  2986.540           4.098    688.871      55.499       4.309                8.779               0.000               0.000         80927771.688   1.00000 
  2987.540           4.048    688.541      55.499       4.309                8.728               0.000               0.000         80927780.416   1.00000 
  2988.540           3.998    688.212      55.499       4.309                8.678               0.000               0.000         80927789.094   1.00000 
  2989.540           3.948    687.882      55.499       4.309                8.628               0.000               0.000         80927797.721   1.00000 
  2990.540           3.898    687.554      55.499       4.309                8.578               0.000               0.000         80927806.299   1.00000 
  2991.540           3.849    687.226      55.499       4.309                8.529               0.000               0.000         80927814.828   1.00000 
  2992.540           3.800    686.899      55.499       4.309                8.480               0.000               0.000         80927823.309   1.00000 
  2993.540           3.751    686.572      55.499       4.309                8.432               0.000               0.000         80927831.741   1.00000 
  2994.540           3.702    686.245      55.499       4.309                8.384               0.000               0.000         80927840.125   1.00000 
  2995.540           3.653    685.920      55.499       4.309                8.337               0.000               0.000         80927848.462   1.00000 
  2996.540           3.604    685.594      55.499       4.309                8.290               0.000               0.000         80927856.752   1.00000 
  2997.540           3.556    685.270      55.499       4.309                8.244               0.000               0.000         80927864.995   1.00000 
  2998.540           3.507    684.946      55.499       4.309                8.197               0.000               0.000         80927873.193   1.00000 
  2999.540           3.459    684.622      55.499       4.309                8.152               0.000               0.000         80927881.345   1.00000 
  3000.540           3.411    684.299      55.499       4.309                8.107               0.000               0.000         80927889.451   1.00000 
  3001.540           3.362    683.977      55.499       4.309                8.062               0.000               0.000         80927897.513   1.00000 
  3002.540           3.315    683.655      55.499       4.309                8.017               0.000               0.000         80927905.530   1.00000 
  3003.540           3.267    683.334      55.499       4.309                7.973               0.000               0.000         80927913.504   1.00000 
  3004.540           3.219    683.013      55.499       4.309                7.930               0.000               0.000         80927921.433   1.00000 
  3005.540           3.172    682.692      55.499       4.309                7.886               0.000               0.000         80927929.320   1.00000 
  3006.540           3.124    682.373      55.499       4.309                7.844               0.000               0.000         80927937.164   1.00000 
  3007.540           3.077    682.054      55.499       4.309                7.801               0.000               0.000         80927944.965   1.00000 
  3008.540           3.030    681.735      55.499       4.309                7.759               0.000               0.000         80927952.724   1.00000 
  3009.540           2.983    681.417      55.499       4.309                7.718               0.000               0.000         80927960.442   1.00000 
  3010.540           2.936    681.099      55.499       4.309                7.676               0.000               0.000         80927968.118   1.00000 
  3011.540           2.889    680.782      55.499       4.309                7.635               0.000               0.000         80927975.753   1.00000 
  3012.540           2.842    680.466      55.499       4.309                7.595               0.000               0.000         80927983.348   1.00000 
  3013.540           2.796    680.150      55.499       4.309                7.555               0.000               0.000         80927990.902   1.00000 
  3014.540           2.749    679.834      55.499       4.309                7.515               0.000               0.000         80927998.417   1.00000 
  3015.540           2.703    679.519      55.499       4.309                7.475               0.000               0.000         80928005.892   1.00000 
  3016.540           2.656    679.205      55.499       4.309                7.436               0.000               0.000         80928013.328   1.00000 
  3017.540           2.610    678.891      55.499       4.309                7.397               0.000               0.000         80928020.726   1.00000 
  3018.540           2.564    678.578      55.499       4.309                7.359               0.000               0.000         80928028.085   1.00000 
  3019.540           2.518    678.265      55.499       4.309                7.321               0.000               0.000         80928035.406   1.00000 
  3020.540           2.473    677.953      55.499       4.309                7.283               0.000               0.000         80928042.689   1.00000 
  3021.540           2.427    677.641      55.499       4.309                7.246               0.000               0.000         80928049.934   1.00000 
  3022.540           2.381    677.330      55.499       4.309                7.209               0.000               0.000         80928057.143   1.00000 
  3023.540           2.336    677.019      55.499       4.309                7.172               0.000               0.000         80928064.315   1.00000 
  3024.540           2.291    676.709      55.499       4.309                7.136               0.000               0.000         80928071.451   1.00000 
  3025.540           2.245    676.399      55.499       4.309                7.100               0.000               0.000         80928078.550   1.00000 
  3026.540           2.200    676.090      55.499       4.309                7.064               0.000               0.000         80928085.614   1.00000 
  3027.540           2.155    675.782      55.499       4.309                7.028               0.000               0.000         80928092.642   1.00000 
  3028.540           2.110    675.474      55.499       4.309                6.993               0.000               0.000         80928099.636   1.00000 
  3029.540           2.065    675.166      55.499       4.309                6.958               0.000               0.000         80928106.594   1.00000 
  3030.540           2.020    674.859      55.499       4.309                6.924               0.000               0.000         80928113.518   1.00000 
  3031.540           1.976    674.552      55.499       4.309                6.890               0.000               0.000         80928120.408   1.00000 
  3032.540           1.931    674.246      55.499       4.309                6.856               0.000               0.000         80928127.263   1.00000 
  3033.540           1.887    673.941      55.499       4.309                6.822               0.000               0.000         80928134.086   1.00000 
  3034.540           1.842    673.636      55.499       4.309                6.789               0.000               0.000         80928140.875   1.00000 
  3035.540           1.798    673.331      55.499       4.309                6.756               0.000               0.000         80928147.631   1.00000 
  3036.540           1.754    673.027      55.499       4.309                6.723               0.000               0.000         80928154.354   1.00000 
  3037.540           1.710    672.724      55.499       4.309                6.691               0.000               0.000         80928161.045   1.00000 
  3038.540           1.666    672.421      55.499       4.309                6.659               0.000               0.000         80928167.704   1.00000 
  3039.540           1.622    672.118      55.499       4.309                6.627               0.000               0.000         80928174.331   1.00000 
  3040.540           1.578    671.816      55.499       4.309                6.595               0.000               0.000         80928180.926   1.00000 
  3041.540           1.534    671.514      55.499       4.309                6.564               0.000               0.000         80928187.491   1.00000 
  3042.540           1.491    671.213      55.499       4.309                6.533               0.000               0.000         80928194.024   1.00000 
  3043.540           1.447    670.913      55.499       4.309                6.502               0.000               0.000         80928200.526   1.00000 
  3044.540           1.403    670.612      55.499       4.309                6.472               0.000               0.000         80928206.998   1.00000 
  3045.540           1.360    670.313      55.499       4.309                6.442               0.000               0.000         80928213.440   1.00000 
  3046.540           1.317    670.013      55.499       4.309                6.412               0.000               0.000         80928219.852   1.00000 
  3047.540           1.273    669.714      55.499       4.309                6.382               0.000               0.000         80928226.234   1.00000 
  3048.540           1.230    669.416      55.499       4.309                6.353               0.000               0.000         80928232.587   1.00000 
  3049.540           1.187    669.118      55.499       4.309                6.324               0.000               0.000         80928238.911   1.00000 
  3050.540           1.144    668.821      55.499       4.309                6.295               0.000               0.000         80928245.206   1.00000 
  3051.540           1.101    668.524      55.499       4.309                6.266               0.000               0.000         80928251.472   1.00000 
  3052.540           1.058    668.227      55.499       4.309                6.238               0.000               0.000         80928257.710   1.00000 
  3053.540           1.015    667.931      55.499       4.309                6.210               0.000               0.000         80928263.920   1.00000 
  3054.540           0.973    667.636      55.499       4.309                6.182               0.000               0.000         80928270.101   1.00000 
  3055.540           0.930    667.341      55.499       4.309                6.154               0.000               0.000         80928276.256   1.00000 
  3056.540           0.887    667.046      55.499       4.309                6.127               0.000               0.000         80928282.382   1.00000 
  3057.540           0.845    666.752      55.499       4.309                6.100               0.000               0.000         80928288.482   1.00000 
  3058.540           0.802    666.458      55.499       4.309                6.073               0.000               0.000         80928294.555   1.00000 
  3059.540           0.760    666.165      55.499       4.309                6.046               0.000               0.000         80928300.601   1.00000 
  3060.540           0.718    665.872      55.499       4.309                6.020               0.000               0.000         80928306.621   1.00000 
  3061.540           0.675    665.580      55.499       4.309                5.993               0.000               0.000         80928312.614   1.00000 
  3062.540           0.633    665.288      55.499       4.309                5.968               0.000               0.000         80928318.582   1.00000 
  3063.540           0.591    664.996      55.499       4.309                5.942               0.000               0.000         80928324.524   1.00000 
  3064.540           0.549    664.705      55.499       4.309                5.916               0.000               0.000         80928330.440   1.00000 
  3065.540           0.507    664.415      55.499       4.309                5.891               0.000               0.000         80928336.331   1.00000 
  3066.540           0.465    664.125      55.499       4.309                5.866               0.000               0.000         80928342.197   1.00000 
  3067.540           0.423    663.835      55.499       4.309                5.841               0.000               0.000         80928348.038   1.00000 
  3068.540           0.381    663.546      55.499       4.309                5.816               0.000               0.000         80928353.854   1.00000 
  3069.540           0.339    663.257      55.499       4.309                5.792               0.000               0.000         80928359.646   1.00000 
  3070.540           0.297    662.969      55.499       4.309                5.768               0.000               0.000         80928365.413   1.00000 
  3071.540           0.256    662.681      55.499       4.309                5.744               0.000               0.000         80928371.157   1.00000 
  3072.540           0.214    662.394      55.499       4.309                5.720               0.000               0.000         80928376.877   1.00000 
  3073.540           0.172    662.107      55.499       4.309                5.696               0.000               0.000         80928382.573   1.00000 
  3074.540           0.131    661.820      55.499       4.309                5.673               0.000               0.000         80928388.246   1.00000 
  3075.540           0.089    661.534      55.499       4.309                5.650               0.000               0.000         80928393.896   1.00000 
  3076.540           0.048    661.249      55.499       4.309                5.627               0.000               0.000         80928399.523   1.00000 
  3077.540           0.006    660.964      55.499       4.309                5.604               0.000               0.000         80928405.127   1.00000 
  3078.540           0.000    660.679      55.499       4.309                5.586               0.000               0.000         80928410.713   1.00000 
