#_______________________________________________________________________________
#    ######   ####     ##             #####   #####     ##    #    #    ## 
#    #       #        #  #            #    #  #    #   #  #   ##  ##   #  #
#    #####    ####   ######           #    #  #####   ######  # ## #  ######
#    #            #  #    #           #    #  #    #  #    #  #    #  #    #
#____######__#####___#____#___________#####___#____#__#____#__#____#__#____#____
#
#              ESA Debris Risk Assessment and Mitigation Analysis
#
#                      ---- DRAMA ( SESAM 2.1.5 ) ----
#                                      ESA 2018
#
#                              aerothermal history file
#-------------------------------------------------------------------------------
# Filename      : PySara.PLM.a8c52bba-8078-4fb0-94fe-07d876624d0a_AeroThermalHistory.txt
# RunID         : PySara
# ObjectID      : a8c52bba-8078-4fb0-94fe-07d876624d0a
# ObjectName    : PLM
# ReferenceArea : 1.56203 [m^2]
# Content       : This file contains the aerothermal data of the object,
#                 computed by the DRAMA 3 Re-entry Analysis.
# Documentation : DRAMA Software User Manual, section OPERATIONS MANUAL / Normal operation / SARA / SARA Simulation Output / Re-entry simulation output
# Note          : The convective heat and the integrated heat values in this file take into account the visibility factor
#
#-------------------------------------------------------------------------------------------------------------------------------------------------------------------
#  Time [s]  Altitude [km]   Temp [K]   Mass [kg]   Thick [mm]  Convective Heat [W]  Radiative Heat [W]  Oxidation Heat [W]  Integrated Heat [J] VisibilityFactor [-]
#-------------------------------------------------------------------------------------------------------------------------------------------------------------------
  2391.650          87.848    727.847     193.500      52.143           459089.342               0.000               0.000         94512567.150   1.00000 
  2391.750          87.841    728.029     193.500      52.143           459298.105               0.000               0.000         94558496.961   1.00000 
  2392.200          87.813    728.851     193.500      52.143           460268.875               0.000               0.000         94765617.954   1.00000 
  2393.200          87.751    730.695     193.500      52.143           462503.610               0.000               0.000         95228121.564   1.00000 
  2394.200          87.688    732.572     193.500      52.143           464918.063               0.000               0.000         95693039.628   1.00000 
  2395.200          87.625    734.482     193.500      52.143           467347.940               0.000               0.000         96160387.567   1.00000 
  2396.200          87.561    736.411     193.500      52.143           469793.401               0.000               0.000         96630180.969   1.00000 
  2397.200          87.498    738.354     193.500      52.143           472254.613               0.000               0.000         97102435.581   1.00000 
  2398.200          87.434    740.311     193.500      52.143           474731.743               0.000               0.000         97577167.325   1.00000 
  2399.200          87.371    742.283     193.500      52.143           477224.962               0.000               0.000         98054392.287   1.00000 
  2400.200          87.307    744.269     193.500      52.143           479734.442               0.000               0.000         98534126.728   1.00000 
  2401.200          87.243    746.271     193.500      52.143           482260.359               0.000               0.000         99016387.088   1.00000 
  2402.200          87.178    748.287     193.500      52.143           484802.893               0.000               0.000         99501189.980   1.00000 
  2403.200          87.114    750.319     193.500      52.143           487362.221               0.000               0.000         99988552.201   1.00000 
  2404.200          87.049    752.366     193.500      52.143           489938.531               0.000               0.000        100478490.732   1.00000 
  2405.200          86.984    754.428     193.500      52.143           492532.011               0.000               0.000        100971022.743   1.00000 
  2406.200          86.919    756.502     193.500      52.143           495142.845               0.000               0.000        101466165.587   1.00000 
  2407.200          86.854    758.585     193.500      52.143           497771.231               0.000               0.000        101963936.818   1.00000 
  2408.200          86.789    760.677     193.500      52.143           500417.364               0.000               0.000        102464354.182   1.00000 
  2409.200          86.723    762.778     193.500      52.143           503081.438               0.000               0.000        102967435.621   1.00000 
  2410.200          86.657    764.889     193.500      52.143           505763.665               0.000               0.000        103473199.285   1.00000 
  2411.200          86.592    767.008     193.500      52.143           508464.238               0.000               0.000        103981663.523   1.00000 
  2412.200          86.525    769.138     193.500      52.143           511183.373               0.000               0.000        104492846.896   1.00000 
  2413.200          86.459    771.276     193.500      52.143           513921.284               0.000               0.000        105006768.180   1.00000 
  2414.200          86.393    773.425     193.500      52.143           516678.178               0.000               0.000        105523446.358   1.00000 
  2415.200          86.326    775.582     193.500      52.143           519454.277               0.000               0.000        106042900.635   1.00000 
  2416.200          86.259    777.747     193.500      52.143           522249.806               0.000               0.000        106565150.441   1.00000 
  2417.200          86.192    779.920     193.500      52.143           525064.989               0.000               0.000        107090215.431   1.00000 
  2418.200          86.125    782.101     193.500      52.143           527900.053               0.000               0.000        107618115.484   1.00000 
  2419.200          86.057    784.290     193.500      52.143           530755.231               0.000               0.000        108148870.715   1.00000 
  2420.200          85.990    786.486     193.500      52.143           533630.760               0.000               0.000        108682501.475   1.00000 
  2421.200          85.922    788.691     193.500      52.143           536526.881               0.000               0.000        109219028.356   1.00000 
  2422.200          85.854    790.904     193.500      52.143           539443.839               0.000               0.000        109758472.195   1.00000 
  2423.200          85.785    793.124     193.500      52.143           542381.885               0.000               0.000        110300854.080   1.00000 
  2424.200          85.717    795.353     193.500      52.143           545341.264               0.000               0.000        110846195.344   1.00000 
  2425.200          85.648    797.589     193.500      52.143           548322.236               0.000               0.000        111394517.580   1.00000 
  2426.200          85.579    799.834     193.500      52.143           551325.061               0.000               0.000        111945842.641   1.00000 
  2427.200          85.510    802.086     193.500      52.143           554349.998               0.000               0.000        112500192.639   1.00000 
  2428.200          85.441    804.347     193.500      52.143           557397.331               0.000               0.000        113057589.970   1.00000 
  2429.200          85.371    806.615     193.500      52.143           560467.322               0.000               0.000        113618057.292   1.00000 
  2430.200          85.302    808.892     193.500      52.143           563560.250               0.000               0.000        114181617.541   1.00000 
  2431.200          85.232    811.176     193.500      52.143           566676.405               0.000               0.000        114748293.946   1.00000 
  2432.200          85.162    813.469     193.500      52.143           569816.063               0.000               0.000        115318110.009   1.00000 
  2433.200          85.091    815.770     193.500      52.143           572979.525               0.000               0.000        115891089.534   1.00000 
  2434.200          85.021    818.079     193.500      52.143           576167.081               0.000               0.000        116467256.615   1.00000 
  2435.200          84.950    820.395     193.500      52.143           579379.040               0.000               0.000        117046635.656   1.00000 
  2436.200          84.879    822.720     193.500      52.143           582615.675               0.000               0.000        117629251.330   1.00000 
  2437.200          84.808    825.053     193.500      52.143           585877.243               0.000               0.000        118215128.573   1.00000 
  2438.200          84.736    827.394     193.500      52.143           589164.007               0.000               0.000        118804292.580   1.00000 
  2439.200          84.665    829.743     193.500      52.143           592476.224               0.000               0.000        119396768.805   1.00000 
  2440.200          84.593    832.100     193.500      52.143           595814.162               0.000               0.000        119992582.967   1.00000 
  2441.200          84.520    834.466     193.500      52.143           599178.092               0.000               0.000        120591761.059   1.00000 
  2442.200          84.448    836.835     193.500      52.143           602568.294               0.000               0.000        121194329.353   1.00000 
  2443.200          84.375    839.203     193.500      52.143           605985.031               0.000               0.000        121800314.384   1.00000 
  2444.200          84.303    841.572     193.500      52.143           609428.583               0.000               0.000        122409742.967   1.00000 
  2445.200          84.230    843.941     193.500      52.143           612899.234               0.000               0.000        123022642.202   1.00000 
  2446.200          84.156    846.311     193.500      52.143           616397.278               0.000               0.000        123639039.480   1.00000 
  2447.200          84.083    848.681     193.500      52.143           619922.989               0.000               0.000        124258962.468   1.00000 
  2448.200          84.009    850.000     192.926      51.973           623476.668               0.000               0.000        124882439.136   1.00000 
  2449.200          83.935    850.000     191.624      51.588           627058.414               0.000               0.000        125509497.550   1.00000 
  2450.200          83.861    850.000     190.314      51.201           630668.245               0.000               0.000        126140165.795   1.00000 
  2451.200          83.786    850.000     188.994      50.812           634306.396               0.000               0.000        126774472.191   1.00000 
  2452.200          83.711    850.000     187.665      50.421           637973.160               0.000               0.000        127412445.351   1.00000 
  2453.200          83.636    850.000     186.327      50.027           641668.794               0.000               0.000        128054114.145   1.00000 
  2454.200          83.561    850.000     184.979      49.632           645393.597               0.000               0.000        128699507.742   1.00000 
  2455.200          83.485    850.000     183.622      49.234           649147.846               0.000               0.000        129348655.588   1.00000 
  2456.200          83.410    850.000     182.256      48.834           652931.822               0.000               0.000        130001587.410   1.00000 
  2457.200          83.334    850.000     180.880      48.432           656745.814               0.000               0.000        130658333.225   1.00000 
  2458.200          83.257    850.000     179.494      48.027           660590.115               0.000               0.000        131318923.340   1.00000 
  2459.200          83.181    850.000     178.099      47.621           664465.029               0.000               0.000        131983388.369   1.00000 
  2460.200          83.104    850.000     176.694      47.212           668370.827               0.000               0.000        132651759.195   1.00000 
  2461.200          83.027    850.000     175.279      46.801           672307.826               0.000               0.000        133324067.022   1.00000 
  2462.200          82.949    850.000     173.854      46.387           676276.321               0.000               0.000        134000343.343   1.00000 
  2463.200          82.872    850.000     172.420      45.972           680276.615               0.000               0.000        134680619.957   1.00000 
  2464.200          82.794    850.000     170.975      45.554           684308.996               0.000               0.000        135364928.953   1.00000 
  2465.200          82.716    850.000     169.520      45.134           688373.792               0.000               0.000        136053302.745   1.00000 
  2466.200          82.637    850.000     168.055      44.711           692471.305               0.000               0.000        136745774.051   1.00000 
  2467.200          82.559    850.000     166.579      44.286           696601.839               0.000               0.000        137442375.890   1.00000 
  2468.200          82.480    850.000     165.093      43.859           700765.718               0.000               0.000        138143141.608   1.00000 
  2469.200          82.400    850.000     163.596      43.429           704963.241               0.000               0.000        138848104.850   1.00000 
  2470.200          82.321    850.000     162.089      42.997           709194.737               0.000               0.000        139557299.587   1.00000 
  2471.200          82.241    850.000     160.572      42.563           713460.517               0.000               0.000        140270760.104   1.00000 
  2472.200          82.161    850.000     159.043      42.126           717760.904               0.000               0.000        140988521.008   1.00000 
  2473.200          82.080    850.000     157.504      41.687           722096.214               0.000               0.000        141710617.221   1.00000 
  2474.200          81.999    850.000     155.954      41.246           726466.783               0.000               0.000        142437084.004   1.00000 
  2475.200          81.918    850.000     154.392      40.802           730872.929               0.000               0.000        143167956.933   1.00000 
  2476.200          81.837    850.000     152.820      40.356           735314.973               0.000               0.000        143903271.905   1.00000 
  2477.200          81.755    850.000     151.236      39.907           739793.255               0.000               0.000        144643065.160   1.00000 
  2478.200          81.673    850.000     149.642      39.455           744308.089               0.000               0.000        145387373.249   1.00000 
  2479.200          81.591    850.000     148.035      39.002           748859.818               0.000               0.000        146136233.067   1.00000 
  2480.200          81.509    850.000     146.418      38.545           753448.778               0.000               0.000        146889681.846   1.00000 
  2481.200          81.426    850.000     144.788      38.087           758075.285               0.000               0.000        147647757.131   1.00000 
  2482.200          81.343    850.000     143.147      37.625           762739.675               0.000               0.000        148410496.806   1.00000 
  2483.200          81.259    850.000     141.495      37.161           767442.286               0.000               0.000        149177939.092   1.00000 
  2484.200          81.175    850.000     139.830      36.695           772183.458               0.000               0.000        149950122.550   1.00000 
  2485.200          81.091    850.000     138.154      36.226           776963.529               0.000               0.000        150727086.080   1.00000 
  2486.200          81.006    850.000     136.465      35.754           781782.818               0.000               0.000        151508868.898   1.00000 
  2487.200          80.922    850.000     134.764      35.280           786641.664               0.000               0.000        152295510.562   1.00000 
  2488.200          80.836    850.000     133.051      34.804           791540.417               0.000               0.000        153087050.979   1.00000 
  2489.200          80.751    850.000     131.326      34.324           796479.396               0.000               0.000        153883530.375   1.00000 
  2490.200          80.665    850.000     129.588      33.842           801458.950               0.000               0.000        154684989.325   1.00000 
  2491.200          80.579    850.000     127.838      33.358           806479.396               0.000               0.000        155491468.721   1.00000 
  2492.200          80.492    850.000     126.075      32.870           811541.083               0.000               0.000        156303009.804   1.00000 
  2493.200          80.405    850.000     124.299      32.380           816644.323               0.000               0.000        157119654.127   1.00000 
  2494.200          80.318    850.000     122.511      31.888           821789.464               0.000               0.000        157941443.591   1.00000 
  2495.200          80.230    850.000     120.709      31.392           826976.829               0.000               0.000        158768420.420   1.00000 
  2496.200          80.142    850.000     118.895      30.894           832206.736               0.000               0.000        159600627.156   1.00000 
  2497.200          80.054    850.000     117.067      30.393           837479.514               0.000               0.000        160438106.671   1.00000 
  2498.200          79.965    850.000     115.226      29.890           842795.494               0.000               0.000        161280902.164   1.00000 
  2499.200          79.876    850.000     113.371      29.383           848155.032               0.000               0.000        162129057.197   1.00000 
  2500.200          79.787    850.000     111.503      28.874           853558.593               0.000               0.000        162982615.789   1.00000 
  2501.200          79.697    850.000     109.622      28.362           859006.625               0.000               0.000        163841622.414   1.00000 
  2502.200          79.607    850.000     107.726      27.847           864499.621               0.000               0.000        164706122.035   1.00000 
  2503.200          79.516    850.000     105.817      27.330           870038.067               0.000               0.000        165576160.102   1.00000 
  2504.200          79.425    850.000     103.894      26.809           875622.406               0.000               0.000        166451782.508   1.00000 
  2505.200          79.334    850.000     101.957      26.286           881253.162               0.000               0.000        167333035.670   1.00000 
  2506.200          79.242    850.000     100.005      25.760           886930.801               0.000               0.000        168219966.470   1.00000 
  2507.200          79.150    850.000      98.039      25.231           892655.821               0.000               0.000        169112622.291   1.00000 
  2508.200          79.057    850.000      96.059      24.699           898428.710               0.000               0.000        170011051.001   1.00000 
  2509.200          78.964    850.000      94.064      24.164           904249.973               0.000               0.000        170915300.974   1.00000 
  2510.200          78.870    850.000      92.055      23.627           910120.092               0.000               0.000        171825421.066   1.00000 
  2511.200          78.777    850.000      90.031      23.086           916039.606               0.000               0.000        172741460.672   1.00000 
  2512.200          78.682    850.000      87.992      22.542           922008.983               0.000               0.000        173663469.655   1.00000 
  2513.200          78.587    850.000      85.937      21.996           928028.754               0.000               0.000        174591498.409   1.00000 
  2514.200          78.492    850.000      83.868      21.446           934099.408               0.000               0.000        175525597.817   1.00000 
  2515.200          78.397    850.000      81.783      20.893           940221.465               0.000               0.000        176465819.281   1.00000 
  2516.200          78.300    850.000      79.683      20.338           946395.442               0.000               0.000        177412214.723   1.00000 
  2517.200          78.204    850.000      77.568      19.779           952621.833               0.000               0.000        178364836.556   1.00000 
  2518.200          78.107    850.000      75.436      19.217           958901.174               0.000               0.000        179323737.731   1.00000 
  2519.200          78.009    850.000      73.289      18.653           965233.957               0.000               0.000        180288971.687   1.00000 
  2520.200          77.912    850.000      71.126      18.085           971620.687               0.000               0.000        181260592.375   1.00000 
  2521.200          77.813    850.000      68.946      17.514           978061.887               0.000               0.000        182238654.261   1.00000 
  2522.200          77.714    850.000      66.751      16.940           984558.071               0.000               0.000        183223212.333   1.00000 
  2523.200          77.615    850.000      64.539      16.362           991109.730               0.000               0.000        184214322.062   1.00000 
  2524.200          77.515    850.000      62.311      15.782           997717.373               0.000               0.000        185212039.435   1.00000 
  2525.200          77.415    850.000      60.066      15.198          1004381.500               0.000               0.000        186216420.935   1.00000 
  2526.200          77.314    850.000      57.804      14.612          1011102.598               0.000               0.000        187227523.533   1.00000 
  2527.200          77.212    850.000      55.525      14.022          1017881.171               0.000               0.000        188245404.704   1.00000 
  2528.200          77.111    850.000      53.229      13.428          1024717.682               0.000               0.000        189270122.386   1.00000 
  2529.200          77.008    850.000      50.916      12.832          1031612.622               0.000               0.000        190301735.008   1.00000 
  2530.200          76.905    850.000      48.585      12.232          1038566.455               0.000               0.000        191340301.463   1.00000 
  2531.200          76.802    850.000      46.237      11.629          1045579.638               0.000               0.000        192385881.101   1.00000 
  2532.200          76.698    850.000      43.871      11.023          1052652.629               0.000               0.000        193438533.730   1.00000 
  2533.200          76.593    850.000      41.488      10.413          1059785.857               0.000               0.000        194498319.588   1.00000 
  2534.200          76.488    850.000      39.086       9.800          1066979.743               0.000               0.000        195565299.330   1.00000 
  2535.200          76.382    850.000      36.666       9.184          1074234.707               0.000               0.000        196639534.038   1.00000 
  2536.200          76.276    850.000      34.228       8.565          1081551.148               0.000               0.000        197721085.185   1.00000 
  2537.200          76.169    850.000      31.772       7.942          1088929.437               0.000               0.000        198810014.622   1.00000 
  2538.200          76.062    850.000      29.297       7.315          1096369.927               0.000               0.000        199906384.549   1.00000 
  2539.200          75.954    850.000      26.803       6.686          1103872.968               0.000               0.000        201010257.517   1.00000 
  2540.200          75.845    850.000      24.290       6.052          1111438.875               0.000               0.000        202121696.392   1.00000 
  2541.200          75.736    850.000      21.758       5.416          1119067.935               0.000               0.000        203240764.327   1.00000 
  2542.200          75.626    850.000      19.207       4.776          1126760.414               0.000               0.000        204367524.742   1.00000 
  2543.200          75.516    850.000      16.637       4.132          1134516.544               0.000               0.000        205502041.286   1.00000 
  2544.200          75.405    850.000      14.047       3.485          1142336.533               0.000               0.000        206644377.818   1.00000 
  2545.200          75.293    850.000      11.437       2.834          1150220.544               0.000               0.000        207794598.362   1.00000 
  2546.200          75.181    850.000       8.807       2.180          1158168.714               0.000               0.000        208952767.076   1.00000 
  2547.200          75.068    850.000       6.158       1.523          1166181.125               0.000               0.000        210118948.202   1.00000 
  2548.200          74.954    850.000       3.488       0.862          1174257.824               0.000               0.000        211293206.025   1.00000 
  2549.200          74.840    850.000       0.798       0.197          1182398.555               0.000               0.000        212475604.580   1.00000 
  2550.200          74.725    850.000       0.000       0.000          1190602.543               0.000               0.000        213666207.124   1.00000 
