#_______________________________________________________________________________
#    ######   ####     ##             #####   #####     ##    #    #    ## 
#    #       #        #  #            #    #  #    #   #  #   ##  ##   #  #
#    #####    ####   ######           #    #  #####   ######  # ## #  ######
#    #            #  #    #           #    #  #    #  #    #  #    #  #    #
#____######__#####___#____#___________#####___#____#__#____#__#____#__#____#____
#
#              ESA Debris Risk Assessment and Mitigation Analysis
#
#                      ---- DRAMA ( SESAM 2.1.5 ) ----
#                                      ESA 2018
#
#                              aerothermal history file
#-------------------------------------------------------------------------------
# Filename      : PySara.PMC2.a261a43f-3462-49fe-84c0-84b2b962f6cc_AeroThermalHistory.txt
# RunID         : PySara
# ObjectID      : a261a43f-3462-49fe-84c0-84b2b962f6cc
# ObjectName    : PMC2
# ReferenceArea : 0.038232 [m^2]
# Content       : This file contains the aerothermal data of the object,
#                 computed by the DRAMA 3 Re-entry Analysis.
# Documentation : DRAMA Software User Manual, section OPERATIONS MANUAL / Normal operation / SARA / SARA Simulation Output / Re-entry simulation output
# Note          : The convective heat and the integrated heat values in this file take into account the visibility factor
#
#-------------------------------------------------------------------------------------------------------------------------------------------------------------------
#  Time [s]  Altitude [km]   Temp [K]   Mass [kg]   Thick [mm]  Convective Heat [W]  Radiative Heat [W]  Oxidation Heat [W]  Integrated Heat [J] VisibilityFactor [-]
#-------------------------------------------------------------------------------------------------------------------------------------------------------------------
  2550.200          74.725    300.000       3.805       7.154            67507.691               0.000               0.000                0.000   1.00000 
  2550.300          74.713    302.015       3.805       7.154            67535.723               0.000               0.000             6753.572   1.00000 
  2550.750          74.661    311.094       3.805       7.154            67665.876               0.000               0.000            37203.216   1.00000 
  2551.750          74.545    331.272       3.805       7.154            67964.233               0.000               0.000           105167.450   1.00000 
  2552.750          74.429    351.358       3.805       7.154            68284.598               0.000               0.000           173452.048   1.00000 
  2553.750          74.311    371.355       3.805       7.154            68604.912               0.000               0.000           242056.960   1.00000 
  2554.750          74.194    391.223       3.805       7.154            68925.137               0.000               0.000           310982.097   1.00000 
  2555.750          74.075    410.923       3.805       7.154            69245.231               0.000               0.000           380227.328   1.00000 
  2556.750          73.955    430.437       3.805       7.154            69565.149               0.000               0.000           449792.478   1.00000 
  2557.750          73.835    449.806       3.805       7.154            69884.843               0.000               0.000           519677.320   1.00000 
  2558.750          73.714    468.921       3.805       7.154            70204.257               0.000               0.000           589881.577   1.00000 
  2559.750          73.593    487.490       3.805       7.154            70523.333               0.000               0.000           660404.910   1.00000 
  2560.750          73.470    505.151       3.805       7.154            70842.009               0.000               0.000           731246.920   1.00000 
  2561.750          73.347    522.212       3.805       7.154            71160.216               0.000               0.000           802407.136   1.00000 
  2562.750          73.223    539.263       3.805       7.154            71477.881               0.000               0.000           873885.017   1.00000 
  2563.750          73.098    556.744       3.805       7.154            71794.925               0.000               0.000           945679.941   1.00000 
  2564.750          72.972    574.713       3.805       7.154            72111.260               0.000               0.000          1017791.202   1.00000 
  2565.750          72.845    592.789       3.805       7.154            72426.796               0.000               0.000          1090217.998   1.00000 
  2566.750          72.717    610.366       3.805       7.154            72741.433               0.000               0.000          1162959.432   1.00000 
  2567.750          72.588    627.432       3.805       7.154            73055.066               0.000               0.000          1236014.498   1.00000 
  2568.750          72.459    644.032       3.805       7.154            73265.251               0.000               0.000          1309279.749   1.00000 
  2569.750          72.328    660.227       3.805       7.154            73577.121               0.000               0.000          1382856.870   1.00000 
  2570.750          72.196    676.068       3.805       7.154            73886.729               0.000               0.000          1456743.599   1.00000 
  2571.750          72.063    691.618       3.805       7.154            74194.047               0.000               0.000          1530937.646   1.00000 
  2572.750          71.929    706.963       3.805       7.154            74498.912               0.000               0.000          1605436.558   1.00000 
  2573.750          71.794    722.346       3.805       7.154            74801.148               0.000               0.000          1680237.706   1.00000 
  2574.750          71.658    738.720       3.805       7.154            75100.570               0.000               0.000          1755338.276   1.00000 
  2575.750          71.521    756.514       3.805       7.154            75396.983               0.000               0.000          1830735.259   1.00000 
  2576.750          71.382    774.739       3.805       7.154            75690.180               0.000               0.000          1906425.439   1.00000 
  2577.750          71.242    792.986       3.805       7.154            75979.947               0.000               0.000          1982405.386   1.00000 
  2578.750          71.101    811.139       3.805       7.154            76266.053               0.000               0.000          2058671.439   1.00000 
  2579.750          70.959    829.187       3.805       7.154            76548.258               0.000               0.000          2135219.697   1.00000 
  2580.750          70.815    847.114       3.805       7.154            76826.308               0.000               0.000          2212046.005   1.00000 
  2581.750          70.671    850.000       3.649       6.836            77099.937               0.000               0.000          2289145.941   1.00000 
  2582.750          70.524    850.000       3.462       6.458            77351.103               0.000               0.000          2366497.044   1.00000 
  2583.750          70.377    850.000       3.274       6.082            77570.772               0.000               0.000          2444067.816   1.00000 
  2584.750          70.228    850.000       3.086       5.709            77754.511               0.000               0.000          2521822.327   1.00000 
  2585.750          70.078    850.000       2.897       5.337            77897.892               0.000               0.000          2599720.219   1.00000 
  2586.750          69.926    850.000       2.708       4.969            77995.952               0.000               0.000          2677716.170   1.00000 
  2587.750          69.773    850.000       2.519       4.603            78043.095               0.000               0.000          2755759.265   1.00000 
  2588.750          69.618    850.000       2.330       4.241            78033.011               0.000               0.000          2833792.276   1.00000 
  2589.750          69.462    850.000       2.141       3.882            77958.563               0.000               0.000          2911750.838   1.00000 
  2590.750          69.305    850.000       1.952       3.526            77811.645               0.000               0.000          2989562.483   1.00000 
  2591.750          69.146    850.000       1.764       3.174            77583.035               0.000               0.000          3067145.518   1.00000 
  2592.750          68.986    850.000       1.577       2.827            77262.186               0.000               0.000          3144407.704   1.00000 
  2593.750          68.825    850.000       1.391       2.484            76836.998               0.000               0.000          3221244.703   1.00000 
  2594.750          68.662    850.000       1.207       2.146            76293.520               0.000               0.000          3297538.223   1.00000 
  2595.750          68.497    850.000       1.024       1.814            75615.598               0.000               0.000          3373153.821   1.00000 
  2596.750          68.331    850.000       0.843       1.488            74784.436               0.000               0.000          3447938.257   1.00000 
  2597.750          68.164    850.000       0.664       1.169            73778.036               0.000               0.000          3521716.292   1.00000 
  2598.750          67.996    850.000       0.489       0.857            72570.523               0.000               0.000          3594286.815   1.00000 
  2599.750          67.826    850.000       0.317       0.554            71131.285               0.000               0.000          3665418.100   1.00000 
  2600.750          67.656    850.000       0.149       0.260            69423.909               0.000               0.000          3734842.009   1.00000 
  2601.750          67.484    850.000       0.000       0.000            67404.852               0.000               0.000          3802246.862   1.00000 
