#_______________________________________________________________________________
#    ######   ####     ##             #####   #####     ##    #    #    ##
#    #       #        #  #            #    #  #    #   #  #   ##  ##   #  #
#    #####    ####   ######           #    #  #####   ######  # ## #  ######
#    #            #  #    #           #    #  #    #  #    #  #    #  #    #
#____######__#####___#____#___________#####___#____#__#____#__#____#__#____#____
#
#              ESA Debris Risk Assessment and Mitigation Analysis
#
#                      ---- DRAMA ( SESAM 2.1.5 ) ----
#                                      ESA 2018 
#
#                              trajectory history file
#-------------------------------------------------------------------------------
# Filename      : PySara.SAR-Tx.2174174d-8633-470f-81db-77add3252e0f_Trajectory.txt
# RunID         : PySara
# ObjectID      : 2174174d-8633-470f-81db-77add3252e0f
# ObjectName    : SAR-Tx
# Content       : This file contains the trajectory state data of the object,
#                 computed by the DRAMA 3 Re-entry Analysis.
# Documentation : DRAMA Software User Manual, section OPERATIONS MANUAL / Normal operation / SARA / SARA Simulation Output / Re-entry simulation output
#
#--------------------------------------------------------------------------------------------------------------------------------------------------------------------------------------------
#  Time [s]  Altitude [km]  Lat [deg]  Lon [deg]  Velocity [km/s]   Downrange [km]       Drag       Lift       Side    Knudsen       Mach  Flight Path [deg]  Heading [deg]  Density [kg/m^2]
#--------------------------------------------------------------------------------------------------------------------------------------------------------------------------------------------
  2550.200          74.725      9.785     94.442            7.077        18434.434      2.393      0.000      0.000    0.00517   24.62438           -0.93397       86.31060         4.242e-05 
  2550.300          74.713      9.785     94.448            7.074        18435.133      2.393      0.000      0.000    0.00516   24.61668           -0.93459       86.31183         4.249e-05 
  2550.750          74.661      9.787     94.476            7.064        18438.277      2.393      0.000      0.000    0.00512   24.58084           -0.93742       86.31740         4.280e-05 
  2551.750          74.546      9.791     94.540            7.040        18445.246      2.393      0.000      0.000    0.00504   24.49813           -0.94403       86.32975         4.354e-05 
  2552.750          74.429      9.795     94.603            7.017        18452.192      2.393      0.000      0.000    0.00494   24.40845           -0.95111       86.34207         4.435e-05 
  2553.750          74.313      9.799     94.666            6.993        18459.115      2.393      0.000      0.000    0.00485   24.31787           -0.95866       86.35437         4.518e-05 
  2554.750          74.195      9.803     94.729            6.969        18466.014      2.393      0.000      0.000    0.00477   24.22635           -0.96670       86.36665         4.602e-05 
  2555.750          74.078      9.807     94.791            6.944        18472.889      2.393      0.000      0.000    0.00468   24.13391           -0.97523       86.37890         4.688e-05 
  2556.750          73.959      9.811     94.854            6.919        18479.740      2.393      0.000      0.000    0.00459   24.04051           -0.98426       86.39113         4.777e-05 
  2557.750          73.840      9.815     94.916            6.894        18486.566      2.393      0.000      0.000    0.00451   23.94615           -0.99379       86.40333         4.867e-05 
  2558.750          73.720      9.818     94.978            6.869        18493.367      2.393      0.000      0.000    0.00442   23.85081           -1.00383       86.41550         4.960e-05 
  2559.750          73.599      9.822     95.039            6.843        18500.144      2.393      0.000      0.000    0.00434   23.75448           -1.01440       86.42765         5.055e-05 
  2560.750          73.478      9.826     95.101            6.817        18506.895      2.393      0.000      0.000    0.00426   23.65714           -1.02550       86.43978         5.152e-05 
  2561.750          73.355      9.830     95.162            6.791        18513.620      2.393      0.000      0.000    0.00418   23.55878           -1.03714       86.45187         5.252e-05 
  2562.750          73.232      9.834     95.223            6.764        18520.319      2.393      0.000      0.000    0.00410   23.45937           -1.04933       86.46394         5.355e-05 
  2563.750          73.107      9.837     95.284            6.738        18526.992      2.393      0.000      0.000    0.00402   23.35891           -1.06208       86.47599         5.460e-05 
  2564.750          72.982      9.841     95.344            6.710        18533.638      2.393      0.000      0.000    0.00394   23.25737           -1.07539       86.48800         5.568e-05 
  2565.750          72.855      9.845     95.404            6.683        18540.258      2.393      0.000      0.000    0.00386   23.15473           -1.08928       86.49999         5.679e-05 
  2566.750          72.728      9.848     95.464            6.655        18546.850      2.393      0.000      0.000    0.00379   23.05098           -1.10376       86.51195         5.793e-05 
  2567.750          72.599      9.852     95.524            6.627        18553.414      2.393      0.000      0.000    0.00371   22.94609           -1.11884       86.52389         5.910e-05 
  2568.423          72.512      9.854     95.564            6.608        18557.817      2.393      0.000      0.000    0.00366   22.87050           -1.12932       86.53190         5.996e-05 
  2569.423          72.381      9.858     95.623            6.579        18564.335      2.393      0.000      0.000    0.00360   22.76816           -1.14542       86.54379         6.097e-05 
  2570.423          72.249      9.861     95.683            6.549        18570.824      2.393      0.000      0.000    0.00352   22.65659           -1.16214       86.55566         6.223e-05 
  2571.423          72.115      9.865     95.741            6.516        18577.281      2.393      0.000      0.000    0.00345   22.53548           -1.17954       86.56752         6.353e-05 
  2572.423          71.980      9.868     95.800            6.480        18583.705      2.393      0.000      0.000    0.00338   22.40280           -1.19767       86.57937         6.487e-05 
  2573.423          71.844      9.872     95.858            6.439        18590.090      2.393      0.000      0.000    0.00331   22.25660           -1.21662       86.59123         6.624e-05 
  2574.423          71.707      9.875     95.916            6.395        18596.434      2.393      0.000      0.000    0.00324   22.09440           -1.23648       86.60309         6.765e-05 
  2575.423          71.568      9.879     95.973            6.344        18602.731      2.393      0.000      0.000    0.00317   21.91298           -1.25738       86.61496         6.910e-05 
  2576.423          71.429      9.882     96.030            6.287        18608.974      2.393      0.000      0.000    0.00311   21.70811           -1.27945       86.62685         7.059e-05 
  2577.423          71.288      9.885     96.086            6.221        18615.157      2.393      0.000      0.000    0.00304   21.47403           -1.30289       86.63877         7.212e-05 
  2578.423          71.146      9.888     96.142            6.144        18621.268      2.393      0.000      0.000    0.00298   21.20270           -1.32791       86.65076         7.369e-05 
  2579.423          71.003      9.892     96.197            6.052        18627.297      2.393      0.000      0.000    0.00291   20.88242           -1.35483       86.66285         7.530e-05 
  2580.423          70.860      9.895     96.251            5.940        18633.225      2.393      0.000      0.000    0.00285   20.49531           -1.38407       86.67511         7.695e-05 
  2581.423          70.716      9.898     96.303            5.800        18639.028      2.393      0.000      0.000    0.00279   20.01228           -1.41624       86.68767         7.863e-05 
  2582.423          70.574      9.901     96.355            5.615        18644.670      2.393      0.000      0.000    0.00273   19.38192           -1.45226       86.70079         8.034e-05 
  2583.423          70.433      9.903     96.404            5.353        18650.090      2.393      0.000      0.000    0.00267   18.50178           -1.49373       86.71507         8.206e-05 
  2584.423          70.297      9.906     96.450            4.940        18655.173      2.393      0.000      0.000    0.00262   17.12871           -1.54377       86.73228         8.376e-05 
  2584.930          70.232      9.907     96.472            4.501        18657.538      2.393      0.000      0.000    0.00259   15.62305           -1.57411       86.74655         8.468e-05 
  2585.188          70.201      9.908     96.482            4.098        18658.629      2.393      0.000      0.000    0.00258   14.21880           -1.59151       86.75952         8.512e-05 
  2585.390          70.179      9.908     96.489            3.649        18659.401      2.393      0.000      0.000    0.00257   12.68669           -1.60679       86.77598         8.541e-05 
  2585.555          70.163      9.909     96.494            3.184        18659.959      2.393      0.000      0.000    0.00256   11.09122           -1.62079       86.79699         8.563e-05 
  2585.717          70.150      9.909     96.498            2.708        18660.429      2.393      0.000      0.000    0.00256    9.45409           -1.63686       86.82542         8.580e-05 
  2585.896          70.137      9.909     96.502            2.254        18660.865      2.393      0.000      0.000    0.00255    7.88129           -1.65966       86.86334         8.596e-05 
  2586.075          70.126      9.909     96.505            1.919        18661.233      2.393      0.000      0.000    0.00255    6.68599           -1.69009       86.90270         8.611e-05 
