#_______________________________________________________________________________
#    ######   ####     ##             #####   #####     ##    #    #    ## 
#    #       #        #  #            #    #  #    #   #  #   ##  ##   #  #
#    #####    ####   ######           #    #  #####   ######  # ## #  ######
#    #            #  #    #           #    #  #    #  #    #  #    #  #    #
#____######__#####___#____#___________#####___#____#__#____#__#____#__#____#____
#
#              ESA Debris Risk Assessment and Mitigation Analysis
#
#                      ---- DRAMA ( SESAM 2.1.5 ) ----
#                                      ESA 2018
#
#                              aerothermal history file
#-------------------------------------------------------------------------------
# Filename      : PySara.SSR.d83a9294-4d46-4254-ace5-ff9fae05622a_AeroThermalHistory.txt
# RunID         : PySara
# ObjectID      : d83a9294-4d46-4254-ace5-ff9fae05622a
# ObjectName    : SSR
# ReferenceArea : 0.061056 [m^2]
# Content       : This file contains the aerothermal data of the object,
#                 computed by the DRAMA 3 Re-entry Analysis.
# Documentation : DRAMA Software User Manual, section OPERATIONS MANUAL / Normal operation / SARA / SARA Simulation Output / Re-entry simulation output
# Note          : The convective heat and the integrated heat values in this file take into account the visibility factor
#
#-------------------------------------------------------------------------------------------------------------------------------------------------------------------
#  Time [s]  Altitude [km]   Temp [K]   Mass [kg]   Thick [mm]  Convective Heat [W]  Radiative Heat [W]  Oxidation Heat [W]  Integrated Heat [J] VisibilityFactor [-]
#-------------------------------------------------------------------------------------------------------------------------------------------------------------------
  2550.200          74.725    300.000       7.210       7.122           107458.827               0.000               0.000                0.000   1.00000 
  2550.300          74.713    301.693       7.210       7.122           107512.796               0.000               0.000            10751.280   1.00000 
  2550.750          74.661    309.324       7.210       7.122           107763.682               0.000               0.000            59244.936   1.00000 
  2551.750          74.545    326.311       7.210       7.122           108340.759               0.000               0.000           167585.695   1.00000 
  2552.750          74.429    343.263       7.210       7.122           108963.465               0.000               0.000           276549.161   1.00000 
  2553.750          74.311    360.181       7.210       7.122           109589.280               0.000               0.000           386138.441   1.00000 
  2554.750          74.193    377.050       7.210       7.122           110218.172               0.000               0.000           496356.613   1.00000 
  2555.750          74.074    393.848       7.210       7.122           110850.101               0.000               0.000           607206.715   1.00000 
  2556.750          73.955    410.553       7.210       7.122           111485.024               0.000               0.000           718691.739   1.00000 
  2557.750          73.835    427.151       7.210       7.122           112122.891               0.000               0.000           830814.630   1.00000 
  2558.750          73.713    443.672       7.210       7.122           112763.645               0.000               0.000           943578.274   1.00000 
  2559.750          73.592    460.058       7.210       7.122           113407.224               0.000               0.000          1056985.499   1.00000 
  2560.750          73.469    476.169       7.210       7.122           114053.558               0.000               0.000          1171039.057   1.00000 
  2561.750          73.346    491.814       7.210       7.122           114702.571               0.000               0.000          1285741.628   1.00000 
  2562.750          73.221    506.777       7.210       7.122           115354.177               0.000               0.000          1401095.805   1.00000 
  2563.750          73.096    521.404       7.210       7.122           116008.283               0.000               0.000          1517104.088   1.00000 
  2564.750          72.970    536.070       7.210       7.122           116664.788               0.000               0.000          1633768.876   1.00000 
  2565.750          72.843    551.058       7.210       7.122           117323.578               0.000               0.000          1751092.454   1.00000 
  2566.750          72.715    566.496       7.210       7.122           117984.534               0.000               0.000          1869076.988   1.00000 
  2567.750          72.587    582.129       7.210       7.122           118647.521               0.000               0.000          1987724.509   1.00000 
  2568.750          72.457    597.598       7.210       7.122           119145.962               0.000               0.000          2106870.471   1.00000 
  2569.750          72.326    612.719       7.210       7.122           119812.812               0.000               0.000          2226683.282   1.00000 
  2570.750          72.195    627.489       7.210       7.122           120479.808               0.000               0.000          2347163.090   1.00000 
  2571.750          72.062    641.955       7.210       7.122           121146.903               0.000               0.000          2468309.993   1.00000 
  2572.750          71.928    656.137       7.210       7.122           121813.867               0.000               0.000          2590123.861   1.00000 
  2573.750          71.794    670.061       7.210       7.122           122480.460               0.000               0.000          2712604.321   1.00000 
  2574.750          71.658    683.769       7.210       7.122           123146.422               0.000               0.000          2835750.743   1.00000 
  2575.750          71.521    697.324       7.210       7.122           123811.482               0.000               0.000          2959562.226   1.00000 
  2576.750          71.383    710.810       7.210       7.122           124475.349               0.000               0.000          3084037.575   1.00000 
  2577.750          71.244    724.366       7.210       7.122           125137.717               0.000               0.000          3209175.292   1.00000 
  2578.750          71.104    739.003       7.210       7.122           125798.265               0.000               0.000          3334973.557   1.00000 
  2579.750          70.962    754.728       7.210       7.122           126456.652               0.000               0.000          3461430.210   1.00000 
  2580.750          70.820    770.848       7.210       7.122           127112.514               0.000               0.000          3588542.724   1.00000 
  2581.750          70.676    787.020       7.210       7.122           127765.475               0.000               0.000          3716308.199   1.00000 
  2582.750          70.531    803.158       7.210       7.122           128415.131               0.000               0.000          3844723.330   1.00000 
  2583.750          70.384    819.241       7.210       7.122           129061.060               0.000               0.000          3973784.390   1.00000 
  2584.750          70.237    835.260       7.210       7.122           129702.821               0.000               0.000          4103487.211   1.00000 
  2585.750          70.088    850.000       7.187       7.098           130339.939               0.000               0.000          4233827.150   1.00000 
  2586.750          69.938    850.000       6.871       6.767           130970.397               0.000               0.000          4364797.546   1.00000 
  2587.750          69.786    850.000       6.553       6.437           131572.574               0.000               0.000          4496370.121   1.00000 
  2588.750          69.633    850.000       6.234       6.107           132140.230               0.000               0.000          4628510.350   1.00000 
  2589.750          69.479    850.000       5.914       5.778           132669.485               0.000               0.000          4761179.835   1.00000 
  2590.750          69.324    850.000       5.592       5.449           133156.115               0.000               0.000          4894335.950   1.00000 
  2591.750          69.166    850.000       5.269       5.121           133595.511               0.000               0.000          5027931.460   1.00000 
  2592.750          69.008    850.000       4.946       4.794           133982.663               0.000               0.000          5161914.123   1.00000 
  2593.750          68.848    850.000       4.621       4.467           134312.110               0.000               0.000          5296226.233   1.00000 
  2594.750          68.687    850.000       4.296       4.142           134577.882               0.000               0.000          5430804.115   1.00000 
  2595.750          68.524    850.000       3.970       3.818           134773.492               0.000               0.000          5565577.607   1.00000 
  2596.750          68.360    850.000       3.644       3.496           134891.835               0.000               0.000          5700469.442   1.00000 
  2597.750          68.194    850.000       3.318       3.175           134925.173               0.000               0.000          5835394.615   1.00000 
  2598.750          68.027    850.000       2.992       2.855           134865.049               0.000               0.000          5970259.664   1.00000 
  2599.750          67.858    850.000       2.667       2.538           134702.231               0.000               0.000          6104961.894   1.00000 
  2600.750          67.688    850.000       2.342       2.223           134426.626               0.000               0.000          6239388.520   1.00000 
  2601.750          67.516    850.000       2.018       1.911           134027.222               0.000               0.000          6373415.743   1.00000 
  2602.750          67.343    850.000       1.695       1.602           133491.983               0.000               0.000          6506907.726   1.00000 
  2603.750          67.168    850.000       1.375       1.296           132807.775               0.000               0.000          6639715.501   1.00000 
  2604.750          66.992    850.000       1.056       0.993           131960.273               0.000               0.000          6771675.774   1.00000 
  2605.750          66.814    850.000       0.740       0.694           130933.869               0.000               0.000          6902609.643   1.00000 
  2606.750          66.635    850.000       0.427       0.399           129711.586               0.000               0.000          7032321.228   1.00000 
  2607.750          66.454    850.000       0.117       0.110           128275.007               0.000               0.000          7160596.236   1.00000 
  2608.750          66.272    850.000       0.000       0.000           126604.220               0.000               0.000          7287200.455   1.00000 
