#_______________________________________________________________________________
#    ######   ####     ##             #####   #####     ##    #    #    ##
#    #       #        #  #            #    #  #    #   #  #   ##  ##   #  #
#    #####    ####   ######           #    #  #####   ######  # ## #  ######
#    #            #  #    #           #    #  #    #  #    #  #    #  #    #
#____######__#####___#____#___________#####___#____#__#____#__#____#__#____#____
#
#              ESA Debris Risk Assessment and Mitigation Analysis
#
#                      ---- DRAMA ( SESAM 2.1.5 ) ----
#                                      ESA 2018 
#
#                              trajectory history file
#-------------------------------------------------------------------------------
# Filename      : PySara.Compound_of-_IFring-PLM.11649713141016156716_Trajectory.txt
# RunID         : PySara
# ObjectID      : 11649713141016156716
# ObjectName    : Compound_of-_IFring-PLM
# Content       : This file contains the trajectory state data of the object,
#                 computed by the DRAMA 3 Re-entry Analysis.
# Documentation : DRAMA Software User Manual, section OPERATIONS MANUAL / Normal operation / SARA / SARA Simulation Output / Re-entry simulation output
#
#--------------------------------------------------------------------------------------------------------------------------------------------------------------------------------------------
#  Time [s]  Altitude [km]  Lat [deg]  Lon [deg]  Velocity [km/s]   Downrange [km]       Drag       Lift       Side    Knudsen       Mach  Flight Path [deg]  Heading [deg]  Density [kg/m^2]
#--------------------------------------------------------------------------------------------------------------------------------------------------------------------------------------------
  2353.100          90.144      8.697     81.622            7.337        17020.780      0.844      0.000      0.000    0.00871   26.58227           -0.44368       83.97378         3.336e-06 
  2353.200          90.139      8.698     81.628            7.337        17021.503      0.844      0.000      0.000    0.00870   26.58194           -0.44379       83.97489         3.339e-06 
  2353.650          90.113      8.701     81.658            7.337        17024.759      0.844      0.000      0.000    0.00866   26.58042           -0.44426       83.97992         3.352e-06 
  2354.650          90.056      8.708     81.723            7.336        17031.993      0.844      0.000      0.000    0.00859   26.57692           -0.44533       83.99108         3.382e-06 
  2355.650          89.999      8.714     81.789            7.336        17039.227      0.844      0.000      0.000    0.00851   26.57311           -0.44640       84.00225         3.415e-06 
  2356.650          89.942      8.721     81.854            7.336        17046.460      0.844      0.000      0.000    0.00842   26.56925           -0.44747       84.01343         3.448e-06 
  2357.650          89.884      8.728     81.919            7.336        17053.694      0.844      0.000      0.000    0.00834   26.56534           -0.44855       84.02462         3.481e-06 
  2358.650          89.827      8.735     81.985            7.335        17060.927      0.844      0.000      0.000    0.00826   26.56139           -0.44964       84.03582         3.515e-06 
  2359.650          89.769      8.742     82.050            7.335        17068.160      0.844      0.000      0.000    0.00818   26.55739           -0.45073       84.04703         3.550e-06 
  2360.650          89.712      8.748     82.115            7.335        17075.393      0.844      0.000      0.000    0.00810   26.55334           -0.45183       84.05824         3.585e-06 
  2361.650          89.654      8.755     82.181            7.334        17082.626      0.844      0.000      0.000    0.00803   26.54924           -0.45293       84.06947         3.620e-06 
  2362.650          89.596      8.762     82.246            7.334        17089.858      0.844      0.000      0.000    0.00795   26.54509           -0.45404       84.08070         3.655e-06 
  2363.650          89.537      8.769     82.312            7.334        17097.090      0.844      0.000      0.000    0.00787   26.54090           -0.45516       84.09194         3.692e-06 
  2364.650          89.479      8.775     82.377            7.334        17104.322      0.844      0.000      0.000    0.00779   26.53666           -0.45628       84.10319         3.728e-06 
  2365.650          89.421      8.782     82.442            7.333        17111.554      0.844      0.000      0.000    0.00772   26.53237           -0.45742       84.11445         3.765e-06 
  2366.650          89.362      8.789     82.508            7.333        17118.785      0.844      0.000      0.000    0.00764   26.52803           -0.45855       84.12572         3.803e-06 
  2367.650          89.303      8.795     82.573            7.333        17126.016      0.844      0.000      0.000    0.00757   26.52364           -0.45970       84.13700         3.840e-06 
  2368.650          89.244      8.802     82.639            7.332        17133.247      0.844      0.000      0.000    0.00749   26.51921           -0.46085       84.14828         3.879e-06 
  2369.650          89.185      8.809     82.704            7.332        17140.478      0.844      0.000      0.000    0.00742   26.51473           -0.46201       84.15958         3.918e-06 
  2370.650          89.126      8.815     82.769            7.332        17147.708      0.844      0.000      0.000    0.00734   26.51020           -0.46317       84.17088         3.957e-06 
  2371.650          89.067      8.822     82.835            7.331        17154.939      0.844      0.000      0.000    0.00727   26.50562           -0.46434       84.18219         3.997e-06 
  2372.650          89.007      8.829     82.900            7.331        17162.169      0.844      0.000      0.000    0.00720   26.50100           -0.46552       84.19351         4.037e-06 
  2373.650          88.948      8.835     82.965            7.331        17169.398      0.844      0.000      0.000    0.00713   26.49632           -0.46671       84.20484         4.078e-06 
  2374.650          88.888      8.842     83.031            7.330        17176.628      0.844      0.000      0.000    0.00706   26.49160           -0.46790       84.21617         4.119e-06 
  2375.650          88.828      8.848     83.096            7.330        17183.857      0.844      0.000      0.000    0.00699   26.48683           -0.46910       84.22752         4.161e-06 
  2376.650          88.768      8.855     83.162            7.330        17191.085      0.844      0.000      0.000    0.00692   26.48202           -0.47031       84.23887         4.203e-06 
  2377.650          88.708      8.862     83.227            7.329        17198.314      0.844      0.000      0.000    0.00685   26.47715           -0.47152       84.25023         4.246e-06 
  2378.650          88.647      8.868     83.292            7.329        17205.542      0.844      0.000      0.000    0.00678   26.47224           -0.47275       84.26160         4.290e-06 
  2379.650          88.587      8.875     83.358            7.329        17212.770      0.844      0.000      0.000    0.00671   26.46728           -0.47398       84.27298         4.334e-06 
  2380.650          88.526      8.881     83.423            7.328        17219.998      0.844      0.000      0.000    0.00664   26.46227           -0.47522       84.28436         4.378e-06 
  2381.650          88.465      8.888     83.489            7.328        17227.225      0.844      0.000      0.000    0.00657   26.45722           -0.47646       84.29576         4.423e-06 
  2382.650          88.404      8.894     83.554            7.327        17234.452      0.844      0.000      0.000    0.00651   26.45211           -0.47772       84.30716         4.469e-06 
  2383.650          88.343      8.901     83.619            7.327        17241.679      0.844      0.000      0.000    0.00644   26.44696           -0.47898       84.31857         4.515e-06 
  2384.650          88.282      8.907     83.685            7.327        17248.905      0.844      0.000      0.000    0.00637   26.44176           -0.48025       84.32999         4.562e-06 
  2385.650          88.220      8.914     83.750            7.326        17256.132      0.844      0.000      0.000    0.00631   26.43652           -0.48153       84.34142         4.610e-06 
  2386.650          88.158      8.920     83.815            7.326        17263.357      0.844      0.000      0.000    0.00624   26.43123           -0.48282       84.35285         4.658e-06 
  2387.650          88.097      8.926     83.881            7.325        17270.583      0.844      0.000      0.000    0.00618   26.42589           -0.48411       84.36430         4.706e-06 
  2388.650          88.035      8.933     83.946            7.325        17277.808      0.844      0.000      0.000    0.00612   26.42050           -0.48542       84.37575         4.756e-06 
  2389.650          87.973      8.939     84.012            7.325        17285.033      0.844      0.000      0.000    0.00605   26.41506           -0.48673       84.38721         4.806e-06 
  2390.650          87.910      8.946     84.077            7.324        17292.257      0.844      0.000      0.000    0.00599   26.40958           -0.48805       84.39868         4.856e-06 
  2391.650          87.848      8.952     84.142            7.324        17299.481      0.844      0.000      0.000    0.00593   26.40405           -0.48938       84.41016         4.908e-06 
