#_______________________________________________________________________________
#    ######   ####     ##             #####   #####     ##    #    #    ## 
#    #       #        #  #            #    #  #    #   #  #   ##  ##   #  #
#    #####    ####   ######           #    #  #####   ######  # ## #  ######
#    #            #  #    #           #    #  #    #  #    #  #    #  #    #
#____######__#####___#____#___________#####___#____#__#____#__#____#__#____#____
#
#              ESA Debris Risk Assessment and Mitigation Analysis
#
#                      ---- DRAMA ( SESAM 2.1.5 ) ----
#                                      ESA 2018
#
#                              aerothermal history file
#-------------------------------------------------------------------------------
# Filename      : PySara.GRAS-GEU.87b8b918-9136-4203-8607-2a5c00b784eb_AeroThermalHistory.txt
# RunID         : PySara
# ObjectID      : 87b8b918-9136-4203-8607-2a5c00b784eb
# ObjectName    : GRAS-GEU
# ReferenceArea : 0.028675 [m^2]
# Content       : This file contains the aerothermal data of the object,
#                 computed by the DRAMA 3 Re-entry Analysis.
# Documentation : DRAMA Software User Manual, section OPERATIONS MANUAL / Normal operation / SARA / SARA Simulation Output / Re-entry simulation output
# Note          : The convective heat and the integrated heat values in this file take into account the visibility factor
#
#-------------------------------------------------------------------------------------------------------------------------------------------------------------------
#  Time [s]  Altitude [km]   Temp [K]   Mass [kg]   Thick [mm]  Convective Heat [W]  Radiative Heat [W]  Oxidation Heat [W]  Integrated Heat [J] VisibilityFactor [-]
#-------------------------------------------------------------------------------------------------------------------------------------------------------------------
  2225.200          77.962    300.000       2.025       5.238            42346.297               0.000               0.000                0.000   1.00000 
  2225.300          77.951    302.375       2.025       5.238            42365.134               0.000               0.000             4236.513   1.00000 
  2225.750          77.900    313.075       2.025       5.238            42452.522               0.000               0.000            23340.148   1.00000 
  2226.750          77.787    336.846       2.025       5.238            42652.424               0.000               0.000            65992.572   1.00000 
  2227.750          77.673    360.477       2.025       5.238            42866.435               0.000               0.000           108859.008   1.00000 
  2228.750          77.559    383.950       2.025       5.238            43079.782               0.000               0.000           151938.790   1.00000 
  2229.750          77.445    407.201       2.025       5.238            43292.471               0.000               0.000           195231.261   1.00000 
  2230.750          77.330    430.187       2.025       5.238            43504.507               0.000               0.000           238735.768   1.00000 
  2231.750          77.214    452.949       2.025       5.238            43715.896               0.000               0.000           282451.665   1.00000 
  2232.750          77.097    475.347       2.025       5.238            43926.645               0.000               0.000           326378.309   1.00000 
  2233.750          76.980    496.839       2.025       5.238            44136.757               0.000               0.000           370515.067   1.00000 
  2234.750          76.862    517.103       2.025       5.238            44346.226               0.000               0.000           414861.293   1.00000 
  2235.750          76.744    536.963       2.025       5.238            44555.009               0.000               0.000           459416.302   1.00000 
  2236.750          76.625    557.351       2.025       5.238            44763.056               0.000               0.000           504179.357   1.00000 
  2237.750          76.505    578.391       2.025       5.238            44970.314               0.000               0.000           549149.672   1.00000 
  2238.750          76.384    599.413       2.025       5.238            45176.728               0.000               0.000           594326.400   1.00000 
  2239.750          76.263    619.730       2.025       5.238            45382.238               0.000               0.000           639708.638   1.00000 
  2240.750          76.141    639.375       2.025       5.238            45586.778               0.000               0.000           685295.415   1.00000 
  2241.750          76.018    658.436       2.025       5.238            45790.281               0.000               0.000           731085.696   1.00000 
  2242.750          75.894    676.980       2.025       5.238            45992.673               0.000               0.000           777078.369   1.00000 
  2243.750          75.769    695.116       2.025       5.238            46193.879               0.000               0.000           823272.248   1.00000 
  2244.750          75.643    713.004       2.025       5.238            46393.814               0.000               0.000           869666.062   1.00000 
  2245.750          75.517    730.962       2.025       5.238            46592.391               0.000               0.000           916258.453   1.00000 
  2246.750          75.389    751.202       2.025       5.238            46789.517               0.000               0.000           963047.970   1.00000 
  2247.750          75.261    772.346       2.025       5.238            46985.093               0.000               0.000          1010033.063   1.00000 
  2248.750          75.131    793.581       2.025       5.238            47179.013               0.000               0.000          1057212.076   1.00000 
  2249.750          75.001    814.679       2.025       5.238            47371.166               0.000               0.000          1104583.243   1.00000 
  2250.750          74.869    835.617       2.025       5.238            47561.436               0.000               0.000          1152144.678   1.00000 
  2251.750          74.737    850.000       1.990       5.140            47749.710               0.000               0.000          1199894.389   1.00000 
  2252.750          74.603    850.000       1.874       4.822            47931.351               0.000               0.000          1247825.739   1.00000 
  2253.750          74.468    850.000       1.759       4.505            48093.680               0.000               0.000          1295919.419   1.00000 
  2254.750          74.332    850.000       1.642       4.190            48232.075               0.000               0.000          1344151.495   1.00000 
  2255.750          74.195    850.000       1.526       3.877            48342.740               0.000               0.000          1392494.235   1.00000 
  2256.750          74.057    850.000       1.409       3.566            48421.195               0.000               0.000          1440915.430   1.00000 
  2257.750          73.918    850.000       1.292       3.257            48462.112               0.000               0.000          1489377.542   1.00000 
  2258.750          73.778    850.000       1.175       2.951            48459.100               0.000               0.000          1537836.642   1.00000 
  2259.750          73.636    850.000       1.059       2.647            48404.410               0.000               0.000          1586241.052   1.00000 
  2260.750          73.493    850.000       0.942       2.347            48288.533               0.000               0.000          1634529.584   1.00000 
  2261.750          73.350    850.000       0.826       2.051            48099.644               0.000               0.000          1682629.228   1.00000 
  2262.750          73.205    850.000       0.711       1.758            47822.794               0.000               0.000          1730452.022   1.00000 
  2263.750          73.059    850.000       0.597       1.470            47438.723               0.000               0.000          1777890.745   1.00000 
  2264.750          72.912    850.000       0.484       1.188            46922.045               0.000               0.000          1824812.790   1.00000 
  2265.750          72.764    850.000       0.373       0.911            46238.350               0.000               0.000          1871051.139   1.00000 
  2266.750          72.615    850.000       0.264       0.643            45339.356               0.000               0.000          1916390.495   1.00000 
  2267.224          72.544    850.000       0.213       0.518            44715.012               0.000               0.000          1937595.480   1.00000 
  2267.485          72.505    850.000       0.185       0.450            44321.745               0.000               0.000          1949144.174   1.00000 
  2268.032          72.423    850.000       0.128       0.311            43447.236               0.000               0.000          1972911.011   1.00000 
  2268.579          72.341    850.000       0.072       0.175            42497.001               0.000               0.000          1996158.043   1.00000 
  2269.579          72.191    850.000       0.000       0.000            40547.955               0.000               0.000          2036705.997   1.00000 
