#_______________________________________________________________________________
#    ######   ####     ##             #####   #####     ##    #    #    ## 
#    #       #        #  #            #    #  #    #   #  #   ##  ##   #  #
#    #####    ####   ######           #    #  #####   ######  # ## #  ######
#    #            #  #    #           #    #  #    #  #    #  #    #  #    #
#____######__#####___#____#___________#####___#____#__#____#__#____#__#____#____
#
#              ESA Debris Risk Assessment and Mitigation Analysis
#
#                      ---- DRAMA ( SESAM 2.1.5 ) ----
#                                      ESA 2018
#
#                              aerothermal history file
#-------------------------------------------------------------------------------
# Filename      : PySara.IFring.8966457237276172576_0ddd76e5-66e3-4ed3-89f1-f345cea9c803_AeroThermalHistory.txt
# RunID         : PySara
# ObjectID      : 0ddd76e5-66e3-4ed3-89f1-f345cea9c803
# ObjectName    : IFring
# ReferenceArea : 0.624913 [m^2]
# Content       : This file contains the aerothermal data of the object,
#                 computed by the DRAMA 3 Re-entry Analysis.
# Documentation : DRAMA Software User Manual, section OPERATIONS MANUAL / Normal operation / SARA / SARA Simulation Output / Re-entry simulation output
# Note          : The convective heat and the integrated heat values in this file take into account the visibility factor
#
#-------------------------------------------------------------------------------------------------------------------------------------------------------------------
#  Time [s]  Altitude [km]   Temp [K]   Mass [kg]   Thick [mm]  Convective Heat [W]  Radiative Heat [W]  Oxidation Heat [W]  Integrated Heat [J] VisibilityFactor [-]
#-------------------------------------------------------------------------------------------------------------------------------------------------------------------
  1863.550         102.350    672.486       9.814       1.873            16531.219               0.000               0.000          4320245.279   0.40749 
  1863.650         102.346    672.591       9.814       1.873            16537.555               0.000               0.000          4321899.034   0.40749 
  1864.100         102.326    673.063       9.814       1.873            16567.006               0.000               0.000          4329354.187   0.40749 
  1865.100         102.282    674.117       9.814       1.873            16634.712               0.000               0.000          4345988.900   0.40749 
  1866.100         102.239    675.173       9.814       1.873            16707.724               0.000               0.000          4362696.623   0.40749 
  1867.100         102.195    676.233       9.814       1.873            16781.055               0.000               0.000          4379477.678   0.40749 
  1868.100         102.151    677.295       9.814       1.873            16854.708               0.000               0.000          4396332.386   0.40749 
  1869.100         102.107    678.361       9.814       1.873            16928.686               0.000               0.000          4413261.072   0.40749 
  1870.100         102.063    679.429       9.814       1.873            17002.991               0.000               0.000          4430264.063   0.40749 
  1871.100         102.019    680.500       9.814       1.873            17077.627               0.000               0.000          4447341.690   0.40749 
  1872.100         101.974    681.574       9.814       1.873            17152.596               0.000               0.000          4464494.286   0.40749 
  1873.100         101.930    682.651       9.814       1.873            17227.901               0.000               0.000          4481722.188   0.40749 
  1874.100         101.886    683.731       9.814       1.873            17303.545               0.000               0.000          4499025.733   0.40749 
  1875.100         101.841    684.814       9.814       1.873            17379.531               0.000               0.000          4516405.264   0.40749 
  1876.100         101.796    685.899       9.814       1.873            17455.862               0.000               0.000          4533861.126   0.40749 
  1877.100         101.752    686.987       9.814       1.873            17532.541               0.000               0.000          4551393.666   0.40749 
  1878.100         101.707    688.079       9.814       1.873            17609.571               0.000               0.000          4569003.237   0.40749 
  1879.100         101.662    689.173       9.814       1.873            17686.955               0.000               0.000          4586690.192   0.40749 
  1880.100         101.617    690.270       9.814       1.873            17764.697               0.000               0.000          4604454.889   0.40749 
  1881.100         101.572    691.370       9.814       1.873            17842.801               0.000               0.000          4622297.690   0.40749 
  1882.100         101.527    692.473       9.814       1.873            17921.268               0.000               0.000          4640218.959   0.40749 
  1883.100         101.481    693.579       9.814       1.873            18000.104               0.000               0.000          4658219.063   0.40749 
  1884.100         101.436    694.688       9.814       1.873            18079.312               0.000               0.000          4676298.375   0.40749 
  1885.100         101.391    695.802       9.814       1.873            18158.894               0.000               0.000          4694457.269   0.40749 
  1886.100         101.345    696.920       9.814       1.873            18238.856               0.000               0.000          4712696.125   0.40749 
  1887.100         101.299    698.042       9.814       1.873            18319.200               0.000               0.000          4731015.326   0.40749 
  1888.100         101.254    699.169       9.814       1.873            18399.931               0.000               0.000          4749415.257   0.40749 
  1889.100         101.208    700.300       9.814       1.873            18481.053               0.000               0.000          4767896.309   0.40749 
  1890.100         101.162    701.435       9.814       1.873            18562.568               0.000               0.000          4786458.878   0.40749 
  1891.100         101.116    702.575       9.814       1.873            18644.483               0.000               0.000          4805103.361   0.40749 
  1892.100         101.070    703.718       9.814       1.873            18726.800               0.000               0.000          4823830.161   0.40749 
  1893.100         101.023    704.866       9.814       1.873            18809.525               0.000               0.000          4842639.686   0.40749 
  1894.100         100.977    706.019       9.814       1.873            18892.660               0.000               0.000          4861532.346   0.40749 
  1895.100         100.931    707.176       9.814       1.873            18976.212               0.000               0.000          4880508.558   0.40749 
  1896.100         100.884    708.337       9.814       1.873            19060.184               0.000               0.000          4899568.742   0.40749 
  1897.100         100.837    709.502       9.814       1.873            19144.580               0.000               0.000          4918713.322   0.40749 
  1898.100         100.791    710.672       9.814       1.873            19229.406               0.000               0.000          4937942.728   0.40749 
  1899.100         100.744    711.846       9.814       1.873            19314.667               0.000               0.000          4957257.395   0.40749 
  1900.100         100.697    713.024       9.814       1.873            19400.366               0.000               0.000          4976657.761   0.40749 
  1901.100         100.650    714.208       9.814       1.873            19486.510               0.000               0.000          4996144.271   0.40749 
  1902.100         100.603    715.404       9.814       1.873            19573.103               0.000               0.000          5015717.374   0.40749 
  1903.100         100.556    716.613       9.814       1.873            19660.151               0.000               0.000          5035377.525   0.40749 
  1904.100         100.509    717.836       9.814       1.873            19747.657               0.000               0.000          5055125.183   0.40749 
  1905.100         100.461    719.073       9.814       1.873            19835.629               0.000               0.000          5074960.812   0.40749 
  1906.100         100.414    720.325       9.814       1.873            19924.072               0.000               0.000          5094884.883   0.40749 
  1907.100         100.366    721.590       9.814       1.873            20012.990               0.000               0.000          5114897.873   0.40749 
  1908.100         100.318    722.871       9.814       1.873            20102.389               0.000               0.000          5135000.262   0.40749 
  1909.100         100.271    724.167       9.814       1.873            20192.276               0.000               0.000          5155192.539   0.40749 
  1910.100         100.223    725.478       9.814       1.873            20282.656               0.000               0.000          5175475.195   0.40749 
  1911.100         100.175    726.806       9.814       1.873            20373.536               0.000               0.000          5195848.731   0.40749 
  1912.100         100.127    728.150       9.814       1.873            20464.921               0.000               0.000          5216313.652   0.40749 
  1913.100         100.079    729.510       9.814       1.873            20556.817               0.000               0.000          5236870.468   0.40749 
  1914.100         100.030    730.888       9.814       1.873            20649.231               0.000               0.000          5257519.699   0.40749 
  1915.100          99.982    732.284       9.814       1.873            20742.169               0.000               0.000          5278261.868   0.40749 
  1916.100          99.933    733.698       9.814       1.873            20835.637               0.000               0.000          5299097.504   0.40749 
  1917.100          99.885    735.125       9.814       1.873            20929.638               0.000               0.000          5320027.143   0.40749 
  1918.100          99.836    736.560       9.814       1.873            21024.178               0.000               0.000          5341051.321   0.40749 
  1919.100          99.788    738.002       9.814       1.873            21119.258               0.000               0.000          5362170.579   0.40749 
  1920.100          99.739    739.452       9.814       1.873            21214.883               0.000               0.000          5383385.462   0.40749 
  1921.100          99.690    740.910       9.814       1.873            21311.057               0.000               0.000          5404696.519   0.40749 
  1922.100          99.641    742.376       9.814       1.873            21407.783               0.000               0.000          5426104.302   0.40749 
  1923.100          99.591    743.849       9.814       1.873            21505.066               0.000               0.000          5447609.369   0.40749 
  1924.100          99.542    745.330       9.814       1.873            21602.909               0.000               0.000          5469212.278   0.40749 
  1925.100          99.493    746.820       9.814       1.873            21701.316               0.000               0.000          5490913.594   0.40749 
  1926.100          99.443    748.317       9.814       1.873            21800.291               0.000               0.000          5512713.885   0.40749 
  1927.100          99.394    749.822       9.814       1.873            21899.838               0.000               0.000          5534613.723   0.40749 
  1928.100          99.344    751.336       9.814       1.873            21999.962               0.000               0.000          5556613.685   0.40749 
  1929.100          99.294    752.857       9.814       1.873            22100.666               0.000               0.000          5578714.351   0.40749 
  1930.100          99.245    754.387       9.814       1.873            22201.953               0.000               0.000          5600916.304   0.40749 
  1931.100          99.195    755.922       9.814       1.873            22303.830               0.000               0.000          5623220.134   0.40749 
  1932.100          99.145    757.461       9.814       1.873            22406.299               0.000               0.000          5645626.433   0.40749 
  1933.100          99.094    759.005       9.814       1.873            22509.365               0.000               0.000          5668135.797   0.40749 
  1934.100          99.044    760.554       9.814       1.873            22613.031               0.000               0.000          5690748.829   0.40749 
  1935.100          98.994    762.108       9.814       1.873            22717.303               0.000               0.000          5713466.132   0.40749 
  1936.100          98.943    763.666       9.814       1.873            22822.185               0.000               0.000          5736288.317   0.40749 
  1937.100          98.893    765.229       9.814       1.873            22927.681               0.000               0.000          5759215.999   0.40749 
  1938.100          98.842    766.797       9.814       1.873            23033.795               0.000               0.000          5782249.794   0.40749 
  1939.100          98.791    768.369       9.814       1.873            23140.532               0.000               0.000          5805390.327   0.40749 
  1940.100          98.740    769.946       9.814       1.873            23247.897               0.000               0.000          5828638.224   0.40749 
  1941.100          98.689    771.528       9.814       1.873            23355.893               0.000               0.000          5851994.117   0.40749 
  1942.100          98.638    773.115       9.814       1.873            23464.526               0.000               0.000          5875458.643   0.40749 
  1943.100          98.587    774.707       9.814       1.873            23573.800               0.000               0.000          5899032.443   0.40749 
  1944.100          98.536    776.302       9.814       1.873            23683.719               0.000               0.000          5922716.162   0.40749 
  1945.100          98.484    777.902       9.814       1.873            23794.289               0.000               0.000          5946510.451   0.40749 
  1946.100          98.433    779.505       9.814       1.873            23905.514               0.000               0.000          5970415.965   0.40749 
  1947.100          98.381    781.112       9.814       1.873            24017.399               0.000               0.000          5994433.364   0.40749 
  1948.100          98.330    782.724       9.814       1.873            24129.949               0.000               0.000          6018563.312   0.40749 
  1949.100          98.278    784.339       9.814       1.873            24243.168               0.000               0.000          6042806.480   0.40749 
  1950.100          98.226    785.958       9.814       1.873            24357.062               0.000               0.000          6067163.542   0.40749 
  1951.100          98.174    787.581       9.814       1.873            24471.635               0.000               0.000          6091635.177   0.40749 
  1952.100          98.122    789.208       9.814       1.873            24586.894               0.000               0.000          6116222.071   0.40749 
  1953.100          98.070    790.839       9.814       1.873            24702.841               0.000               0.000          6140924.912   0.40749 
  1954.100          98.017    792.474       9.814       1.873            24819.484               0.000               0.000          6165744.396   0.40749 
  1955.100          97.965    794.113       9.814       1.873            24936.827               0.000               0.000          6190681.223   0.40749 
  1956.100          97.912    795.756       9.814       1.873            25054.875               0.000               0.000          6215736.098   0.40749 
  1957.100          97.859    797.403       9.814       1.873            25173.633               0.000               0.000          6240909.731   0.40749 
  1958.100          97.807    799.054       9.814       1.873            25293.108               0.000               0.000          6266202.839   0.40749 
  1959.100          97.754    800.709       9.814       1.873            25413.304               0.000               0.000          6291616.144   0.40749 
  1960.100          97.701    802.369       9.814       1.873            25534.227               0.000               0.000          6317150.371   0.40749 
  1961.100          97.648    804.032       9.814       1.873            25655.883               0.000               0.000          6342806.254   0.40749 
  1962.100          97.595    805.700       9.814       1.873            25778.276               0.000               0.000          6368584.530   0.40749 
  1963.100          97.541    807.372       9.814       1.873            25901.414               0.000               0.000          6394485.944   0.40749 
  1964.100          97.488    809.048       9.814       1.873            26025.301               0.000               0.000          6420511.245   0.40749 
  1965.100          97.434    810.728       9.814       1.873            26149.943               0.000               0.000          6446661.188   0.40749 
  1966.100          97.381    812.412       9.814       1.873            26275.346               0.000               0.000          6472936.534   0.40749 
  1967.100          97.327    814.101       9.814       1.873            26401.517               0.000               0.000          6499338.050   0.40749 
  1968.100          97.273    815.794       9.814       1.873            26528.460               0.000               0.000          6525866.510   0.40749 
  1969.100          97.219    817.491       9.814       1.873            26656.183               0.000               0.000          6552522.693   0.40749 
  1970.100          97.165    819.192       9.814       1.873            26784.691               0.000               0.000          6579307.384   0.40749 
  1971.100          97.111    820.898       9.814       1.873            26913.991               0.000               0.000          6606221.375   0.40749 
  1972.100          97.057    822.608       9.814       1.873            27044.089               0.000               0.000          6633265.464   0.40749 
  1973.100          97.002    824.323       9.814       1.873            27174.991               0.000               0.000          6660440.455   0.40749 
  1974.100          96.948    826.042       9.814       1.873            27306.704               0.000               0.000          6687747.158   0.40749 
  1975.100          96.893    827.766       9.814       1.873            27439.234               0.000               0.000          6715186.392   0.40749 
  1976.100          96.838    829.494       9.814       1.873            27572.588               0.000               0.000          6742758.980   0.40749 
  1977.100          96.783    831.226       9.814       1.873            27706.773               0.000               0.000          6770465.753   0.40749 
  1978.100          96.728    832.963       9.814       1.873            27841.795               0.000               0.000          6798307.548   0.40749 
  1979.100          96.673    834.705       9.814       1.873            27977.662               0.000               0.000          6826285.210   0.40749 
  1980.100          96.618    836.447       9.814       1.873            28114.380               0.000               0.000          6854399.591   0.40749 
  1981.100          96.563    838.189       9.814       1.873            28251.957               0.000               0.000          6882651.547   0.40749 
  1982.100          96.507    839.931       9.814       1.873            28390.399               0.000               0.000          6911041.946   0.40749 
  1983.100          96.452    841.674       9.814       1.873            28529.714               0.000               0.000          6939571.660   0.40749 
  1984.100          96.396    843.417       9.814       1.873            28669.910               0.000               0.000          6968241.570   0.40749 
  1985.100          96.340    845.161       9.814       1.873            28810.993               0.000               0.000          6997052.563   0.40749 
  1986.100          96.285    846.905       9.814       1.873            28952.971               0.000               0.000          7026005.534   0.40749 
  1987.100          96.229    848.650       9.814       1.873            29095.852               0.000               0.000          7055101.386   0.40749 
  1988.100          96.172    850.000       9.803       1.871            29239.644               0.000               0.000          7084341.030   0.40749 
  1989.100          96.116    850.000       9.755       1.861            29384.355               0.000               0.000          7113725.385   0.40749 
  1990.100          96.060    850.000       9.706       1.852            29529.992               0.000               0.000          7143255.378   0.40749 
  1991.100          96.003    850.000       9.656       1.842            29676.564               0.000               0.000          7172931.942   0.40749 
  1992.100          95.947    850.000       9.607       1.833            29824.079               0.000               0.000          7202756.020   0.40749 
  1993.100          95.890    850.000       9.556       1.823            29972.544               0.000               0.000          7232728.565   0.40749 
  1994.100          95.833    850.000       9.506       1.814            30121.970               0.000               0.000          7262850.535   0.40749 
  1995.100          95.776    850.000       9.455       1.804            30272.364               0.000               0.000          7293122.898   0.40749 
  1996.100          95.719    850.000       9.404       1.794            30423.734               0.000               0.000          7323546.632   0.40749 
  1997.100          95.662    850.000       9.352       1.784            30576.091               0.000               0.000          7354122.723   0.40749 
  1998.100          95.605    850.000       9.300       1.774            30729.442               0.000               0.000          7384852.164   0.40749 
  1999.100          95.548    850.000       9.248       1.764            30883.797               0.000               0.000          7415735.961   0.40749 
  2000.100          95.490    850.000       9.195       1.754            31039.165               0.000               0.000          7446775.125   0.40749 
  2001.100          95.432    850.000       9.142       1.744            31195.555               0.000               0.000          7477970.680   0.40749 
  2002.100          95.375    850.000       9.088       1.733            31352.978               0.000               0.000          7509323.658   0.40749 
  2003.100          95.317    850.000       9.034       1.723            31511.442               0.000               0.000          7540835.100   0.40749 
  2004.100          95.259    850.000       8.980       1.713            31670.957               0.000               0.000          7572506.057   0.40749 
  2005.100          95.201    850.000       8.925       1.702            31831.534               0.000               0.000          7604337.591   0.40749 
  2006.100          95.142    850.000       8.869       1.691            31993.183               0.000               0.000          7636330.774   0.40749 
  2007.100          95.084    850.000       8.814       1.681            32155.913               0.000               0.000          7668486.688   0.40749 
  2008.100          95.026    850.000       8.758       1.670            32319.736               0.000               0.000          7700806.424   0.40749 
  2009.100          94.967    850.000       8.701       1.659            32484.662               0.000               0.000          7733291.086   0.40749 
  2010.100          94.908    850.000       8.644       1.648            32650.701               0.000               0.000          7765941.787   0.40749 
  2011.100          94.849    850.000       8.587       1.637            32817.864               0.000               0.000          7798759.651   0.40749 
  2012.100          94.790    850.000       8.529       1.626            32986.161               0.000               0.000          7831745.812   0.40749 
  2013.100          94.731    850.000       8.470       1.615            33155.604               0.000               0.000          7864901.416   0.40749 
  2014.100          94.672    850.000       8.412       1.604            33326.202               0.000               0.000          7898227.617   0.40749 
  2015.100          94.613    850.000       8.353       1.592            33497.967               0.000               0.000          7931725.584   0.40749 
  2016.100          94.553    850.000       8.293       1.581            33670.911               0.000               0.000          7965396.495   0.40749 
  2017.100          94.494    850.000       8.233       1.569            33845.044               0.000               0.000          7999241.539   0.40749 
  2018.100          94.434    850.000       8.172       1.558            34020.378               0.000               0.000          8033261.916   0.40749 
  2019.100          94.374    850.000       8.111       1.546            34196.925               0.000               0.000          8067458.841   0.40749 
  2020.100          94.314    850.000       8.050       1.534            34374.697               0.000               0.000          8101833.538   0.40749 
  2021.100          94.254    850.000       7.988       1.523            34553.706               0.000               0.000          8136387.243   0.40749 
  2022.100          94.194    850.000       7.926       1.511            34733.964               0.000               0.000          8171121.207   0.40749 
  2023.100          94.133    850.000       7.863       1.499            34915.484               0.000               0.000          8206036.691   0.40749 
  2024.100          94.073    850.000       7.800       1.486            35098.278               0.000               0.000          8241134.969   0.40749 
  2025.100          94.012    850.000       7.736       1.474            35282.360               0.000               0.000          8276417.328   0.40749 
  2026.100          93.951    850.000       7.672       1.462            35467.742               0.000               0.000          8311885.070   0.40749 
  2027.100          93.890    850.000       7.607       1.449            35654.438               0.000               0.000          8347539.508   0.40749 
  2028.100          93.829    850.000       7.542       1.437            35842.462               0.000               0.000          8383381.970   0.40749 
  2029.100          93.768    850.000       7.476       1.424            36031.827               0.000               0.000          8419413.797   0.40749 
  2030.100          93.707    850.000       7.410       1.412            36222.545               0.000               0.000          8455636.342   0.40749 
  2031.100          93.646    850.000       7.343       1.399            36414.627               0.000               0.000          8492050.969   0.40749 
  2032.100          93.584    850.000       7.276       1.386            36608.085               0.000               0.000          8528659.054   0.40749 
  2033.100          93.522    850.000       7.208       1.373            36802.929               0.000               0.000          8565461.983   0.40749 
  2034.100          93.460    850.000       7.140       1.360            36999.171               0.000               0.000          8602461.154   0.40749 
  2035.100          93.399    850.000       7.071       1.347            37196.822               0.000               0.000          8639657.976   0.40749 
  2036.100          93.336    850.000       7.002       1.334            37395.893               0.000               0.000          8677053.869   0.40749 
  2037.100          93.274    850.000       6.932       1.320            37596.396               0.000               0.000          8714650.266   0.40749 
  2038.100          93.212    850.000       6.862       1.307            37798.343               0.000               0.000          8752448.608   0.40749 
  2039.100          93.149    850.000       6.792       1.293            38001.744               0.000               0.000          8790450.352   0.40749 
  2040.100          93.087    850.000       6.720       1.280            38206.613               0.000               0.000          8828656.966   0.40749 
  2041.100          93.024    850.000       6.648       1.266            38412.961               0.000               0.000          8867069.926   0.40749 
  2042.100          92.961    850.000       6.576       1.252            38620.800               0.000               0.000          8905690.726   0.40749 
  2043.100          92.898    850.000       6.503       1.238            38830.142               0.000               0.000          8944520.868   0.40749 
  2044.100          92.835    850.000       6.430       1.224            39040.999               0.000               0.000          8983561.867   0.40749 
  2045.100          92.771    850.000       6.356       1.210            39253.385               0.000               0.000          9022815.252   0.40749 
  2046.100          92.708    850.000       6.281       1.196            39467.311               0.000               0.000          9062282.563   0.40749 
  2047.100          92.644    850.000       6.206       1.182            39682.790               0.000               0.000          9101965.353   0.40749 
  2048.100          92.581    850.000       6.131       1.167            39899.835               0.000               0.000          9141865.187   0.40749 
  2049.100          92.517    850.000       6.054       1.153            40118.458               0.000               0.000          9181983.645   0.40749 
  2050.100          92.453    850.000       5.978       1.138            40338.673               0.000               0.000          9222322.319   0.40749 
  2051.100          92.388    850.000       5.900       1.123            40560.493               0.000               0.000          9262882.812   0.40749 
  2052.100          92.324    850.000       5.822       1.108            40783.931               0.000               0.000          9303666.743   0.40749 
  2053.100          92.260    850.000       5.744       1.093            41009.000               0.000               0.000          9344675.743   0.40749 
