#_______________________________________________________________________________
#    ######   ####     ##             #####   #####     ##    #    #    ## 
#    #       #        #  #            #    #  #    #   #  #   ##  ##   #  #
#    #####    ####   ######           #    #  #####   ######  # ## #  ######
#    #            #  #    #           #    #  #    #  #    #  #    #  #    #
#____######__#####___#____#___________#####___#____#__#____#__#____#__#____#____
#
#              ESA Debris Risk Assessment and Mitigation Analysis
#
#                      ---- DRAMA ( SESAM 2.1.5 ) ----
#                                      ESA 2018
#
#                              aerothermal history file
#-------------------------------------------------------------------------------
# Filename      : PySara.DPU-SEM.bd7f8fe5-b32a-460c-b396-4790d4115078_AeroThermalHistory.txt
# RunID         : PySara
# ObjectID      : bd7f8fe5-b32a-460c-b396-4790d4115078
# ObjectName    : DPU-SEM
# ReferenceArea : 0.00952 [m^2]
# Content       : This file contains the aerothermal data of the object,
#                 computed by the DRAMA 3 Re-entry Analysis.
# Documentation : DRAMA Software User Manual, section OPERATIONS MANUAL / Normal operation / SARA / SARA Simulation Output / Re-entry simulation output
# Note          : The convective heat and the integrated heat values in this file take into account the visibility factor
#
#-------------------------------------------------------------------------------------------------------------------------------------------------------------------
#  Time [s]  Altitude [km]   Temp [K]   Mass [kg]   Thick [mm]  Convective Heat [W]  Radiative Heat [W]  Oxidation Heat [W]  Integrated Heat [J] VisibilityFactor [-]
#-------------------------------------------------------------------------------------------------------------------------------------------------------------------
  2550.200          74.725    300.000       1.975       7.302            43698.130               0.000               0.000                0.000   1.00000 
  2550.300          74.713    302.513       1.975       7.302            43712.899               0.000               0.000             4371.290   1.00000 
  2550.750          74.661    313.828       1.975       7.302            43781.368               0.000               0.000            24072.905   1.00000 
  2551.750          74.545    338.931       1.975       7.302            43937.679               0.000               0.000            68010.585   1.00000 
  2552.750          74.429    363.842       1.975       7.302            44104.516               0.000               0.000           112115.101   1.00000 
  2553.750          74.312    388.536       1.975       7.302            44270.280               0.000               0.000           156385.380   1.00000 
  2554.750          74.194    412.941       1.975       7.302            44434.943               0.000               0.000           200820.324   1.00000 
  2555.750          74.075    437.016       1.975       7.302            44598.477               0.000               0.000           245418.801   1.00000 
  2556.750          73.956    460.797       1.975       7.302            44760.850               0.000               0.000           290179.651   1.00000 
  2557.750          73.836    483.951       1.975       7.302            44922.026               0.000               0.000           335101.677   1.00000 
  2558.750          73.715    505.863       1.975       7.302            45081.970               0.000               0.000           380183.647   1.00000 
  2559.750          73.594    526.747       1.975       7.302            45240.638               0.000               0.000           425424.285   1.00000 
  2560.750          73.471    547.721       1.975       7.302            45397.989               0.000               0.000           470822.274   1.00000 
  2561.750          73.348    569.401       1.975       7.302            45553.975               0.000               0.000           516376.249   1.00000 
  2562.750          73.224    591.450       1.975       7.302            45708.544               0.000               0.000           562084.793   1.00000 
  2563.750          73.099    612.877       1.975       7.302            45861.642               0.000               0.000           607946.435   1.00000 
  2564.750          72.973    633.518       1.975       7.302            46013.210               0.000               0.000           653959.645   1.00000 
  2565.750          72.846    653.486       1.975       7.302            46163.184               0.000               0.000           700122.829   1.00000 
  2566.750          72.719    672.848       1.975       7.302            46311.495               0.000               0.000           746434.324   1.00000 
  2567.750          72.590    691.714       1.975       7.302            46458.070               0.000               0.000           792892.394   1.00000 
  2568.750          72.460    710.221       1.975       7.302            46537.844               0.000               0.000           839430.238   1.00000 
  2569.750          72.329    728.760       1.975       7.302            46681.339               0.000               0.000           886111.577   1.00000 
  2570.750          72.197    749.331       1.975       7.302            46822.270               0.000               0.000           932933.847   1.00000 
  2571.750          72.064    771.073       1.975       7.302            46960.631               0.000               0.000           979894.478   1.00000 
  2572.750          71.930    792.957       1.975       7.302            47096.312               0.000               0.000          1026990.790   1.00000 
  2573.750          71.795    814.694       1.975       7.302            47229.197               0.000               0.000          1074219.987   1.00000 
  2574.750          71.658    836.249       1.975       7.302            47359.163               0.000               0.000          1121579.150   1.00000 
  2575.750          71.520    850.000       1.934       7.131            47486.079               0.000               0.000          1169065.229   1.00000 
  2576.750          71.381    850.000       1.818       6.651            47603.101               0.000               0.000          1216668.330   1.00000 
  2577.750          71.241    850.000       1.702       6.179            47694.756               0.000               0.000          1264363.086   1.00000 
  2578.750          71.099    850.000       1.586       5.714            47755.308               0.000               0.000          1312118.394   1.00000 
  2579.750          70.957    850.000       1.470       5.256            47779.967               0.000               0.000          1359898.361   1.00000 
  2580.750          70.812    850.000       1.354       4.805            47763.093               0.000               0.000          1407661.454   1.00000 
  2581.750          70.667    850.000       1.238       4.362            47697.980               0.000               0.000          1455359.434   1.00000 
  2582.750          70.520    850.000       1.122       3.926            47576.599               0.000               0.000          1502936.033   1.00000 
  2583.750          70.372    850.000       1.007       3.499            47389.224               0.000               0.000          1550325.257   1.00000 
  2584.750          70.223    850.000       0.892       3.080            47123.942               0.000               0.000          1597449.198   1.00000 
  2585.750          70.072    850.000       0.778       2.670            46765.962               0.000               0.000          1644215.160   1.00000 
  2586.750          69.921    850.000       0.666       2.269            46296.623               0.000               0.000          1690511.783   1.00000 
  2587.750          69.768    850.000       0.555       1.879            45691.945               0.000               0.000          1736203.729   1.00000 
  2588.750          69.614    850.000       0.445       1.500            44920.405               0.000               0.000          1781124.134   1.00000 
  2589.750          69.459    850.000       0.339       1.134            43939.452               0.000               0.000          1825063.586   1.00000 
  2590.750          69.303    850.000       0.235       0.783            42689.693               0.000               0.000          1867753.278   1.00000 
  2591.750          69.147    850.000       0.136       0.450            41084.684               0.000               0.000          1908837.962   1.00000 
  2592.750          68.990    850.000       0.041       0.137            38991.556               0.000               0.000          1947829.518   1.00000 
  2593.750          68.834    850.000       0.000       0.000            36190.587               0.000               0.000          1984020.105   1.00000 
