#_______________________________________________________________________________
#    ######   ####     ##             #####   #####     ##    #    #    ## 
#    #       #        #  #            #    #  #    #   #  #   ##  ##   #  #
#    #####    ####   ######           #    #  #####   ######  # ## #  ######
#    #            #  #    #           #    #  #    #  #    #  #    #  #    #
#____######__#####___#____#___________#####___#____#__#____#__#____#__#____#____
#
#              ESA Debris Risk Assessment and Mitigation Analysis
#
#                      ---- DRAMA ( SESAM 2.1.5 ) ----
#                                      ESA 2018
#
#                              aerothermal history file
#-------------------------------------------------------------------------------
# Filename      : PySara.PDU1.74ad233a-a069-427e-8467-3e6a119838ac_AeroThermalHistory.txt
# RunID         : PySara
# ObjectID      : 74ad233a-a069-427e-8467-3e6a119838ac
# ObjectName    : PDU1
# ReferenceArea : 0.088 [m^2]
# Content       : This file contains the aerothermal data of the object,
#                 computed by the DRAMA 3 Re-entry Analysis.
# Documentation : DRAMA Software User Manual, section OPERATIONS MANUAL / Normal operation / SARA / SARA Simulation Output / Re-entry simulation output
# Note          : The convective heat and the integrated heat values in this file take into account the visibility factor
#
#-------------------------------------------------------------------------------------------------------------------------------------------------------------------
#  Time [s]  Altitude [km]   Temp [K]   Mass [kg]   Thick [mm]  Convective Heat [W]  Radiative Heat [W]  Oxidation Heat [W]  Integrated Heat [J] VisibilityFactor [-]
#-------------------------------------------------------------------------------------------------------------------------------------------------------------------
  2750.200          70.465    300.000      11.140       7.006           191246.679               0.000               0.000                0.000   1.00000 
  2750.300          70.452    301.950      11.140       7.006           191311.622               0.000               0.000            19131.162   1.00000 
  2750.750          70.389    310.731      11.140       7.006           191611.734               0.000               0.000           105356.443   1.00000 
  2751.750          70.249    330.234      11.140       7.006           192290.845               0.000               0.000           297647.287   1.00000 
  2752.750          70.109    349.635      11.140       7.006           193005.982               0.000               0.000           490653.270   1.00000 
  2753.750          69.967    368.934      11.140       7.006           193706.038               0.000               0.000           684359.308   1.00000 
  2754.750          69.825    388.099      11.140       7.006           194390.477               0.000               0.000           878749.784   1.00000 
  2755.750          69.681    407.093      11.140       7.006           195058.680               0.000               0.000          1073808.464   1.00000 
  2756.750          69.537    425.895      11.140       7.006           195710.009               0.000               0.000          1269518.473   1.00000 
  2757.750          69.391    444.532      11.140       7.006           196343.785               0.000               0.000          1465862.258   1.00000 
  2758.750          69.244    462.941      11.140       7.006           196959.307               0.000               0.000          1662821.565   1.00000 
  2759.750          69.096    480.910      11.140       7.006           197555.851               0.000               0.000          1860377.415   1.00000 
  2760.750          68.947    498.139      11.140       7.006           198132.654               0.000               0.000          2058510.069   1.00000 
  2761.750          68.797    514.612      11.140       7.006           198688.933               0.000               0.000          2257199.002   1.00000 
  2762.750          68.645    530.724      11.140       7.006           199223.859               0.000               0.000          2456422.861   1.00000 
  2763.750          68.492    547.131      11.140       7.006           199736.589               0.000               0.000          2656159.451   1.00000 
  2764.750          68.338    563.990      11.140       7.006           200226.234               0.000               0.000          2856385.684   1.00000 
  2765.750          68.183    581.103      11.140       7.006           200691.873               0.000               0.000          3057077.557   1.00000 
  2766.750          68.026    598.047      11.140       7.006           201132.555               0.000               0.000          3258210.112   1.00000 
  2767.750          67.868    614.508      11.140       7.006           201547.292               0.000               0.000          3459757.404   1.00000 
  2768.750          67.708    630.491      11.140       7.006           201935.057               0.000               0.000          3661692.461   1.00000 
  2769.750          67.547    646.054      11.140       7.006           202294.790               0.000               0.000          3863987.252   1.00000 
  2770.750          67.385    661.227      11.140       7.006           202625.393               0.000               0.000          4066612.645   1.00000 
  2771.750          67.220    676.056      11.140       7.006           202925.724               0.000               0.000          4269538.369   1.00000 
  2772.750          67.055    690.592      11.140       7.006           203194.616               0.000               0.000          4472732.985   1.00000 
  2773.750          66.888    704.909      11.140       7.006           203430.851               0.000               0.000          4676163.836   1.00000 
  2774.750          66.719    719.199      11.140       7.006           203633.177               0.000               0.000          4879797.013   1.00000 
  2775.750          66.548    734.059      11.140       7.006           203800.308               0.000               0.000          5083597.321   1.00000 
  2776.750          66.376    750.371      11.140       7.006           203930.914               0.000               0.000          5287528.235   1.00000 
  2777.750          66.203    767.070      11.140       7.006           204023.629               0.000               0.000          5491551.864   1.00000 
  2778.750          66.027    783.809      11.140       7.006           204077.053               0.000               0.000          5695628.917   1.00000 
  2779.750          65.850    800.446      11.140       7.006           204089.740               0.000               0.000          5899718.657   1.00000 
  2780.750          65.671    816.938      11.140       7.006           204060.218               0.000               0.000          6103778.874   1.00000 
  2781.750          65.490    833.273      11.140       7.006           203986.974               0.000               0.000          6307765.849   1.00000 
  2782.750          65.307    849.434      11.140       7.006           203868.465               0.000               0.000          6511634.313   1.00000 
  2783.750          65.122    850.000      10.666       6.694           203703.115               0.000               0.000          6715337.428   1.00000 
  2784.750          64.935    850.000      10.175       6.373           203418.793               0.000               0.000          6918756.221   1.00000 
  2785.750          64.747    850.000       9.685       6.053           202994.402               0.000               0.000          7121750.623   1.00000 
  2786.750          64.556    850.000       9.196       5.736           202420.256               0.000               0.000          7324170.879   1.00000 
  2787.750          64.364    850.000       8.709       5.422           201686.729               0.000               0.000          7525857.608   1.00000 
  2788.750          64.169    850.000       8.225       5.110           200783.846               0.000               0.000          7726641.453   1.00000 
  2789.750          63.973    850.000       7.743       4.801           199701.319               0.000               0.000          7926342.773   1.00000 
  2790.750          63.775    850.000       7.264       4.495           198428.595               0.000               0.000          8124771.367   1.00000 
  2791.750          63.575    850.000       6.789       4.193           196954.905               0.000               0.000          8321726.273   1.00000 
  2792.750          63.372    850.000       6.319       3.895           195269.350               0.000               0.000          8516995.623   1.00000 
  2793.750          63.168    850.000       5.853       3.601           193360.990               0.000               0.000          8710356.613   1.00000 
  2794.750          62.962    850.000       5.392       3.311           191218.966               0.000               0.000          8901575.579   1.00000 
  2795.750          62.755    850.000       4.937       3.026           188832.646               0.000               0.000          9090408.225   1.00000 
  2796.750          62.545    850.000       4.489       2.747           186191.808               0.000               0.000          9276600.033   1.00000 
  2797.750          62.333    850.000       4.048       2.473           183283.544               0.000               0.000          9459883.577   1.00000 
  2798.750          62.120    850.000       3.616       2.205           180101.129               0.000               0.000          9639984.706   1.00000 
  2799.750          61.905    850.000       3.191       1.943           176638.801               0.000               0.000          9816623.507   1.00000 
  2800.750          61.688    850.000       2.777       1.687           172890.565               0.000               0.000          9989514.072   1.00000 
  2801.750          61.469    850.000       2.372       1.439           168852.314               0.000               0.000         10158366.386   1.00000 
  2802.750          61.249    850.000       1.978       1.198           164522.252               0.000               0.000         10322888.637   1.00000 
  2803.750          61.028    850.000       1.596       0.965           159901.357               0.000               0.000         10482789.994   1.00000 
  2804.750          60.804    850.000       1.225       0.740           154993.865               0.000               0.000         10637783.859   1.00000 
  2805.750          60.580    850.000       0.868       0.524           149807.762               0.000               0.000         10787591.622   1.00000 
  2806.750          60.354    850.000       0.525       0.316           144355.269               0.000               0.000         10931946.890   1.00000 
  2807.750          60.127    850.000       0.196       0.118           138653.272               0.000               0.000         11070600.162   1.00000 
  2808.750          59.899    850.000       0.000       0.000           132723.677               0.000               0.000         11203323.839   1.00000 
