#_______________________________________________________________________________
#    ######   ####     ##             #####   #####     ##    #    #    ## 
#    #       #        #  #            #    #  #    #   #  #   ##  ##   #  #
#    #####    ####   ######           #    #  #####   ######  # ## #  ######
#    #            #  #    #           #    #  #    #  #    #  #    #  #    #
#____######__#####___#____#___________#####___#____#__#____#__#____#__#____#____
#
#              ESA Debris Risk Assessment and Mitigation Analysis
#
#                      ---- DRAMA ( SESAM 2.1.5 ) ----
#                                      ESA 2018
#
#                              aerothermal history file
#-------------------------------------------------------------------------------
# Filename      : PySara.Battery3-Internal.2699bb25-a994-4ccf-b910-2a7157b33ccf_AeroThermalHistory.txt
# RunID         : PySara
# ObjectID      : 2699bb25-a994-4ccf-b910-2a7157b33ccf
# ObjectName    : Battery3-Internal
# ReferenceArea : 0.08595 [m^2]
# Content       : This file contains the aerothermal data of the object,
#                 computed by the DRAMA 3 Re-entry Analysis.
# Documentation : DRAMA Software User Manual, section OPERATIONS MANUAL / Normal operation / SARA / SARA Simulation Output / Re-entry simulation output
# Note          : The convective heat and the integrated heat values in this file take into account the visibility factor
#
#-------------------------------------------------------------------------------------------------------------------------------------------------------------------
#  Time [s]  Altitude [km]   Temp [K]   Mass [kg]   Thick [mm]  Convective Heat [W]  Radiative Heat [W]  Oxidation Heat [W]  Integrated Heat [J] VisibilityFactor [-]
#-------------------------------------------------------------------------------------------------------------------------------------------------------------------
  2679.650          78.491    300.000      38.260      10.026           104210.456               0.000               0.000                0.000   1.00000 
  2679.750          78.482    300.806      38.260      10.026           104270.149               0.000               0.000            10427.015   1.00000 
  2680.200          78.442    304.441      38.260      10.026           104547.940               0.000               0.000            57473.588   1.00000 
  2681.200          78.353    312.567      38.260      10.026           105188.723               0.000               0.000           162662.311   1.00000 
  2682.200          78.263    320.747      38.260      10.026           105883.069               0.000               0.000           268545.381   1.00000 
  2683.200          78.173    328.980      38.260      10.026           106583.979               0.000               0.000           375129.360   1.00000 
  2684.200          78.083    337.266      38.260      10.026           107291.539               0.000               0.000           482420.899   1.00000 
  2685.200          77.992    345.606      38.260      10.026           108005.835               0.000               0.000           590426.734   1.00000 
  2686.200          77.901    354.000      38.260      10.026           108726.951               0.000               0.000           699153.686   1.00000 
  2687.200          77.810    362.450      38.260      10.026           109454.981               0.000               0.000           808608.667   1.00000 
  2688.200          77.718    370.954      38.260      10.026           110190.011               0.000               0.000           918798.678   1.00000 
  2689.200          77.626    379.515      38.260      10.026           110932.133               0.000               0.000          1029730.811   1.00000 
  2690.200          77.533    388.131      38.260      10.026           111681.440               0.000               0.000          1141412.252   1.00000 
  2691.200          77.440    396.804      38.260      10.026           112438.026               0.000               0.000          1253850.277   1.00000 
  2692.200          77.346    405.534      38.260      10.026           113201.985               0.000               0.000          1367052.262   1.00000 
  2693.200          77.253    414.321      38.260      10.026           113973.412               0.000               0.000          1481025.674   1.00000 
  2694.200          77.158    423.166      38.260      10.026           114752.408               0.000               0.000          1595778.082   1.00000 
  2695.200          77.064    432.069      38.260      10.026           115539.068               0.000               0.000          1711317.151   1.00000 
  2696.200          76.968    441.030      38.260      10.026           116333.494               0.000               0.000          1827650.644   1.00000 
  2697.200          76.873    450.051      38.260      10.026           117135.787               0.000               0.000          1944786.431   1.00000 
  2698.200          76.777    459.131      38.260      10.026           117946.051               0.000               0.000          2062732.482   1.00000 
  2699.200          76.681    468.271      38.260      10.026           118764.389               0.000               0.000          2181496.871   1.00000 
  2700.200          76.584    477.470      38.260      10.026           119590.906               0.000               0.000          2301087.777   1.00000 
  2701.200          76.487    486.731      38.260      10.026           120425.710               0.000               0.000          2421513.487   1.00000 
  2702.200          76.389    496.052      38.260      10.026           121268.910               0.000               0.000          2542782.397   1.00000 
  2703.200          76.291    505.435      38.260      10.026           122120.614               0.000               0.000          2664903.011   1.00000 
  2704.200          76.192    514.879      38.260      10.026           122980.932               0.000               0.000          2787883.943   1.00000 
  2705.200          76.093    524.386      38.260      10.026           123849.980               0.000               0.000          2911733.923   1.00000 
  2706.200          75.994    533.954      38.260      10.026           124727.869               0.000               0.000          3036461.793   1.00000 
  2707.200          75.894    543.586      38.260      10.026           125614.715               0.000               0.000          3162076.508   1.00000 
  2708.200          75.793    553.281      38.260      10.026           126510.635               0.000               0.000          3288587.143   1.00000 
  2709.200          75.692    563.039      38.260      10.026           127415.745               0.000               0.000          3416002.888   1.00000 
  2710.200          75.591    572.860      38.260      10.026           128330.166               0.000               0.000          3544333.054   1.00000 
  2711.200          75.489    582.746      38.260      10.026           129254.018               0.000               0.000          3673587.072   1.00000 
  2712.200          75.386    592.696      38.260      10.026           130187.424               0.000               0.000          3803774.497   1.00000 
  2713.200          75.283    602.711      38.260      10.026           131130.506               0.000               0.000          3934905.003   1.00000 
  2714.200          75.180    612.791      38.260      10.026           132083.389               0.000               0.000          4066988.392   1.00000 
  2715.200          75.076    622.935      38.260      10.026           133046.200               0.000               0.000          4200034.591   1.00000 
  2716.200          74.972    633.146      38.260      10.026           134019.063               0.000               0.000          4334053.655   1.00000 
  2717.200          74.867    643.421      38.260      10.026           135002.099               0.000               0.000          4469055.754   1.00000 
  2718.200          74.761    653.763      38.260      10.026           135995.393               0.000               0.000          4605051.147   1.00000 
  2719.200          74.655    664.170      38.260      10.026           136999.024               0.000               0.000          4742050.171   1.00000 
  2720.200          74.549    674.644      38.260      10.026           138013.072               0.000               0.000          4880063.243   1.00000 
  2721.200          74.442    685.184      38.260      10.026           139037.612               0.000               0.000          5019100.855   1.00000 
  2722.200          74.334    695.791      38.260      10.026           140072.719               0.000               0.000          5159173.575   1.00000 
  2723.200          74.226    706.463      38.260      10.026           141118.465               0.000               0.000          5300292.040   1.00000 
  2724.200          74.117    717.203      38.260      10.026           142174.918               0.000               0.000          5442466.958   1.00000 
  2725.200          74.008    728.009      38.260      10.026           143242.146               0.000               0.000          5585709.103   1.00000 
  2726.200          73.898    738.882      38.260      10.026           144320.210               0.000               0.000          5730029.314   1.00000 
  2727.200          73.787    749.821      38.260      10.026           145409.172               0.000               0.000          5875438.485   1.00000 
  2728.200          73.676    760.827      38.260      10.026           146509.087               0.000               0.000          6021947.573   1.00000 
  2729.200          73.564    771.899      38.260      10.026           147620.009               0.000               0.000          6169567.582   1.00000 
  2730.200          73.452    783.037      38.260      10.026           148741.986               0.000               0.000          6318309.568   1.00000 
  2731.200          73.339    794.241      38.260      10.026           149875.061               0.000               0.000          6468184.629   1.00000 
  2732.200          73.226    805.512      38.260      10.026           151019.276               0.000               0.000          6619203.905   1.00000 
  2733.200          73.111    816.848      38.260      10.026           152174.664               0.000               0.000          6771378.569   1.00000 
  2734.200          72.997    828.249      38.260      10.026           153341.253               0.000               0.000          6924719.822   1.00000 
  2735.200          72.881    839.715      38.260      10.026           154519.067               0.000               0.000          7079238.889   1.00000 
  2736.200          72.765    851.246      38.260      10.026           155708.125               0.000               0.000          7234947.014   1.00000 
  2737.200          72.648    862.840      38.260      10.026           156908.436               0.000               0.000          7391855.450   1.00000 
  2738.200          72.531    874.499      38.260      10.026           158120.004               0.000               0.000          7549975.454   1.00000 
  2739.200          72.413    886.203      38.260      10.026           159111.010               0.000               0.000          7709086.464   1.00000 
  2740.200          72.294    897.969      38.260      10.026           160343.875               0.000               0.000          7869430.340   1.00000 
  2741.200          72.175    909.797      38.260      10.026           161587.040               0.000               0.000          8031017.380   1.00000 
  2742.200          72.055    921.686      38.260      10.026           162840.740               0.000               0.000          8193858.120   1.00000 
  2743.200          71.934    933.635      38.260      10.026           164104.959               0.000               0.000          8357963.078   1.00000 
  2744.200          71.812    945.643      38.260      10.026           165379.677               0.000               0.000          8523342.756   1.00000 
  2745.200          71.690    957.710      38.260      10.026           166664.873               0.000               0.000          8690007.628   1.00000 
  2746.200          71.567    969.834      38.260      10.026           167960.513               0.000               0.000          8857968.141   1.00000 
  2747.200          71.443    982.015      38.260      10.026           169266.558               0.000               0.000          9027234.700   1.00000 
  2748.200          71.319    994.250      38.260      10.026           170582.963               0.000               0.000          9197817.663   1.00000 
  2749.200          71.193   1006.540      38.260      10.026           171909.672               0.000               0.000          9369727.335   1.00000 
  2750.200          71.067   1018.883      38.260      10.026           173246.626               0.000               0.000          9542973.961   1.00000 
  2751.200          70.941   1031.277      38.260      10.026           174593.756               0.000               0.000          9717567.717   1.00000 
  2752.200          70.813   1043.721      38.260      10.026           175950.980               0.000               0.000          9893518.697   1.00000 
  2753.200          70.685   1056.213      38.260      10.026           177318.215               0.000               0.000         10070836.912   1.00000 
  2754.200          70.555   1068.752      38.260      10.026           178695.358               0.000               0.000         10249532.270   1.00000 
  2755.200          70.425   1081.337      38.260      10.026           180082.308               0.000               0.000         10429614.578   1.00000 
  2756.200          70.294   1093.966      38.260      10.026           181478.943               0.000               0.000         10611093.521   1.00000 
  2757.200          70.163   1106.636      38.260      10.026           182885.138               0.000               0.000         10793978.659   1.00000 
  2758.200          70.030   1119.346      38.260      10.026           184300.750               0.000               0.000         10978279.409   1.00000 
  2759.200          69.897   1132.095      38.260      10.026           185725.629               0.000               0.000         11164005.038   1.00000 
  2760.200          69.763   1144.879      38.260      10.026           187159.569               0.000               0.000         11351164.607   1.00000 
  2761.200          69.627   1157.697      38.260      10.026           188602.328               0.000               0.000         11539766.935   1.00000 
  2762.200          69.491   1160.000      37.478       9.805           190053.647               0.000               0.000         11729820.582   1.00000 
  2763.200          69.354   1160.000      36.519       9.534           191502.827               0.000               0.000         11921323.409   1.00000 
  2764.200          69.216   1160.000      35.551       9.262           192944.306               0.000               0.000         12114267.715   1.00000 
  2765.200          69.078   1160.000      34.575       8.989           194375.447               0.000               0.000         12308643.162   1.00000 
  2766.200          68.938   1160.000      33.591       8.715           195793.661               0.000               0.000         12504436.823   1.00000 
  2767.200          68.797   1160.000      32.599       8.440           197196.090               0.000               0.000         12701632.913   1.00000 
  2768.200          68.656   1160.000      31.599       8.164           198579.573               0.000               0.000         12900212.486   1.00000 
  2769.200          68.513   1160.000      30.591       7.887           199940.606               0.000               0.000         13100153.092   1.00000 
  2770.200          68.369   1160.000      29.575       7.609           201275.301               0.000               0.000         13301428.393   1.00000 
  2771.200          68.225   1160.000      28.552       7.330           202579.317               0.000               0.000         13504007.710   1.00000 
  2772.200          68.079   1160.000      27.522       7.051           203847.829               0.000               0.000         13707855.539   1.00000 
  2773.200          67.933   1160.000      26.485       6.770           205075.434               0.000               0.000         13912930.973   1.00000 
  2774.200          67.785   1160.000      25.441       6.490           206256.078               0.000               0.000         14119187.052   1.00000 
  2775.200          67.637   1160.000      24.390       6.208           207382.953               0.000               0.000         14326570.004   1.00000 
  2776.200          67.487   1160.000      23.334       5.927           208448.386               0.000               0.000         14535018.390   1.00000 
  2777.200          67.337   1160.000      22.271       5.645           209443.679               0.000               0.000         14744462.069   1.00000 
  2778.200          67.185   1160.000      21.204       5.363           210358.952               0.000               0.000         14954821.021   1.00000 
  2779.200          67.032   1160.000      20.131       5.081           211182.926               0.000               0.000         15166003.947   1.00000 
  2780.200          66.878   1160.000      19.055       4.799           211902.660               0.000               0.000         15377906.607   1.00000 
  2781.200          66.723   1160.000      17.975       4.517           212503.224               0.000               0.000         15590409.831   1.00000 
  2782.200          66.568   1160.000      16.893       4.236           212967.293               0.000               0.000         15803377.125   1.00000 
  2783.200          66.410   1160.000      15.808       3.956           213274.620               0.000               0.000         16016651.745   1.00000 
  2784.200          66.252   1160.000      14.723       3.677           213401.377               0.000               0.000         16230053.122   1.00000 
  2785.200          66.093   1160.000      13.639       3.399           213319.262               0.000               0.000         16443372.384   1.00000 
  2786.200          65.933   1160.000      12.556       3.123           212994.351               0.000               0.000         16656366.735   1.00000 
  2787.200          65.771   1160.000      11.477       2.848           212385.517               0.000               0.000         16868752.252   1.00000 
  2788.200          65.609   1160.000      10.403       2.577           211442.292               0.000               0.000         17080194.543   1.00000 
  2789.200          65.445   1160.000       9.337       2.308           210101.821               0.000               0.000         17290296.364   1.00000 
  2790.200          65.281   1160.000       8.281       2.043           208284.499               0.000               0.000         17498580.863   1.00000 
  2791.200          65.115   1160.000       7.239       1.782           205887.475               0.000               0.000         17704468.338   1.00000 
  2792.200          64.949   1160.000       6.215       1.527           202774.697               0.000               0.000         17907243.035   1.00000 
  2793.200          64.782   1160.000       5.214       1.279           198761.053               0.000               0.000         18106004.088   1.00000 
  2794.200          64.614   1160.000       4.242       1.039           193585.701               0.000               0.000         18299589.789   1.00000 
  2795.200          64.446   1160.000       3.309       0.809           186863.753               0.000               0.000         18486453.542   1.00000 
  2796.200          64.278   1160.000       2.427       0.592           177993.523               0.000               0.000         18664447.065   1.00000 
  2797.200          64.110   1160.000       1.614       0.393           165958.925               0.000               0.000         18830405.990   1.00000 
  2798.200          63.945   1160.000       0.899       0.219           148849.005               0.000               0.000         18979254.995   1.00000 
  2799.200          63.785   1160.000       0.335       0.081           122466.771               0.000               0.000         19101721.766   1.00000 
  2799.738          63.703   1160.000       0.123       0.030            92703.546               0.000               0.000         19151611.248   1.00000 
  2799.929          63.676   1160.000       0.072       0.017            71269.775               0.000               0.000         19165243.372   1.00000 
  2800.100          63.654   1160.000       0.046       0.011            50161.690               0.000               0.000         19173799.151   1.00000 
  2800.251          63.637   1160.000       0.039       0.009            32536.586               0.000               0.000         19178716.956   1.00000 
  2800.438          63.618   1085.868       0.039       0.009            18886.253               0.000               0.000         19182253.583   1.00000 
