#_______________________________________________________________________________
#    ######   ####     ##             #####   #####     ##    #    #    ## 
#    #       #        #  #            #    #  #    #   #  #   ##  ##   #  #
#    #####    ####   ######           #    #  #####   ######  # ## #  ######
#    #            #  #    #           #    #  #    #  #    #  #    #  #    #
#____######__#####___#____#___________#####___#____#__#____#__#____#__#____#____
#
#              ESA Debris Risk Assessment and Mitigation Analysis
#
#                      ---- DRAMA ( SESAM 2.1.5 ) ----
#                                      ESA 2018
#
#                              aerothermal history file
#-------------------------------------------------------------------------------
# Filename      : PySara.EIU.de163939-c203-4c8e-9849-f04d653048fa_AeroThermalHistory.txt
# RunID         : PySara
# ObjectID      : de163939-c203-4c8e-9849-f04d653048fa
# ObjectName    : EIU
# ReferenceArea : 0.156104 [m^2]
# Content       : This file contains the aerothermal data of the object,
#                 computed by the DRAMA 3 Re-entry Analysis.
# Documentation : DRAMA Software User Manual, section OPERATIONS MANUAL / Normal operation / SARA / SARA Simulation Output / Re-entry simulation output
# Note          : The convective heat and the integrated heat values in this file take into account the visibility factor
#
#-------------------------------------------------------------------------------------------------------------------------------------------------------------------
#  Time [s]  Altitude [km]   Temp [K]   Mass [kg]   Thick [mm]  Convective Heat [W]  Radiative Heat [W]  Oxidation Heat [W]  Integrated Heat [J] VisibilityFactor [-]
#-------------------------------------------------------------------------------------------------------------------------------------------------------------------
  2551.100          87.789    300.000      15.430       7.002            71815.902               0.000               0.000                0.000   1.00000 
  2551.200          87.783    300.528      15.430       7.002            71849.356               0.000               0.000             7184.936   1.00000 
  2551.650          87.757    302.909      15.430       7.002            72004.854               0.000               0.000            39587.120   1.00000 
  2552.650          87.696    308.219      15.430       7.002            72362.431               0.000               0.000           111949.550   1.00000 
  2553.650          87.636    313.545      15.430       7.002            72748.164               0.000               0.000           184697.714   1.00000 
  2554.650          87.576    318.885      15.430       7.002            73135.738               0.000               0.000           257833.452   1.00000 
  2555.650          87.516    324.240      15.430       7.002            73525.171               0.000               0.000           331358.623   1.00000 
  2556.650          87.455    329.609      15.430       7.002            73916.482               0.000               0.000           405275.105   1.00000 
  2557.650          87.394    334.993      15.430       7.002            74309.693               0.000               0.000           479584.797   1.00000 
  2558.650          87.333    340.392      15.430       7.002            74704.822               0.000               0.000           554289.619   1.00000 
  2559.650          87.272    345.805      15.430       7.002            75101.890               0.000               0.000           629391.509   1.00000 
  2560.650          87.211    351.233      15.430       7.002            75500.918               0.000               0.000           704892.427   1.00000 
  2561.650          87.149    356.676      15.430       7.002            75901.927               0.000               0.000           780794.354   1.00000 
  2562.650          87.088    362.130      15.430       7.002            76304.938               0.000               0.000           857099.292   1.00000 
  2563.650          87.026    367.596      15.430       7.002            76709.974               0.000               0.000           933809.267   1.00000 
  2564.650          86.964    373.074      15.430       7.002            77117.056               0.000               0.000          1010926.323   1.00000 
  2565.650          86.902    378.562      15.430       7.002            77526.207               0.000               0.000          1088452.530   1.00000 
  2566.650          86.840    384.058      15.430       7.002            77937.450               0.000               0.000          1166389.980   1.00000 
  2567.650          86.777    389.562      15.430       7.002            78350.808               0.000               0.000          1244740.788   1.00000 
  2568.650          86.715    395.074      15.430       7.002            78766.304               0.000               0.000          1323507.092   1.00000 
  2569.650          86.652    400.593      15.430       7.002            79183.963               0.000               0.000          1402691.055   1.00000 
  2570.650          86.589    406.118      15.430       7.002            79603.810               0.000               0.000          1482294.865   1.00000 
  2571.650          86.525    411.649      15.430       7.002            80025.868               0.000               0.000          1562320.733   1.00000 
  2572.650          86.462    417.186      15.430       7.002            80450.164               0.000               0.000          1642770.898   1.00000 
  2573.650          86.398    422.732      15.430       7.002            80876.724               0.000               0.000          1723647.621   1.00000 
  2574.650          86.335    428.287      15.430       7.002            81305.572               0.000               0.000          1804953.193   1.00000 
  2575.650          86.271    433.851      15.430       7.002            81736.737               0.000               0.000          1886689.930   1.00000 
  2576.650          86.206    439.424      15.430       7.002            82170.244               0.000               0.000          1968860.174   1.00000 
  2577.650          86.142    444.994      15.430       7.002            82606.122               0.000               0.000          2051466.296   1.00000 
  2578.650          86.078    450.562      15.430       7.002            83044.399               0.000               0.000          2134510.696   1.00000 
  2579.650          86.013    456.129      15.430       7.002            83485.104               0.000               0.000          2217995.799   1.00000 
  2580.650          85.948    461.677      15.430       7.002            83928.264               0.000               0.000          2301924.063   1.00000 
  2581.650          85.882    467.194      15.430       7.002            84373.910               0.000               0.000          2386297.974   1.00000 
  2582.650          85.817    472.680      15.430       7.002            84822.073               0.000               0.000          2471120.046   1.00000 
  2583.650          85.751    478.137      15.430       7.002            85272.781               0.000               0.000          2556392.828   1.00000 
  2584.650          85.685    483.527      15.430       7.002            85726.068               0.000               0.000          2642118.896   1.00000 
  2585.650          85.619    488.850      15.430       7.002            86181.964               0.000               0.000          2728300.860   1.00000 
  2586.650          85.553    494.109      15.430       7.002            86640.502               0.000               0.000          2814941.361   1.00000 
  2587.650          85.486    499.316      15.430       7.002            87101.714               0.000               0.000          2902043.075   1.00000 
  2588.650          85.420    504.501      15.430       7.002            87565.635               0.000               0.000          2989608.710   1.00000 
  2589.650          85.353    509.663      15.430       7.002            88032.298               0.000               0.000          3077641.007   1.00000 
  2590.650          85.285    514.804      15.430       7.002            88501.738               0.000               0.000          3166142.745   1.00000 
  2591.650          85.218    519.950      15.430       7.002            88973.990               0.000               0.000          3255116.735   1.00000 
  2592.650          85.150    525.147      15.430       7.002            89449.091               0.000               0.000          3344565.826   1.00000 
  2593.650          85.082    530.396      15.430       7.002            89927.078               0.000               0.000          3434492.903   1.00000 
  2594.650          85.014    535.699      15.430       7.002            90407.987               0.000               0.000          3524900.890   1.00000 
  2595.650          84.945    541.064      15.430       7.002            90891.857               0.000               0.000          3615792.747   1.00000 
  2596.650          84.877    546.502      15.430       7.002            91378.730               0.000               0.000          3707171.477   1.00000 
  2597.650          84.808    552.015      15.430       7.002            91868.652               0.000               0.000          3799040.129   1.00000 
  2598.650          84.738    557.604      15.430       7.002            92361.666               0.000               0.000          3891401.795   1.00000 
  2599.650          84.669    563.238      15.430       7.002            92857.820               0.000               0.000          3984259.616   1.00000 
  2600.650          84.599    568.908      15.430       7.002            93357.162               0.000               0.000          4077616.778   1.00000 
  2601.650          84.529    574.616      15.430       7.002            93859.741               0.000               0.000          4171476.519   1.00000 
  2602.650          84.459    580.342      15.430       7.002            94365.606               0.000               0.000          4265842.125   1.00000 
  2603.650          84.388    586.037      15.430       7.002            94874.807               0.000               0.000          4360716.932   1.00000 
  2604.650          84.317    591.701      15.430       7.002            95387.398               0.000               0.000          4456104.329   1.00000 
  2605.650          84.246    597.337      15.430       7.002            95903.431               0.000               0.000          4552007.760   1.00000 
  2606.650          84.175    602.939      15.430       7.002            96422.961               0.000               0.000          4648430.721   1.00000 
  2607.650          84.103    608.509      15.430       7.002            96946.043               0.000               0.000          4745376.763   1.00000 
  2608.650          84.031    614.047      15.430       7.002            97472.735               0.000               0.000          4842849.498   1.00000 
  2609.650          83.958    619.554      15.430       7.002            98003.094               0.000               0.000          4940852.592   1.00000 
  2610.650          83.886    625.035      15.430       7.002            98537.182               0.000               0.000          5039389.774   1.00000 
  2611.650          83.813    630.489      15.430       7.002            99075.057               0.000               0.000          5138464.831   1.00000 
  2612.650          83.740    635.918      15.430       7.002            99616.784               0.000               0.000          5238081.615   1.00000 
  2613.650          83.666    641.322      15.430       7.002           100162.425               0.000               0.000          5338244.039   1.00000 
  2614.650          83.592    646.702      15.430       7.002           100712.047               0.000               0.000          5438956.087   1.00000 
  2615.650          83.518    652.059      15.430       7.002           101265.716               0.000               0.000          5540221.803   1.00000 
  2616.650          83.444    657.393      15.430       7.002           101823.501               0.000               0.000          5642045.304   1.00000 
  2617.650          83.369    662.709      15.430       7.002           102385.473               0.000               0.000          5744430.776   1.00000 
  2618.650          83.294    668.009      15.430       7.002           102951.702               0.000               0.000          5847382.479   1.00000 
  2619.650          83.218    673.293      15.430       7.002           103522.264               0.000               0.000          5950904.743   1.00000 
  2620.650          83.142    678.562      15.430       7.002           104097.234               0.000               0.000          6055001.977   1.00000 
  2621.650          83.066    683.826      15.430       7.002           104676.688               0.000               0.000          6159678.665   1.00000 
  2622.650          82.990    689.084      15.430       7.002           105260.706               0.000               0.000          6264939.371   1.00000 
  2623.650          82.913    694.338      15.430       7.002           105849.369               0.000               0.000          6370788.740   1.00000 
  2624.650          82.836    699.596      15.430       7.002           106442.761               0.000               0.000          6477231.501   1.00000 
  2625.650          82.758    704.879      15.430       7.002           107040.966               0.000               0.000          6584272.467   1.00000 
  2626.650          82.680    710.189      15.430       7.002           107644.074               0.000               0.000          6691916.541   1.00000 
  2627.650          82.602    715.525      15.430       7.002           108252.171               0.000               0.000          6800168.712   1.00000 
  2628.650          82.523    720.972      15.430       7.002           108865.350               0.000               0.000          6909034.062   1.00000 
  2629.650          82.444    726.636      15.430       7.002           109483.707               0.000               0.000          7018517.769   1.00000 
  2630.650          82.365    732.542      15.430       7.002           110107.337               0.000               0.000          7128625.106   1.00000 
  2631.650          82.285    738.719      15.430       7.002           110736.340               0.000               0.000          7239361.446   1.00000 
  2632.650          82.205    744.997      15.430       7.002           111370.815               0.000               0.000          7350732.261   1.00000 
  2633.650          82.125    751.362      15.430       7.002           112010.870               0.000               0.000          7462743.131   1.00000 
  2634.650          82.044    757.816      15.430       7.002           112656.609               0.000               0.000          7575399.740   1.00000 
  2635.650          81.962    764.313      15.430       7.002           113308.137               0.000               0.000          7688707.877   1.00000 
  2636.650          81.881    770.838      15.430       7.002           113965.538               0.000               0.000          7802673.415   1.00000 
  2637.650          81.799    777.389      15.430       7.002           114628.891               0.000               0.000          7917302.306   1.00000 
  2638.650          81.716    783.957      15.430       7.002           115298.271               0.000               0.000          8032600.577   1.00000 
  2639.650          81.633    790.535      15.430       7.002           115973.761               0.000               0.000          8148574.338   1.00000 
  2640.650          81.550    797.124      15.430       7.002           116655.437               0.000               0.000          8265229.775   1.00000 
  2641.650          81.466    803.723      15.430       7.002           117343.382               0.000               0.000          8382573.157   1.00000 
  2642.650          81.382    810.331      15.430       7.002           118037.677               0.000               0.000          8500610.834   1.00000 
  2643.650          81.297    816.947      15.430       7.002           118738.408               0.000               0.000          8619349.242   1.00000 
  2644.650          81.212    823.572      15.430       7.002           119445.654               0.000               0.000          8738794.896   1.00000 
  2645.650          81.126    830.204      15.430       7.002           120159.503               0.000               0.000          8858954.398   1.00000 
  2646.650          81.040    836.842      15.430       7.002           120880.037               0.000               0.000          8979834.435   1.00000 
  2647.650          80.954    843.450      15.430       7.002           121607.345               0.000               0.000          9101441.781   1.00000 
  2648.650          80.867    850.000      15.430       7.002           122341.513               0.000               0.000          9223783.294   1.00000 
  2649.650          80.780    850.000      15.146       6.868           123082.630               0.000               0.000          9346865.924   1.00000 
  2650.650          80.692    850.000      14.861       6.733           123829.512               0.000               0.000          9470695.436   1.00000 
  2651.650          80.603    850.000      14.573       6.598           124581.965               0.000               0.000          9595277.401   1.00000 
  2652.650          80.515    850.000      14.284       6.462           125339.963               0.000               0.000          9720617.364   1.00000 
  2653.650          80.425    850.000      13.993       6.326           126103.475               0.000               0.000          9846720.838   1.00000 
  2654.650          80.335    850.000      13.700       6.188           126872.456               0.000               0.000          9973593.295   1.00000 
  2655.650          80.245    850.000      13.405       6.050           127646.862               0.000               0.000         10101240.156   1.00000 
  2656.650          80.154    850.000      13.108       5.912           128426.634               0.000               0.000         10229666.791   1.00000 
  2657.650          80.063    850.000      12.809       5.772           129211.710               0.000               0.000         10358878.500   1.00000 
  2658.650          79.971    850.000      12.508       5.632           130002.013               0.000               0.000         10488880.513   1.00000 
  2659.650          79.879    850.000      12.205       5.492           130797.466               0.000               0.000         10619677.979   1.00000 
  2660.650          79.786    850.000      11.900       5.350           131597.981               0.000               0.000         10751275.960   1.00000 
  2661.650          79.693    850.000      11.593       5.208           132403.462               0.000               0.000         10883679.423   1.00000 
  2662.650          79.599    850.000      11.284       5.065           133213.802               0.000               0.000         11016893.225   1.00000 
  2663.650          79.504    850.000      10.973       4.922           134028.880               0.000               0.000         11150922.105   1.00000 
  2664.650          79.409    850.000      10.660       4.777           134848.563               0.000               0.000         11285770.668   1.00000 
  2665.650          79.314    850.000      10.344       4.632           135672.699               0.000               0.000         11421443.366   1.00000 
  2666.650          79.217    850.000      10.027       4.487           136501.123               0.000               0.000         11557944.489   1.00000 
  2667.650          79.121    850.000       9.708       4.340           137333.649               0.000               0.000         11695278.138   1.00000 
  2668.650          79.023    850.000       9.387       4.193           138170.075               0.000               0.000         11833448.212   1.00000 
  2669.650          78.925    850.000       9.063       4.045           139010.174               0.000               0.000         11972458.386   1.00000 
  2670.650          78.827    850.000       8.737       3.897           139853.701               0.000               0.000         12112312.088   1.00000 
  2671.650          78.728    850.000       8.410       3.748           140700.383               0.000               0.000         12253012.470   1.00000 
  2672.650          78.628    850.000       8.080       3.598           141549.919               0.000               0.000         12394562.389   1.00000 
  2673.650          78.528    850.000       7.748       3.447           142401.984               0.000               0.000         12536964.373   1.00000 
  2674.650          78.427    850.000       7.414       3.296           143256.216               0.000               0.000         12680220.589   1.00000 
  2675.650          78.325    850.000       7.078       3.143           144112.221               0.000               0.000         12824332.810   1.00000 
  2676.650          78.223    850.000       6.739       2.991           144969.565               0.000               0.000         12969302.375   1.00000 
  2677.650          78.120    850.000       6.399       2.837           145827.778               0.000               0.000         13115130.154   1.00000 
  2678.650          78.016    850.000       6.056       2.683           146686.341               0.000               0.000         13261816.494   1.00000 
  2679.650          77.912    850.000       5.711       2.528           147544.686               0.000               0.000         13409361.181   1.00000 
  2680.650          77.807    850.000       5.364       2.372           148402.195               0.000               0.000         13557763.376   1.00000 
  2681.650          77.701    850.000       5.015       2.216           149258.191               0.000               0.000         13707021.566   1.00000 
  2682.650          77.594    850.000       4.664       2.059           150111.932               0.000               0.000         13857133.498   1.00000 
  2683.650          77.487    850.000       4.310       1.901           150962.605               0.000               0.000         14008096.103   1.00000 
  2684.650          77.379    850.000       3.955       1.743           151809.325               0.000               0.000         14159905.428   1.00000 
  2685.650          77.271    850.000       3.597       1.584           152651.120               0.000               0.000         14312556.548   1.00000 
  2686.650          77.161    850.000       3.238       1.424           153486.925               0.000               0.000         14466043.472   1.00000 
  2687.650          77.051    850.000       2.876       1.264           154315.577               0.000               0.000         14620359.049   1.00000 
  2688.650          76.940    850.000       2.512       1.103           155135.799               0.000               0.000         14775494.848   1.00000 
  2689.650          76.829    850.000       2.146       0.942           155946.188               0.000               0.000         14931441.036   1.00000 
  2690.650          76.716    850.000       1.778       0.780           156745.212               0.000               0.000         15088186.248   1.00000 
  2691.650          76.603    850.000       1.409       0.617           157531.183               0.000               0.000         15245717.431   1.00000 
  2692.650          76.488    850.000       1.037       0.454           158302.247               0.000               0.000         15404019.678   1.00000 
  2693.650          76.373    850.000       0.663       0.290           159056.361               0.000               0.000         15563076.039   1.00000 
  2694.650          76.257    850.000       0.288       0.126           159791.285               0.000               0.000         15722867.324   1.00000 
  2695.650          76.141    850.000       0.000       0.000           160504.540               0.000               0.000         15883371.863   1.00000 
