#_______________________________________________________________________________
#    ######   ####     ##             #####   #####     ##    #    #    ##
#    #       #        #  #            #    #  #    #   #  #   ##  ##   #  #
#    #####    ####   ######           #    #  #####   ######  # ## #  ######
#    #            #  #    #           #    #  #    #  #    #  #    #  #    #
#____######__#####___#____#___________#####___#____#__#____#__#____#__#____#____
#
#              ESA Debris Risk Assessment and Mitigation Analysis
#
#                      ---- DRAMA ( SESAM 2.1.5 ) ----
#                                      ESA 2018 
#
#                              trajectory history file
#-------------------------------------------------------------------------------
# Filename      : PySara.TCU.1fb5a24d-822d-4b03-b7c8-707b45f03a62_Trajectory.txt
# RunID         : PySara
# ObjectID      : 1fb5a24d-822d-4b03-b7c8-707b45f03a62
# ObjectName    : TCU
# Content       : This file contains the trajectory state data of the object,
#                 computed by the DRAMA 3 Re-entry Analysis.
# Documentation : DRAMA Software User Manual, section OPERATIONS MANUAL / Normal operation / SARA / SARA Simulation Output / Re-entry simulation output
#
#--------------------------------------------------------------------------------------------------------------------------------------------------------------------------------------------
#  Time [s]  Altitude [km]  Lat [deg]  Lon [deg]  Velocity [km/s]   Downrange [km]       Drag       Lift       Side    Knudsen       Mach  Flight Path [deg]  Heading [deg]  Density [kg/m^2]
#--------------------------------------------------------------------------------------------------------------------------------------------------------------------------------------------
  2750.200          70.465      7.832     57.682            6.892        19875.944      1.903      0.000      0.000    0.00161   23.93911           -1.15287       97.30393         8.105e-05 
  2750.300          70.452      7.831     57.688            6.890        19876.626      1.903      0.000      0.000    0.00161   23.93368           -1.15388       97.30488         8.120e-05 
  2750.750          70.389      7.827     57.715            6.884        19879.691      1.903      0.000      0.000    0.00159   23.90834           -1.15844       97.30915         8.191e-05 
  2751.750          70.249      7.819     57.777            6.870        19886.492      1.903      0.000      0.000    0.00156   23.84950           -1.16878       97.31863         8.354e-05 
  2752.750          70.109      7.812     57.838            6.856        19893.279      1.903      0.000      0.000    0.00153   23.78513           -1.17941       97.32808         8.534e-05 
  2753.750          69.967      7.804     57.898            6.842        19900.052      1.903      0.000      0.000    0.00150   23.71952           -1.19034       97.33751         8.718e-05 
  2754.750          69.825      7.796     57.959            6.827        19906.812      1.903      0.000      0.000    0.00146   23.65266           -1.20157       97.34691         8.908e-05 
  2755.750          69.681      7.788     58.020            6.812        19913.556      1.903      0.000      0.000    0.00143   23.58452           -1.21311       97.35629         9.102e-05 
  2756.750          69.536      7.780     58.080            6.797        19920.286      1.903      0.000      0.000    0.00140   23.51508           -1.22497       97.36565         9.301e-05 
  2757.750          69.390      7.773     58.141            6.782        19927.001      1.903      0.000      0.000    0.00137   23.44432           -1.23715       97.37498         9.505e-05 
  2758.750          69.243      7.765     58.201            6.766        19933.701      1.903      0.000      0.000    0.00134   23.37223           -1.24966       97.38429         9.715e-05 
  2759.750          69.095      7.757     58.261            6.750        19940.385      1.903      0.000      0.000    0.00131   23.29878           -1.26250       97.39357         9.931e-05 
  2760.750          68.946      7.749     58.321            6.734        19947.053      1.903      0.000      0.000    0.00128   23.22395           -1.27569       97.40282         1.015e-04 
  2761.750          68.795      7.741     58.381            6.717        19953.705      1.903      0.000      0.000    0.00126   23.14772           -1.28923       97.41205         1.038e-04 
  2762.750          68.644      7.734     58.440            6.700        19960.341      1.903      0.000      0.000    0.00123   23.07007           -1.30312       97.42125         1.061e-04 
  2763.750          68.491      7.726     58.500            6.683        19966.960      1.903      0.000      0.000    0.00120   22.99097           -1.31738       97.43043         1.085e-04 
  2764.750          68.336      7.718     58.559            6.666        19973.562      1.903      0.000      0.000    0.00118   22.91041           -1.33201       97.43958         1.110e-04 
  2765.750          68.181      7.711     58.618            6.648        19980.147      1.903      0.000      0.000    0.00115   22.82836           -1.34703       97.44870         1.135e-04 
  2766.750          68.024      7.703     58.678            6.630        19986.714      1.903      0.000      0.000    0.00112   22.74480           -1.36243       97.45780         1.161e-04 
  2767.750          67.865      7.695     58.736            6.611        19993.263      1.903      0.000      0.000    0.00110   22.65970           -1.37823       97.46687         1.188e-04 
  2768.750          67.706      7.687     58.795            6.593        19999.794      1.903      0.000      0.000    0.00107   22.57305           -1.39443       97.47591         1.215e-04 
  2769.750          67.544      7.680     58.854            6.574        20006.306      1.903      0.000      0.000    0.00105   22.48482           -1.41105       97.48492         1.244e-04 
  2770.750          67.382      7.672     58.912            6.554        20012.800      1.903      0.000      0.000    0.00102   22.39498           -1.42809       97.49391         1.273e-04 
  2771.750          67.218      7.665     58.970            6.534        20019.274      1.903      0.000      0.000    0.00100   22.30352           -1.44556       97.50287         1.303e-04 
  2772.750          67.052      7.657     59.028            6.514        20025.729      1.903      0.000      0.000    0.00098   22.21041           -1.46348       97.51179         1.333e-04 
  2773.750          66.885      7.649     59.086            6.494        20032.164      1.903      0.000      0.000    0.00096   22.11562           -1.48184       97.52069         1.365e-04 
  2774.750          66.716      7.642     59.144            6.473        20038.578      1.903      0.000      0.000    0.00093   22.01914           -1.50067       97.52956         1.397e-04 
  2775.750          66.546      7.634     59.201            6.452        20044.972      1.903      0.000      0.000    0.00091   21.92094           -1.51996       97.53841         1.431e-04 
  2776.750          66.374      7.627     59.258            6.430        20051.345      1.903      0.000      0.000    0.00089   21.82099           -1.53974       97.54722         1.466e-04 
  2777.750          66.200      7.619     59.315            6.408        20057.696      1.903      0.000      0.000    0.00087   21.71928           -1.56001       97.55600         1.501e-04 
  2778.750          66.025      7.611     59.372            6.386        20064.026      1.903      0.000      0.000    0.00085   21.61578           -1.58078       97.56475         1.538e-04 
  2779.750          65.848      7.604     59.429            6.363        20070.333      1.903      0.000      0.000    0.00083   21.51046           -1.60206       97.57347         1.575e-04 
  2780.750          65.669      7.596     59.485            6.340        20076.618      1.903      0.000      0.000    0.00081   21.40331           -1.62386       97.58215         1.614e-04 
  2781.750          65.489      7.589     59.542            6.317        20082.880      1.903      0.000      0.000    0.00079   21.29430           -1.64620       97.59081         1.654e-04 
  2782.750          65.306      7.582     59.598            6.293        20089.119      1.903      0.000      0.000    0.00077   21.18340           -1.66909       97.59943         1.695e-04 
  2783.750          65.122      7.574     59.653            6.269        20095.334      1.903      0.000      0.000    0.00075   21.07061           -1.69253       97.60803         1.738e-04 
  2784.750          64.936      7.567     59.709            6.244        20101.525      1.903      0.000      0.000    0.00073   20.95511           -1.71655       97.61659         1.782e-04 
  2785.750          64.748      7.559     59.764            6.217        20107.690      1.903      0.000      0.000    0.00071   20.83553           -1.74117       97.62512         1.827e-04 
  2786.750          64.558      7.552     59.819            6.190        20113.829      1.903      0.000      0.000    0.00070   20.71156           -1.76641       97.63362         1.874e-04 
  2787.750          64.366      7.545     59.874            6.162        20119.941      1.903      0.000      0.000    0.00068   20.58301           -1.79232       97.64209         1.922e-04 
  2788.750          64.173      7.537     59.929            6.132        20126.023      1.903      0.000      0.000    0.00066   20.44971           -1.81893       97.65053         1.971e-04 
  2789.750          63.977      7.530     59.983            6.100        20132.076      1.903      0.000      0.000    0.00064   20.31146           -1.84626       97.65894         2.022e-04 
  2790.750          63.780      7.523     60.037            6.068        20138.097      1.903      0.000      0.000    0.00063   20.16805           -1.87437       97.66731         2.075e-04 
  2791.750          63.580      7.515     60.091            6.033        20144.085      1.903      0.000      0.000    0.00061   20.01928           -1.90329       97.67565         2.129e-04 
  2792.750          63.379      7.508     60.145            5.997        20150.038      1.903      0.000      0.000    0.00060   19.86491           -1.93306       97.68396         2.185e-04 
  2793.750          63.176      7.501     60.198            5.960        20155.955      1.903      0.000      0.000    0.00058   19.70473           -1.96373       97.69222         2.243e-04 
  2794.750          62.970      7.494     60.251            5.920        20161.834      1.903      0.000      0.000    0.00057   19.53847           -1.99536       97.70045         2.303e-04 
  2795.750          62.763      7.487     60.303            5.879        20167.672      1.903      0.000      0.000    0.00055   19.36590           -2.02799       97.70864         2.364e-04 
  2796.750          62.554      7.480     60.355            5.835        20173.469      1.903      0.000      0.000    0.00054   19.18674           -2.06169       97.71679         2.427e-04 
  2797.750          62.344      7.473     60.407            5.790        20179.222      1.903      0.000      0.000    0.00052   19.00069           -2.09652       97.72490         2.493e-04 
  2798.750          62.131      7.466     60.458            5.742        20184.929      1.903      0.000      0.000    0.00051   18.80750           -2.13254       97.73297         2.560e-04 
  2799.750          61.916      7.459     60.509            5.692        20190.587      1.903      0.000      0.000    0.00050   18.60690           -2.16982       97.74099         2.629e-04 
  2800.750          61.700      7.452     60.559            5.639        20196.195      1.903      0.000      0.000    0.00048   18.39860           -2.20845       97.74896         2.701e-04 
  2801.750          61.482      7.445     60.609            5.584        20201.749      1.903      0.000      0.000    0.00047   18.18233           -2.24850       97.75688         2.775e-04 
  2802.750          61.262      7.439     60.658            5.526        20207.247      1.903      0.000      0.000    0.00046   17.95779           -2.29006       97.76475         2.851e-04 
  2803.750          61.040      7.432     60.707            5.465        20212.686      1.903      0.000      0.000    0.00045   17.72471           -2.33323       97.77257         2.929e-04 
  2804.750          60.817      7.426     60.755            5.401        20218.064      1.903      0.000      0.000    0.00043   17.48283           -2.37811       97.78033         3.010e-04 
  2805.750          60.592      7.419     60.803            5.335        20223.377      1.903      0.000      0.000    0.00042   17.23190           -2.42482       97.78803         3.094e-04 
  2806.750          60.365      7.413     60.850            5.265        20228.622      1.903      0.000      0.000    0.00041   16.97171           -2.47346       97.79566         3.180e-04 
  2807.750          60.137      7.406     60.896            5.191        20233.797      1.903      0.000      0.000    0.00040   16.70208           -2.52418       97.80323         3.268e-04 
  2808.750          59.908      7.400     60.942            5.115        20238.897      1.903      0.000      0.000    0.00039   16.42288           -2.57709       97.81072         3.360e-04 
