#_______________________________________________________________________________
#    ######   ####     ##             #####   #####     ##    #    #    ## 
#    #       #        #  #            #    #  #    #   #  #   ##  ##   #  #
#    #####    ####   ######           #    #  #####   ######  # ## #  ######
#    #            #  #    #           #    #  #    #  #    #  #    #  #    #
#____######__#####___#____#___________#####___#____#__#____#__#____#__#____#____
#
#              ESA Debris Risk Assessment and Mitigation Analysis
#
#                      ---- DRAMA ( SESAM 2.1.5 ) ----
#                                      ESA 2018
#
#                              aerothermal history file
#-------------------------------------------------------------------------------
# Filename      : PySara.SADM1.5b7fd01c-6f9b-4cbb-b4c4-96dce1078b32_AeroThermalHistory.txt
# RunID         : PySara
# ObjectID      : 5b7fd01c-6f9b-4cbb-b4c4-96dce1078b32
# ObjectName    : SADM1
# ReferenceArea : 0.25612 [m^2]
# Content       : This file contains the aerothermal data of the object,
#                 computed by the DRAMA 3 Re-entry Analysis.
# Documentation : DRAMA Software User Manual, section OPERATIONS MANUAL / Normal operation / SARA / SARA Simulation Output / Re-entry simulation output
# Note          : The convective heat and the integrated heat values in this file take into account the visibility factor
#
#-------------------------------------------------------------------------------------------------------------------------------------------------------------------
#  Time [s]  Altitude [km]   Temp [K]   Mass [kg]   Thick [mm]  Convective Heat [W]  Radiative Heat [W]  Oxidation Heat [W]  Integrated Heat [J] VisibilityFactor [-]
#-------------------------------------------------------------------------------------------------------------------------------------------------------------------
  2551.100          87.789    300.000      22.200       7.024            97449.640               0.000               0.000                0.000   1.00000 
  2551.200          87.783    300.498      22.200       7.024            97493.255               0.000               0.000             9749.325   1.00000 
  2551.650          87.757    302.743      22.200       7.024            97695.990               0.000               0.000            53712.521   1.00000 
  2552.650          87.696    307.750      22.200       7.024            98162.237               0.000               0.000           151874.758   1.00000 
  2553.650          87.636    312.771      22.200       7.024            98665.268               0.000               0.000           250540.026   1.00000 
  2554.650          87.576    317.805      22.200       7.024            99170.777               0.000               0.000           349710.803   1.00000 
  2555.650          87.516    322.853      22.200       7.024            99678.792               0.000               0.000           449389.596   1.00000 
  2556.650          87.455    327.914      22.200       7.024           100189.342               0.000               0.000           549578.937   1.00000 
  2557.650          87.394    332.989      22.200       7.024           100702.457               0.000               0.000           650281.394   1.00000 
  2558.650          87.333    338.077      22.200       7.024           101218.165               0.000               0.000           751499.559   1.00000 
  2559.650          87.272    343.179      22.200       7.024           101736.499               0.000               0.000           853236.058   1.00000 
  2560.650          87.211    348.294      22.200       7.024           102257.490               0.000               0.000           955493.548   1.00000 
  2561.650          87.149    353.423      22.200       7.024           102781.168               0.000               0.000          1058274.716   1.00000 
  2562.650          87.088    358.565      22.200       7.024           103307.567               0.000               0.000          1161582.283   1.00000 
  2563.650          87.026    363.717      22.200       7.024           103836.719               0.000               0.000          1265419.002   1.00000 
  2564.650          86.964    368.880      22.200       7.024           104368.657               0.000               0.000          1369787.659   1.00000 
  2565.650          86.902    374.054      22.200       7.024           104903.416               0.000               0.000          1474691.075   1.00000 
  2566.650          86.840    379.237      22.200       7.024           105441.031               0.000               0.000          1580132.106   1.00000 
  2567.650          86.777    384.428      22.200       7.024           105981.536               0.000               0.000          1686113.642   1.00000 
  2568.650          86.715    389.627      22.200       7.024           106524.968               0.000               0.000          1792638.610   1.00000 
  2569.650          86.652    394.833      22.200       7.024           107071.363               0.000               0.000          1899709.973   1.00000 
  2570.650          86.589    400.046      22.200       7.024           107620.759               0.000               0.000          2007330.731   1.00000 
  2571.650          86.526    405.265      22.200       7.024           108173.192               0.000               0.000          2115503.924   1.00000 
  2572.650          86.462    410.490      22.200       7.024           108728.703               0.000               0.000          2224232.627   1.00000 
  2573.650          86.399    415.721      22.200       7.024           109287.331               0.000               0.000          2333519.958   1.00000 
  2574.650          86.335    420.960      22.200       7.024           109849.116               0.000               0.000          2443369.074   1.00000 
  2575.650          86.271    426.208      22.200       7.024           110414.098               0.000               0.000          2553783.171   1.00000 
  2576.650          86.207    431.464      22.200       7.024           110982.319               0.000               0.000          2664765.490   1.00000 
  2577.650          86.142    436.730      22.200       7.024           111553.821               0.000               0.000          2776319.311   1.00000 
  2578.650          86.078    441.998      22.200       7.024           112128.648               0.000               0.000          2888447.959   1.00000 
  2579.650          86.013    447.264      22.200       7.024           112706.845               0.000               0.000          3001154.804   1.00000 
  2580.650          85.948    452.530      22.200       7.024           113288.454               0.000               0.000          3114443.258   1.00000 
  2581.650          85.883    457.795      22.200       7.024           113873.523               0.000               0.000          3228316.781   1.00000 
  2582.650          85.817    463.034      22.200       7.024           114462.099               0.000               0.000          3342778.880   1.00000 
  2583.650          85.752    468.246      22.200       7.024           115054.227               0.000               0.000          3457833.107   1.00000 
  2584.650          85.686    473.432      22.200       7.024           115649.958               0.000               0.000          3573483.065   1.00000 
  2585.650          85.620    478.590      22.200       7.024           116249.340               0.000               0.000          3689732.405   1.00000 
  2586.650          85.554    483.686      22.200       7.024           116852.424               0.000               0.000          3806584.829   1.00000 
  2587.650          85.487    488.723      22.200       7.024           117459.260               0.000               0.000          3924044.089   1.00000 
  2588.650          85.420    493.704      22.200       7.024           118069.902               0.000               0.000          4042113.991   1.00000 
  2589.650          85.353    498.636      22.200       7.024           118684.402               0.000               0.000          4160798.392   1.00000 
  2590.650          85.286    503.549      22.200       7.024           119302.815               0.000               0.000          4280101.207   1.00000 
  2591.650          85.219    508.442      22.200       7.024           119925.196               0.000               0.000          4400026.404   1.00000 
  2592.650          85.151    513.318      22.200       7.024           120551.603               0.000               0.000          4520578.006   1.00000 
  2593.650          85.083    518.179      22.200       7.024           121182.092               0.000               0.000          4641760.098   1.00000 
  2594.650          85.015    523.087      22.200       7.024           121816.722               0.000               0.000          4763576.820   1.00000 
  2595.650          84.947    528.043      22.200       7.024           122455.554               0.000               0.000          4886032.374   1.00000 
  2596.650          84.878    533.046      22.200       7.024           123098.653               0.000               0.000          5009131.027   1.00000 
  2597.650          84.809    538.099      22.200       7.024           123746.089               0.000               0.000          5132877.116   1.00000 
  2598.650          84.740    543.218      22.200       7.024           124397.931               0.000               0.000          5257275.047   1.00000 
  2599.650          84.671    548.403      22.200       7.024           125054.252               0.000               0.000          5382329.299   1.00000 
  2600.650          84.601    553.658      22.200       7.024           125715.127               0.000               0.000          5508044.426   1.00000 
  2601.650          84.531    558.978      22.200       7.024           126380.630               0.000               0.000          5634425.056   1.00000 
  2602.650          84.461    564.332      22.200       7.024           127050.839               0.000               0.000          5761475.895   1.00000 
  2603.650          84.390    569.721      22.200       7.024           127725.834               0.000               0.000          5889201.729   1.00000 
  2604.650          84.320    575.145      22.200       7.024           128405.694               0.000               0.000          6017607.423   1.00000 
  2605.650          84.249    580.578      22.200       7.024           129090.504               0.000               0.000          6146697.927   1.00000 
  2606.650          84.177    585.985      22.200       7.024           129780.347               0.000               0.000          6276478.274   1.00000 
  2607.650          84.106    591.366      22.200       7.024           130475.309               0.000               0.000          6406953.583   1.00000 
  2608.650          84.034    596.721      22.200       7.024           131175.481               0.000               0.000          6538129.064   1.00000 
  2609.650          83.962    602.048      22.200       7.024           131880.952               0.000               0.000          6670010.016   1.00000 
  2610.650          83.889    607.347      22.200       7.024           132591.815               0.000               0.000          6802601.832   1.00000 
  2611.650          83.816    612.617      22.200       7.024           133308.166               0.000               0.000          6935909.997   1.00000 
  2612.650          83.743    617.861      22.200       7.024           134030.100               0.000               0.000          7069940.097   1.00000 
  2613.650          83.670    623.081      22.200       7.024           134757.718               0.000               0.000          7204697.815   1.00000 
  2614.650          83.596    628.278      22.200       7.024           135491.122               0.000               0.000          7340188.937   1.00000 
  2615.650          83.522    633.453      22.200       7.024           136230.415               0.000               0.000          7476419.352   1.00000 
  2616.650          83.448    638.607      22.200       7.024           136975.706               0.000               0.000          7613395.058   1.00000 
  2617.650          83.374    643.739      22.200       7.024           137727.101               0.000               0.000          7751122.159   1.00000 
  2618.650          83.299    648.852      22.200       7.024           138484.701               0.000               0.000          7889606.860   1.00000 
  2619.650          83.223    653.945      22.200       7.024           139248.587               0.000               0.000          8028855.447   1.00000 
  2620.650          83.148    659.020      22.200       7.024           140018.843               0.000               0.000          8168874.290   1.00000 
  2621.650          83.072    664.081      22.200       7.024           140795.553               0.000               0.000          8309669.843   1.00000 
  2622.650          82.996    669.129      22.200       7.024           141578.800               0.000               0.000          8451248.643   1.00000 
  2623.650          82.919    674.163      22.200       7.024           142368.674               0.000               0.000          8593617.317   1.00000 
  2624.650          82.842    679.187      22.200       7.024           143165.261               0.000               0.000          8736782.578   1.00000 
  2625.650          82.765    684.208      22.200       7.024           143968.648               0.000               0.000          8880751.226   1.00000 
  2626.650          82.687    689.225      22.200       7.024           144778.926               0.000               0.000          9025530.153   1.00000 
  2627.650          82.609    694.240      22.200       7.024           145596.187               0.000               0.000          9171126.340   1.00000 
  2628.650          82.531    699.259      22.200       7.024           146420.521               0.000               0.000          9317546.861   1.00000 
  2629.650          82.453    704.303      22.200       7.024           147252.022               0.000               0.000          9464798.883   1.00000 
  2630.650          82.373    709.373      22.200       7.024           148090.786               0.000               0.000          9612889.670   1.00000 
  2631.650          82.294    714.468      22.200       7.024           148936.907               0.000               0.000          9761826.576   1.00000 
  2632.650          82.214    719.635      22.200       7.024           149790.482               0.000               0.000          9911617.059   1.00000 
  2633.650          82.134    724.998      22.200       7.024           150651.611               0.000               0.000         10062268.670   1.00000 
  2634.650          82.054    730.578      22.200       7.024           151520.390               0.000               0.000         10213789.059   1.00000 
  2635.650          81.973    736.399      22.200       7.024           152396.923               0.000               0.000         10366185.982   1.00000 
  2636.650          81.891    742.376      22.200       7.024           153281.310               0.000               0.000         10519467.293   1.00000 
  2637.650          81.810    748.434      22.200       7.024           154173.653               0.000               0.000         10673640.945   1.00000 
  2638.650          81.727    754.575      22.200       7.024           155074.057               0.000               0.000         10828715.003   1.00000 
  2639.650          81.645    760.785      22.200       7.024           155982.629               0.000               0.000         10984697.632   1.00000 
  2640.650          81.562    767.022      22.200       7.024           156899.475               0.000               0.000         11141597.107   1.00000 
  2641.650          81.479    773.286      22.200       7.024           157824.702               0.000               0.000         11299421.809   1.00000 
  2642.650          81.395    779.575      22.200       7.024           158758.418               0.000               0.000         11458180.227   1.00000 
  2643.650          81.311    785.877      22.200       7.024           159700.736               0.000               0.000         11617880.963   1.00000 
  2644.650          81.226    792.190      22.200       7.024           160651.765               0.000               0.000         11778532.728   1.00000 
  2645.650          81.141    798.515      22.200       7.024           161611.621               0.000               0.000         11940144.349   1.00000 
  2646.650          81.055    804.850      22.200       7.024           162580.414               0.000               0.000         12102724.762   1.00000 
  2647.650          80.969    811.195      22.200       7.024           163558.264               0.000               0.000         12266283.026   1.00000 
  2648.650          80.883    817.551      22.200       7.024           164545.282               0.000               0.000         12430828.308   1.00000 
  2649.650          80.796    823.916      22.200       7.024           165541.588               0.000               0.000         12596369.896   1.00000 
  2650.650          80.709    830.288      22.200       7.024           166547.302               0.000               0.000         12762917.198   1.00000 
  2651.650          80.621    836.669      22.200       7.024           167562.541               0.000               0.000         12930479.739   1.00000 
  2652.650          80.533    843.024      22.200       7.024           168587.429               0.000               0.000         13099067.168   1.00000 
  2653.650          80.444    849.329      22.200       7.024           169622.084               0.000               0.000         13268689.252   1.00000 
  2654.650          80.355    850.000      21.850       6.909           170666.634               0.000               0.000         13439355.886   1.00000 
  2655.650          80.265    850.000      21.455       6.780           171719.691               0.000               0.000         13611075.577   1.00000 
  2656.650          80.175    850.000      21.057       6.650           172780.859               0.000               0.000         13783856.436   1.00000 
  2657.650          80.084    850.000      20.657       6.520           173850.086               0.000               0.000         13957706.522   1.00000 
  2658.650          79.993    850.000      20.254       6.388           174927.336               0.000               0.000         14132633.858   1.00000 
  2659.650          79.902    850.000      19.848       6.257           176012.563               0.000               0.000         14308646.422   1.00000 
  2660.650          79.809    850.000      19.439       6.124           177105.725               0.000               0.000         14485752.146   1.00000 
  2661.650          79.717    850.000      19.028       5.991           178206.768               0.000               0.000         14663958.914   1.00000 
  2662.650          79.623    850.000      18.614       5.857           179315.630               0.000               0.000         14843274.544   1.00000 
  2663.650          79.530    850.000      18.197       5.722           180432.238               0.000               0.000         15023706.782   1.00000 
  2664.650          79.435    850.000      17.778       5.586           181556.510               0.000               0.000         15205263.292   1.00000 
  2665.650          79.340    850.000      17.355       5.450           182688.343               0.000               0.000         15387951.635   1.00000 
  2666.650          79.245    850.000      16.930       5.313           183827.632               0.000               0.000         15571779.267   1.00000 
  2667.650          79.149    850.000      16.502       5.175           184974.244               0.000               0.000         15756753.511   1.00000 
  2668.650          79.053    850.000      16.071       5.037           186128.036               0.000               0.000         15942881.547   1.00000 
  2669.650          78.955    850.000      15.637       4.898           187288.853               0.000               0.000         16130170.400   1.00000 
  2670.650          78.858    850.000      15.200       4.758           188456.506               0.000               0.000         16318626.906   1.00000 
  2671.650          78.760    850.000      14.760       4.617           189630.802               0.000               0.000         16508257.709   1.00000 
  2672.650          78.661    850.000      14.317       4.475           190811.515               0.000               0.000         16699069.224   1.00000 
  2673.650          78.561    850.000      13.872       4.333           191998.398               0.000               0.000         16891067.621   1.00000 
  2674.650          78.461    850.000      13.423       4.190           193191.180               0.000               0.000         17084258.802   1.00000 
  2675.650          78.360    850.000      12.971       4.046           194389.556               0.000               0.000         17278648.358   1.00000 
  2676.650          78.259    850.000      12.517       3.902           195593.201               0.000               0.000         17474241.559   1.00000 
  2677.650          78.157    850.000      12.059       3.757           196801.743               0.000               0.000         17671043.302   1.00000 
  2678.650          78.055    850.000      11.598       3.611           198014.790               0.000               0.000         17869058.092   1.00000 
  2679.650          77.951    850.000      11.134       3.464           199231.898               0.000               0.000         18068289.990   1.00000 
  2680.650          77.847    850.000      10.667       3.316           200452.587               0.000               0.000         18268742.577   1.00000 
  2681.650          77.743    850.000      10.198       3.168           201676.335               0.000               0.000         18470418.913   1.00000 
  2682.650          77.637    850.000       9.725       3.019           202902.562               0.000               0.000         18673321.475   1.00000 
  2683.650          77.532    850.000       9.248       2.869           204130.647               0.000               0.000         18877452.122   1.00000 
  2684.650          77.425    850.000       8.769       2.718           205359.899               0.000               0.000         19082812.021   1.00000 
  2685.650          77.318    850.000       8.287       2.567           206589.570               0.000               0.000         19289401.591   1.00000 
  2686.650          77.209    850.000       7.802       2.415           207818.843               0.000               0.000         19497220.434   1.00000 
  2687.650          77.101    850.000       7.314       2.262           209046.825               0.000               0.000         19706267.259   1.00000 
  2688.650          76.991    850.000       6.822       2.109           210272.545               0.000               0.000         19916539.804   1.00000 
  2689.650          76.881    850.000       6.328       1.955           211494.940               0.000               0.000         20128034.743   1.00000 
  2690.650          76.770    850.000       5.830       1.800           212712.857               0.000               0.000         20340747.601   1.00000 
  2691.650          76.658    850.000       5.330       1.644           213925.027               0.000               0.000         20554672.628   1.00000 
  2692.650          76.545    850.000       4.826       1.487           215130.081               0.000               0.000         20769802.709   1.00000 
  2693.650          76.432    850.000       4.320       1.330           216326.510               0.000               0.000         20986129.220   1.00000 
  2694.650          76.317    850.000       3.810       1.173           217512.682               0.000               0.000         21203641.902   1.00000 
  2695.650          76.202    850.000       3.298       1.014           218686.801               0.000               0.000         21422328.703   1.00000 
  2696.650          76.086    850.000       2.782       0.855           219846.916               0.000               0.000         21642175.619   1.00000 
  2697.650          75.970    850.000       2.264       0.695           220990.891               0.000               0.000         21863166.510   1.00000 
  2698.650          75.852    850.000       1.743       0.535           222116.396               0.000               0.000         22085282.906   1.00000 
  2699.650          75.733    850.000       1.219       0.374           223220.876               0.000               0.000         22308503.783   1.00000 
  2700.650          75.614    850.000       0.693       0.212           224301.543               0.000               0.000         22532805.325   1.00000 
  2701.650          75.494    850.000       0.164       0.050           225355.338               0.000               0.000         22758160.664   1.00000 
  2702.650          75.372    850.000       0.000       0.000           226378.913               0.000               0.000         22984539.577   1.00000 
