#_______________________________________________________________________________
#    ######   ####     ##             #####   #####     ##    #    #    ## 
#    #       #        #  #            #    #  #    #   #  #   ##  ##   #  #
#    #####    ####   ######           #    #  #####   ######  # ## #  ######
#    #            #  #    #           #    #  #    #  #    #  #    #  #    #
#____######__#####___#____#___________#####___#____#__#____#__#____#__#____#____
#
#              ESA Debris Risk Assessment and Mitigation Analysis
#
#                      ---- DRAMA ( SESAM 2.1.5 ) ----
#                                      ESA 2018
#
#                              aerothermal history file
#-------------------------------------------------------------------------------
# Filename      : sara.BEG2.4c87b281-88d9-47ea-ba35-3c43a092e79b_AeroThermalHistory.txt
# RunID         : sara
# ObjectID      : 4c87b281-88d9-47ea-ba35-3c43a092e79b
# ObjectName    : BEG2
# ReferenceArea : 0.00729 [m^2]
# Content       : This file contains the aerothermal data of the object,
#                 computed by the DRAMA 3 Re-entry Analysis.
# Documentation : DRAMA Software User Manual, section OPERATIONS MANUAL / Normal operation / SARA / SARA Simulation Output / Re-entry simulation output
# Note          : The convective heat and the integrated heat values in this file take into account the visibility factor
#
#-------------------------------------------------------------------------------------------------------------------------------------------------------------------
#  Time [s]  Altitude [km]   Temp [K]   Mass [kg]   Thick [mm]  Convective Heat [W]  Radiative Heat [W]  Oxidation Heat [W]  Integrated Heat [J] VisibilityFactor [-]
#-------------------------------------------------------------------------------------------------------------------------------------------------------------------
  2354.100          89.986    300.000       1.430       7.362             8126.829               0.000               0.000                0.000   1.00000 
  2354.200          89.980    300.645       1.430       7.362             8133.196               0.000               0.000              813.320   1.00000 
  2354.650          89.954    303.558       1.430       7.362             8162.812               0.000               0.000             4486.585   1.00000 
  2355.650          89.895    310.076       1.430       7.362             8231.028               0.000               0.000            12717.612   1.00000 
  2356.650          89.836    316.631       1.430       7.362             8304.786               0.000               0.000            21022.399   1.00000 
  2357.650          89.777    323.225       1.430       7.362             8379.077               0.000               0.000            29401.475   1.00000 
  2358.650          89.718    329.857       1.430       7.362             8453.900               0.000               0.000            37855.375   1.00000 
  2359.650          89.659    336.527       1.430       7.362             8529.264               0.000               0.000            46384.639   1.00000 
  2360.650          89.600    343.235       1.430       7.362             8605.175               0.000               0.000            54989.815   1.00000 
  2361.650          89.540    349.981       1.430       7.362             8681.636               0.000               0.000            63671.451   1.00000 
  2362.650          89.481    356.765       1.430       7.362             8758.653               0.000               0.000            72430.104   1.00000 
  2363.650          89.421    363.584       1.430       7.362             8836.230               0.000               0.000            81266.335   1.00000 
  2364.650          89.361    370.436       1.430       7.362             8914.374               0.000               0.000            90180.708   1.00000 
  2365.650          89.301    377.321       1.430       7.362             8993.087               0.000               0.000            99173.796   1.00000 
  2366.650          89.240    384.235       1.430       7.362             9072.377               0.000               0.000           108246.172   1.00000 
  2367.650          89.180    391.177       1.430       7.362             9152.242               0.000               0.000           117398.414   1.00000 
  2368.650          89.119    398.147       1.430       7.362             9232.673               0.000               0.000           126631.087   1.00000 
  2369.650          89.059    405.141       1.430       7.362             9313.723               0.000               0.000           135944.810   1.00000 
  2370.650          88.998    412.160       1.430       7.362             9395.392               0.000               0.000           145340.202   1.00000 
  2371.650          88.936    419.204       1.430       7.362             9477.640               0.000               0.000           154817.842   1.00000 
  2372.650          88.875    426.276       1.430       7.362             9560.492               0.000               0.000           164378.334   1.00000 
  2373.650          88.814    433.379       1.430       7.362             9643.956               0.000               0.000           174022.290   1.00000 
  2374.650          88.752    440.510       1.430       7.362             9728.037               0.000               0.000           183750.327   1.00000 
  2375.650          88.690    447.652       1.430       7.362             9812.740               0.000               0.000           193563.068   1.00000 
  2376.650          88.628    454.806       1.430       7.362             9898.071               0.000               0.000           203461.138   1.00000 
  2377.650          88.566    461.957       1.430       7.362             9984.034               0.000               0.000           213445.172   1.00000 
  2378.650          88.504    469.071       1.430       7.362            10070.635               0.000               0.000           223515.807   1.00000 
  2379.650          88.441    476.148       1.430       7.362            10157.878               0.000               0.000           233673.685   1.00000 
  2380.650          88.378    483.159       1.430       7.362            10245.771               0.000               0.000           243919.456   1.00000 
  2381.650          88.316    490.069       1.430       7.362            10334.316               0.000               0.000           254253.772   1.00000 
  2382.650          88.252    496.886       1.430       7.362            10423.519               0.000               0.000           264677.291   1.00000 
  2383.650          88.189    503.649       1.430       7.362            10513.388               0.000               0.000           275190.680   1.00000 
  2384.650          88.125    510.386       1.430       7.362            10603.924               0.000               0.000           285794.604   1.00000 
  2385.650          88.062    517.099       1.430       7.362            10695.136               0.000               0.000           296489.739   1.00000 
  2386.650          87.998    523.864       1.430       7.362            10787.028               0.000               0.000           307276.767   1.00000 
  2387.650          87.933    530.729       1.430       7.362            10879.603               0.000               0.000           318156.370   1.00000 
  2388.650          87.869    537.697       1.430       7.362            10972.870               0.000               0.000           329129.240   1.00000 
  2389.650          87.804    544.791       1.430       7.362            11066.833               0.000               0.000           340196.073   1.00000 
  2390.650          87.740    552.024       1.430       7.362            11161.497               0.000               0.000           351357.570   1.00000 
  2391.650          87.674    559.403       1.430       7.362            11256.870               0.000               0.000           362614.439   1.00000 
  2392.650          87.609    566.867       1.430       7.362            11352.955               0.000               0.000           373967.394   1.00000 
  2393.650          87.543    574.408       1.430       7.362            11449.758               0.000               0.000           385417.152   1.00000 
  2394.650          87.478    582.004       1.430       7.362            11547.289               0.000               0.000           396964.442   1.00000 
  2395.650          87.412    589.558       1.430       7.362            11645.550               0.000               0.000           408609.991   1.00000 
  2396.650          87.345    597.070       1.430       7.362            11744.548               0.000               0.000           420354.540   1.00000 
  2397.650          87.279    604.538       1.430       7.362            11844.294               0.000               0.000           432198.833   1.00000 
  2398.650          87.212    611.959       1.430       7.362            11944.789               0.000               0.000           444143.622   1.00000 
  2399.650          87.145    619.334       1.430       7.362            12046.043               0.000               0.000           456189.665   1.00000 
  2400.650          87.078    626.670       1.430       7.362            12148.066               0.000               0.000           468337.730   1.00000 
  2401.650          87.010    633.970       1.430       7.362            12250.862               0.000               0.000           480588.592   1.00000 
  2402.650          86.942    641.235       1.430       7.362            12354.441               0.000               0.000           492943.033   1.00000 
  2403.650          86.874    648.466       1.430       7.362            12458.814               0.000               0.000           505401.847   1.00000 
  2404.650          86.806    655.665       1.430       7.362            12563.987               0.000               0.000           517965.834   1.00000 
  2405.650          86.737    662.836       1.430       7.362            12669.974               0.000               0.000           530635.808   1.00000 
  2406.650          86.668    669.986       1.430       7.362            12776.783               0.000               0.000           543412.591   1.00000 
  2407.650          86.599    677.116       1.430       7.362            12884.424               0.000               0.000           556297.015   1.00000 
  2408.650          86.529    684.237       1.430       7.362            12992.918               0.000               0.000           569289.934   1.00000 
  2409.650          86.459    691.357       1.430       7.362            13102.270               0.000               0.000           582392.204   1.00000 
  2410.650          86.389    698.477       1.430       7.362            13212.489               0.000               0.000           595604.693   1.00000 
  2411.650          86.319    705.641       1.430       7.362            13323.613               0.000               0.000           608928.306   1.00000 
  2412.650          86.248    712.860       1.430       7.362            13435.641               0.000               0.000           622363.947   1.00000 
  2413.650          86.177    720.137       1.430       7.362            13548.584               0.000               0.000           635912.531   1.00000 
  2414.650          86.106    727.803       1.430       7.362            13662.479               0.000               0.000           649575.011   1.00000 
  2415.650          86.034    735.925       1.430       7.362            13777.354               0.000               0.000           663352.365   1.00000 
  2416.650          85.962    744.438       1.430       7.362            13889.664               0.000               0.000           677242.029   1.00000 
  2417.650          85.890    753.115       1.430       7.362            13997.652               0.000               0.000           691239.681   1.00000 
  2418.650          85.817    761.961       1.430       7.362            14107.068               0.000               0.000           705346.749   1.00000 
  2419.650          85.744    770.861       1.430       7.362            14217.224               0.000               0.000           719563.973   1.00000 
  2420.650          85.671    779.814       1.430       7.362            14328.125               0.000               0.000           733892.098   1.00000 
  2421.650          85.597    788.798       1.430       7.362            14439.765               0.000               0.000           748331.863   1.00000 
  2422.650          85.523    797.805       1.430       7.362            14552.136               0.000               0.000           762883.999   1.00000 
  2423.650          85.449    806.832       1.430       7.362            14665.244               0.000               0.000           777549.243   1.00000 
  2424.650          85.374    815.879       1.430       7.362            14779.108               0.000               0.000           792328.351   1.00000 
  2425.650          85.299    824.943       1.430       7.362            14893.756               0.000               0.000           807222.107   1.00000 
  2426.650          85.224    834.022       1.430       7.362            15009.137               0.000               0.000           822231.244   1.00000 
  2427.650          85.148    843.101       1.430       7.362            15125.295               0.000               0.000           837356.539   1.00000 
  2428.650          85.072    850.000       1.422       7.312            15242.236               0.000               0.000           852598.774   1.00000 
  2429.650          84.995    850.000       1.386       7.098            15359.912               0.000               0.000           867958.686   1.00000 
  2430.650          84.919    850.000       1.349       6.883            15478.144               0.000               0.000           883436.829   1.00000 
  2431.650          84.841    850.000       1.313       6.669            15596.931               0.000               0.000           899033.760   1.00000 
  2432.650          84.764    850.000       1.276       6.455            15716.257               0.000               0.000           914750.017   1.00000 
  2433.650          84.686    850.000       1.238       6.241            15836.107               0.000               0.000           930586.124   1.00000 
  2434.650          84.607    850.000       1.201       6.027            15956.450               0.000               0.000           946542.574   1.00000 
  2435.650          84.528    850.000       1.163       5.814            16077.231               0.000               0.000           962619.805   1.00000 
  2436.650          84.449    850.000       1.125       5.600            16198.474               0.000               0.000           978818.279   1.00000 
  2437.650          84.370    850.000       1.086       5.387            16320.163               0.000               0.000           995138.442   1.00000 
  2438.650          84.289    850.000       1.048       5.174            16442.261               0.000               0.000          1011580.704   1.00000 
  2439.650          84.209    850.000       1.009       4.961            16564.703               0.000               0.000          1028145.407   1.00000 
  2440.650          84.128    850.000       0.969       4.748            16687.516               0.000               0.000          1044832.923   1.00000 
  2441.650          84.047    850.000       0.930       4.536            16810.613               0.000               0.000          1061643.535   1.00000 
  2442.650          83.965    850.000       0.890       4.323            16933.959               0.000               0.000          1078577.495   1.00000 
  2443.650          83.883    850.000       0.849       4.111            17057.559               0.000               0.000          1095635.053   1.00000 
  2444.650          83.800    850.000       0.809       3.899            17181.320               0.000               0.000          1112816.374   1.00000 
  2445.650          83.717    850.000       0.768       3.687            17305.200               0.000               0.000          1130121.573   1.00000 
  2446.650          83.634    850.000       0.726       3.475            17429.152               0.000               0.000          1147550.726   1.00000 
  2447.650          83.550    850.000       0.685       3.264            17553.109               0.000               0.000          1165103.834   1.00000 
  2448.650          83.465    850.000       0.643       3.052            17677.004               0.000               0.000          1182780.839   1.00000 
  2449.650          83.380    850.000       0.601       2.841            17800.777               0.000               0.000          1200581.615   1.00000 
  2450.650          83.295    850.000       0.558       2.630            17924.304               0.000               0.000          1218505.919   1.00000 
  2451.650          83.209    850.000       0.516       2.419            18047.493               0.000               0.000          1236553.412   1.00000 
  2452.650          83.122    850.000       0.473       2.208            18170.248               0.000               0.000          1254723.660   1.00000 
  2453.650          83.036    850.000       0.429       1.998            18292.462               0.000               0.000          1273016.122   1.00000 
  2454.650          82.948    850.000       0.385       1.787            18413.995               0.000               0.000          1291430.117   1.00000 
  2455.650          82.860    850.000       0.341       1.577            18534.695               0.000               0.000          1309964.812   1.00000 
  2456.650          82.772    850.000       0.297       1.367            18654.395               0.000               0.000          1328619.207   1.00000 
  2457.650          82.683    850.000       0.253       1.158            18772.850               0.000               0.000          1347392.057   1.00000 
  2458.650          82.593    850.000       0.208       0.948            18889.897               0.000               0.000          1366281.954   1.00000 
  2459.650          82.503    850.000       0.162       0.739            19005.255               0.000               0.000          1385287.209   1.00000 
  2460.650          82.412    850.000       0.117       0.530            19118.641               0.000               0.000          1404405.850   1.00000 
  2461.650          82.321    850.000       0.071       0.322            19229.719               0.000               0.000          1423635.569   1.00000 
  2462.650          82.229    850.000       0.025       0.114            19338.094               0.000               0.000          1442973.663   1.00000 
  2463.650          82.137    850.000       0.000       0.000            19443.308               0.000               0.000          1462416.971   1.00000 
