#_______________________________________________________________________________
#    ######   ####     ##             #####   #####     ##    #    #    ## 
#    #       #        #  #            #    #  #    #   #  #   ##  ##   #  #
#    #####    ####   ######           #    #  #####   ######  # ## #  ######
#    #            #  #    #           #    #  #    #  #    #  #    #  #    #
#____######__#####___#____#___________#####___#____#__#____#__#____#__#____#____
#
#              ESA Debris Risk Assessment and Mitigation Analysis
#
#                      ---- DRAMA ( SESAM 2.1.5 ) ----
#                                      ESA 2018
#
#                              aerothermal history file
#-------------------------------------------------------------------------------
# Filename      : sara.FMU2.d48a1d8d-51ba-40f2-b422-84fe47391013_AeroThermalHistory.txt
# RunID         : sara
# ObjectID      : d48a1d8d-51ba-40f2-b422-84fe47391013
# ObjectName    : FMU2
# ReferenceArea : 0.027462 [m^2]
# Content       : This file contains the aerothermal data of the object,
#                 computed by the DRAMA 3 Re-entry Analysis.
# Documentation : DRAMA Software User Manual, section OPERATIONS MANUAL / Normal operation / SARA / SARA Simulation Output / Re-entry simulation output
# Note          : The convective heat and the integrated heat values in this file take into account the visibility factor
#
#-------------------------------------------------------------------------------------------------------------------------------------------------------------------
#  Time [s]  Altitude [km]   Temp [K]   Mass [kg]   Thick [mm]  Convective Heat [W]  Radiative Heat [W]  Oxidation Heat [W]  Integrated Heat [J] VisibilityFactor [-]
#-------------------------------------------------------------------------------------------------------------------------------------------------------------------
  2545.200          74.831    300.000       2.750       6.137            59251.174               0.000               0.000                0.000   1.00000 
  2545.300          74.820    302.447       2.750       6.137            59262.223               0.000               0.000             5926.222   1.00000 
  2545.750          74.768    313.456       2.750       6.137            59313.078               0.000               0.000            32617.107   1.00000 
  2546.750          74.652    337.842       2.750       6.137            59427.259               0.000               0.000            92044.367   1.00000 
  2547.750          74.535    362.007       2.750       6.137            59546.207               0.000               0.000           151590.574   1.00000 
  2548.750          74.418    385.929       2.750       6.137            59661.341               0.000               0.000           211251.915   1.00000 
  2549.750          74.300    409.542       2.750       6.137            59772.654               0.000               0.000           271024.569   1.00000 
  2550.750          74.182    432.807       2.750       6.137            59880.127               0.000               0.000           330904.696   1.00000 
  2551.750          74.063    455.779       2.750       6.137            59983.706               0.000               0.000           390888.402   1.00000 
  2552.750          73.943    478.226       2.750       6.137            60083.431               0.000               0.000           450971.833   1.00000 
  2553.750          73.822    499.614       2.750       6.137            60179.284               0.000               0.000           511151.117   1.00000 
  2554.750          73.700    519.806       2.750       6.137            60271.246               0.000               0.000           571422.362   1.00000 
  2555.750          73.578    539.684       2.750       6.137            60359.269               0.000               0.000           631781.632   1.00000 
  2556.750          73.455    560.061       2.750       6.137            60443.292               0.000               0.000           692224.924   1.00000 
  2557.750          73.331    580.949       2.750       6.137            60523.338               0.000               0.000           752748.262   1.00000 
  2558.750          73.206    601.641       2.750       6.137            60599.373               0.000               0.000           813347.634   1.00000 
  2559.750          73.080    621.580       2.750       6.137            60671.340               0.000               0.000           874018.974   1.00000 
  2560.750          72.953    640.817       2.750       6.137            60739.129               0.000               0.000           934758.103   1.00000 
  2561.750          72.825    659.435       2.750       6.137            60802.768               0.000               0.000           995560.871   1.00000 
  2562.750          72.696    677.508       2.750       6.137            60862.204               0.000               0.000          1056423.075   1.00000 
  2563.750          72.566    695.140       2.750       6.137            60917.309               0.000               0.000          1117340.384   1.00000 
  2564.750          72.435    712.483       2.750       6.137            60968.036               0.000               0.000          1178308.420   1.00000 
  2565.750          72.302    729.836       2.750       6.137            61014.365               0.000               0.000          1239322.784   1.00000 
  2566.750          72.169    749.179       2.750       6.137            61056.135               0.000               0.000          1300378.919   1.00000 
  2567.750          72.034    769.414       2.750       6.137            61093.268               0.000               0.000          1361472.187   1.00000 
  2568.750          71.898    789.732       2.750       6.137            61125.767               0.000               0.000          1422597.954   1.00000 
  2569.750          71.760    809.882       2.750       6.137            61150.656               0.000               0.000          1483748.610   1.00000 
  2570.750          71.622    829.820       2.750       6.137            61157.927               0.000               0.000          1544906.537   1.00000 
  2571.750          71.482    849.529       2.750       6.137            61160.106               0.000               0.000          1606066.643   1.00000 
  2572.750          71.340    850.000       2.606       5.790            61156.882               0.000               0.000          1667223.525   1.00000 
  2573.750          71.197    850.000       2.458       5.439            61117.418               0.000               0.000          1728340.943   1.00000 
  2574.750          71.053    850.000       2.311       5.091            61031.446               0.000               0.000          1789372.389   1.00000 
  2575.750          70.907    850.000       2.163       4.747            60892.509               0.000               0.000          1850264.898   1.00000 
  2576.750          70.760    850.000       2.017       4.407            60693.095               0.000               0.000          1910957.994   1.00000 
  2577.750          70.612    850.000       1.871       4.071            60424.396               0.000               0.000          1971382.390   1.00000 
  2578.750          70.462    850.000       1.726       3.740            60076.057               0.000               0.000          2031458.447   1.00000 
  2579.750          70.310    850.000       1.582       3.415            59635.654               0.000               0.000          2091094.101   1.00000 
  2580.750          70.157    850.000       1.439       3.095            59088.330               0.000               0.000          2150182.431   1.00000 
  2581.750          70.003    850.000       1.298       2.781            58415.958               0.000               0.000          2208598.390   1.00000 
  2582.750          69.847    850.000       1.159       2.474            57596.257               0.000               0.000          2266194.647   1.00000 
  2583.750          69.690    850.000       1.022       2.175            56601.519               0.000               0.000          2322796.166   1.00000 
  2584.750          69.532    850.000       0.889       1.885            55396.463               0.000               0.000          2378192.629   1.00000 
  2585.750          69.373    850.000       0.759       1.604            53935.896               0.000               0.000          2432128.525   1.00000 
  2586.750          69.213    850.000       0.634       1.335            52159.937               0.000               0.000          2484288.462   1.00000 
  2587.750          69.052    850.000       0.514       1.079            49988.076               0.000               0.000          2534276.539   1.00000 
  2588.750          68.891    850.000       0.401       0.839            47308.256               0.000               0.000          2581584.795   1.00000 
  2589.750          68.730    850.000       0.296       0.618            43959.459               0.000               0.000          2625544.254   1.00000 
  2590.750          68.571    850.000       0.202       0.420            39702.078               0.000               0.000          2665246.332   1.00000 
  2591.750          68.414    850.000       0.121       0.252            34167.919               0.000               0.000          2699414.251   1.00000 
  2592.750          68.263    850.000       0.059       0.123            26801.682               0.000               0.000          2726215.933   1.00000 
  2593.371          68.174    850.000       0.032       0.066            19857.980               0.000               0.000          2738548.049   1.00000 
  2593.738          68.126    850.000       0.020       0.042            14544.546               0.000               0.000          2743885.251   1.00000 
  2594.048          68.089    850.000       0.014       0.029            10078.950               0.000               0.000          2747010.179   1.00000 
  2594.327          68.059    850.000       0.011       0.022             6594.118               0.000               0.000          2748849.959   1.00000 
  2594.614          68.031    850.000       0.009       0.019             4043.533               0.000               0.000          2750008.376   1.00000 
  2594.900          68.007    850.000       0.009       0.019             2471.396               0.000               0.000          2750716.398   1.00000 
  2595.203          67.985    835.976       0.009       0.019             1548.332               0.000               0.000          2751185.957   1.00000 
