#_______________________________________________________________________________
#    ######   ####     ##             #####   #####     ##    #    #    ## 
#    #       #        #  #            #    #  #    #   #  #   ##  ##   #  #
#    #####    ####   ######           #    #  #####   ######  # ## #  ######
#    #            #  #    #           #    #  #    #  #    #  #    #  #    #
#____######__#####___#____#___________#####___#____#__#____#__#____#__#____#____
#
#              ESA Debris Risk Assessment and Mitigation Analysis
#
#                      ---- DRAMA ( SESAM 2.1.5 ) ----
#                                      ESA 2018
#
#                              aerothermal history file
#-------------------------------------------------------------------------------
# Filename      : sara.Battery4-Internal.401bb612-2bc0-44d9-96ce-e323c7e90de9_AeroThermalHistory.txt
# RunID         : sara
# ObjectID      : 401bb612-2bc0-44d9-96ce-e323c7e90de9
# ObjectName    : Battery4-Internal
# ReferenceArea : 0.04293 [m^2]
# Content       : This file contains the aerothermal data of the object,
#                 computed by the DRAMA 3 Re-entry Analysis.
# Documentation : DRAMA Software User Manual, section OPERATIONS MANUAL / Normal operation / SARA / SARA Simulation Output / Re-entry simulation output
# Note          : The convective heat and the integrated heat values in this file take into account the visibility factor
#
#-------------------------------------------------------------------------------------------------------------------------------------------------------------------
#  Time [s]  Altitude [km]   Temp [K]   Mass [kg]   Thick [mm]  Convective Heat [W]  Radiative Heat [W]  Oxidation Heat [W]  Integrated Heat [J] VisibilityFactor [-]
#-------------------------------------------------------------------------------------------------------------------------------------------------------------------
  2482.650          81.079    300.000      19.130      10.406            52768.802               0.000               0.000                0.000   1.00000 
  2482.750          81.070    300.816      19.130      10.406            52797.579               0.000               0.000             5279.758   1.00000 
  2483.200          81.033    304.497      19.130      10.406            52931.432               0.000               0.000            29098.902   1.00000 
  2484.200          80.950    312.723      19.130      10.406            53239.684               0.000               0.000            82338.587   1.00000 
  2485.200          80.866    321.000      19.130      10.406            53572.913               0.000               0.000           135911.499   1.00000 
  2486.200          80.782    329.328      19.130      10.406            53908.474               0.000               0.000           189819.973   1.00000 
  2487.200          80.697    337.707      19.130      10.406            54246.377               0.000               0.000           244066.350   1.00000 
  2488.200          80.613    346.138      19.130      10.406            54586.664               0.000               0.000           298653.014   1.00000 
  2489.200          80.528    354.620      19.130      10.406            54929.402               0.000               0.000           353582.416   1.00000 
  2490.200          80.443    363.153      19.130      10.406            55274.633               0.000               0.000           408857.049   1.00000 
  2491.200          80.357    371.740      19.130      10.406            55622.398               0.000               0.000           464479.448   1.00000 
  2492.200          80.271    380.378      19.130      10.406            55972.742               0.000               0.000           520452.190   1.00000 
  2493.200          80.185    389.069      19.130      10.406            56325.709               0.000               0.000           576777.899   1.00000 
  2494.200          80.098    397.813      19.130      10.406            56681.313               0.000               0.000           633459.212   1.00000 
  2495.200          80.011    406.611      19.130      10.406            57039.582               0.000               0.000           690498.794   1.00000 
  2496.200          79.924    415.462      19.130      10.406            57400.676               0.000               0.000           747899.470   1.00000 
  2497.200          79.837    424.366      19.130      10.406            57764.581               0.000               0.000           805664.051   1.00000 
  2498.200          79.749    433.325      19.130      10.406            58131.333               0.000               0.000           863795.383   1.00000 
  2499.200          79.661    442.338      19.130      10.406            58500.998               0.000               0.000           922296.381   1.00000 
  2500.200          79.572    451.405      19.130      10.406            58873.629               0.000               0.000           981170.010   1.00000 
  2501.200          79.484    460.528      19.130      10.406            59249.278               0.000               0.000          1040419.288   1.00000 
  2502.200          79.394    469.705      19.130      10.406            59627.953               0.000               0.000          1100047.241   1.00000 
  2503.200          79.305    478.937      19.130      10.406            60009.794               0.000               0.000          1160057.035   1.00000 
  2504.200          79.215    488.225      19.130      10.406            60394.802               0.000               0.000          1220451.836   1.00000 
  2505.200          79.125    497.569      19.130      10.406            60783.051               0.000               0.000          1281234.887   1.00000 
  2506.200          79.034    506.969      19.130      10.406            61174.606               0.000               0.000          1342409.493   1.00000 
  2507.200          78.943    516.425      19.130      10.406            61569.511               0.000               0.000          1403979.004   1.00000 
  2508.200          78.852    525.937      19.130      10.406            61967.802               0.000               0.000          1465946.806   1.00000 
  2509.200          78.760    535.506      19.130      10.406            62369.513               0.000               0.000          1528316.320   1.00000 
  2510.200          78.668    545.132      19.130      10.406            62774.680               0.000               0.000          1591091.000   1.00000 
  2511.200          78.576    554.814      19.130      10.406            63183.339               0.000               0.000          1654274.339   1.00000 
  2512.200          78.483    564.554      19.130      10.406            63595.526               0.000               0.000          1717869.865   1.00000 
  2513.200          78.390    574.351      19.130      10.406            64011.270               0.000               0.000          1781881.136   1.00000 
  2514.200          78.296    584.205      19.130      10.406            64430.597               0.000               0.000          1846311.733   1.00000 
  2515.200          78.203    594.117      19.130      10.406            64853.564               0.000               0.000          1911165.296   1.00000 
  2516.200          78.108    604.087      19.130      10.406            65280.207               0.000               0.000          1976445.503   1.00000 
  2517.200          78.013    614.115      19.130      10.406            65710.565               0.000               0.000          2042156.069   1.00000 
  2518.200          77.918    624.200      19.130      10.406            66144.677               0.000               0.000          2108300.746   1.00000 
  2519.200          77.823    634.343      19.130      10.406            66582.581               0.000               0.000          2174883.326   1.00000 
  2520.200          77.727    644.544      19.130      10.406            67024.315               0.000               0.000          2241907.642   1.00000 
  2521.200          77.631    654.803      19.130      10.406            67469.920               0.000               0.000          2309377.562   1.00000 
  2522.200          77.534    665.120      19.130      10.406            67919.438               0.000               0.000          2377297.000   1.00000 
  2523.200          77.437    675.495      19.130      10.406            68372.903               0.000               0.000          2445669.903   1.00000 
  2524.200          77.339    685.928      19.130      10.406            68830.356               0.000               0.000          2514500.259   1.00000 
  2525.200          77.241    696.418      19.130      10.406            69291.843               0.000               0.000          2583792.102   1.00000 
  2526.200          77.143    706.967      19.130      10.406            69757.403               0.000               0.000          2653549.505   1.00000 
  2527.200          77.044    717.573      19.130      10.406            70227.091               0.000               0.000          2723776.596   1.00000 
  2528.200          76.945    728.236      19.130      10.406            70700.924               0.000               0.000          2794477.520   1.00000 
  2529.200          76.845    738.957      19.130      10.406            71178.932               0.000               0.000          2865656.452   1.00000 
  2530.200          76.745    749.735      19.130      10.406            71661.198               0.000               0.000          2937317.650   1.00000 
  2531.200          76.644    760.571      19.130      10.406            72147.748               0.000               0.000          3009465.397   1.00000 
  2532.200          76.543    771.462      19.130      10.406            72638.623               0.000               0.000          3082104.020   1.00000 
  2533.200          76.441    782.411      19.130      10.406            73133.867               0.000               0.000          3155237.887   1.00000 
  2534.200          76.339    793.415      19.130      10.406            73633.527               0.000               0.000          3228871.415   1.00000 
  2535.200          76.237    804.476      19.130      10.406            74137.641               0.000               0.000          3303009.056   1.00000 
  2536.200          76.134    815.591      19.130      10.406            74646.251               0.000               0.000          3377655.307   1.00000 
  2537.200          76.030    826.762      19.130      10.406            75159.410               0.000               0.000          3452814.717   1.00000 
  2538.200          75.926    837.988      19.130      10.406            75677.159               0.000               0.000          3528491.876   1.00000 
  2539.200          75.822    849.268      19.130      10.406            76199.543               0.000               0.000          3604691.419   1.00000 
  2540.200          75.717    860.601      19.130      10.406            76726.606               0.000               0.000          3681418.025   1.00000 
  2541.200          75.611    871.987      19.130      10.406            77258.394               0.000               0.000          3758676.419   1.00000 
  2542.200          75.505    883.426      19.130      10.406            77794.953               0.000               0.000          3836471.372   1.00000 
  2543.200          75.399    894.917      19.130      10.406            78336.328               0.000               0.000          3914807.699   1.00000 
  2544.200          75.292    906.460      19.130      10.406            78882.565               0.000               0.000          3993690.264   1.00000 
  2545.200          75.184    918.053      19.130      10.406            79433.699               0.000               0.000          4073123.963   1.00000 
  2546.200          75.076    929.695      19.130      10.406            79989.760               0.000               0.000          4153113.723   1.00000 
  2547.200          74.968    941.387      19.130      10.406            80550.818               0.000               0.000          4233664.541   1.00000 
  2548.200          74.858    953.127      19.130      10.406            81116.933               0.000               0.000          4314781.473   1.00000 
  2549.200          74.749    964.914      19.130      10.406            81688.140               0.000               0.000          4396469.614   1.00000 
  2550.200          74.638    976.747      19.130      10.406            82264.435               0.000               0.000          4478734.049   1.00000 
  2551.200          74.528    988.626      19.130      10.406            82845.942               0.000               0.000          4561579.991   1.00000 
  2552.200          74.416   1000.550      19.130      10.406            83432.676               0.000               0.000          4645012.668   1.00000 
  2553.200          74.304   1012.516      19.130      10.406            84024.683               0.000               0.000          4729037.351   1.00000 
  2554.200          74.192   1024.525      19.130      10.406            84622.010               0.000               0.000          4813659.361   1.00000 
  2555.200          74.079   1036.575      19.130      10.406            85224.663               0.000               0.000          4898884.024   1.00000 
  2556.200          73.965   1048.665      19.130      10.406            85832.693               0.000               0.000          4984716.717   1.00000 
  2557.200          73.851   1060.793      19.130      10.406            86446.174               0.000               0.000          5071162.891   1.00000 
  2558.200          73.736   1072.959      19.130      10.406            87065.149               0.000               0.000          5158228.040   1.00000 
  2559.200          73.620   1085.160      19.130      10.406            87689.665               0.000               0.000          5245917.705   1.00000 
  2560.200          73.504   1097.396      19.130      10.406            88319.764               0.000               0.000          5334237.470   1.00000 
  2561.200          73.387   1109.664      19.130      10.406            88955.491               0.000               0.000          5423192.961   1.00000 
  2562.200          73.270   1121.965      19.130      10.406            89596.806               0.000               0.000          5512789.767   1.00000 
  2563.200          73.152   1134.294      19.130      10.406            90243.819               0.000               0.000          5603033.586   1.00000 
  2564.200          73.033   1146.652      19.130      10.406            90896.582               0.000               0.000          5693930.168   1.00000 
  2565.200          72.914   1159.037      19.130      10.406            91555.136               0.000               0.000          5785485.303   1.00000 
  2566.200          72.794   1160.000      18.706      10.146            92219.521               0.000               0.000          5877704.825   1.00000 
  2567.200          72.673   1160.000      18.242       9.864            92886.408               0.000               0.000          5970591.233   1.00000 
  2568.200          72.552   1160.000      17.775       9.582            93554.680               0.000               0.000          6064145.913   1.00000 
  2569.200          72.430   1160.000      17.304       9.299            94223.849               0.000               0.000          6158369.762   1.00000 
  2570.200          72.307   1160.000      16.829       9.016            94893.375               0.000               0.000          6253263.137   1.00000 
  2571.200          72.183   1160.000      16.350       8.732            95562.587               0.000               0.000          6348825.724   1.00000 
  2572.200          72.059   1160.000      15.868       8.448            96230.683               0.000               0.000          6445056.407   1.00000 
  2573.200          71.934   1160.000      15.382       8.164            96897.069               0.000               0.000          6541953.476   1.00000 
  2574.200          71.809   1160.000      14.891       7.879            97560.501               0.000               0.000          6639513.977   1.00000 
  2575.200          71.683   1160.000      14.397       7.595            98202.190               0.000               0.000          6737716.167   1.00000 
  2576.200          71.556   1160.000      13.900       7.310            98833.996               0.000               0.000          6836550.163   1.00000 
  2577.200          71.428   1160.000      13.399       7.024            99459.123               0.000               0.000          6936009.286   1.00000 
  2578.200          71.299   1160.000      12.894       6.739           100076.154               0.000               0.000          7036085.440   1.00000 
  2579.200          71.170   1160.000      12.386       6.453           100683.368               0.000               0.000          7136768.808   1.00000 
  2580.200          71.040   1160.000      11.875       6.168           101278.914               0.000               0.000          7238047.723   1.00000 
  2581.200          70.909   1160.000      11.360       5.882           101860.833               0.000               0.000          7339908.556   1.00000 
  2582.200          70.777   1160.000      10.842       5.597           102426.677               0.000               0.000          7442335.233   1.00000 
  2583.200          70.645   1160.000      10.321       5.311           102973.511               0.000               0.000          7545308.743   1.00000 
  2584.200          70.512   1160.000       9.796       5.026           103498.323               0.000               0.000          7648807.066   1.00000 
  2585.200          70.378   1160.000       9.269       4.741           103997.361               0.000               0.000          7752804.427   1.00000 
  2586.200          70.243   1160.000       8.739       4.457           104466.021               0.000               0.000          7857270.449   1.00000 
  2587.200          70.107   1160.000       8.207       4.172           104899.373               0.000               0.000          7962169.821   1.00000 
  2588.200          69.971   1160.000       7.673       3.889           105291.136               0.000               0.000          8067460.958   1.00000 
  2589.200          69.834   1160.000       7.136       3.606           105633.767               0.000               0.000          8173094.725   1.00000 
  2590.200          69.695   1160.000       6.598       3.324           105918.449               0.000               0.000          8279013.174   1.00000 
  2591.200          69.556   1160.000       6.059       3.043           106133.827               0.000               0.000          8385147.001   1.00000 
  2592.200          69.416   1160.000       5.519       2.764           106266.128               0.000               0.000          8491413.129   1.00000 
  2593.200          69.276   1160.000       4.978       2.486           106297.766               0.000               0.000          8597710.895   1.00000 
  2594.200          69.134   1160.000       4.439       2.210           106205.641               0.000               0.000          8703916.536   1.00000 
  2595.200          68.992   1160.000       3.900       1.936           105959.730               0.000               0.000          8809876.266   1.00000 
  2596.200          68.848   1160.000       3.364       1.665           105518.297               0.000               0.000          8915394.563   1.00000 
  2597.200          68.704   1160.000       2.833       1.398           104822.822               0.000               0.000          9020217.385   1.00000 
  2598.200          68.559   1160.000       2.307       1.135           103785.956               0.000               0.000          9124003.341   1.00000 
  2599.200          68.414   1160.000       1.790       0.878           102269.753               0.000               0.000          9226273.094   1.00000 
  2600.200          68.268   1160.000       1.285       0.629           100036.541               0.000               0.000          9326309.635   1.00000 
  2601.200          68.122   1160.000       0.800       0.391            96619.428               0.000               0.000          9422929.063   1.00000 
  2602.200          67.977   1160.000       0.348       0.170            90880.375               0.000               0.000          9513809.438   1.00000 
  2603.200          67.834   1160.000       0.000       0.000            78429.950               0.000               0.000          9592239.388   1.00000 
