#_______________________________________________________________________________
#    ######   ####     ##             #####   #####     ##    #    #    ## 
#    #       #        #  #            #    #  #    #   #  #   ##  ##   #  #
#    #####    ####   ######           #    #  #####   ######  # ## #  ######
#    #            #  #    #           #    #  #    #  #    #  #    #  #    #
#____######__#####___#____#___________#####___#____#__#____#__#____#__#____#____
#
#              ESA Debris Risk Assessment and Mitigation Analysis
#
#                      ---- DRAMA ( SESAM 2.1.5 ) ----
#                                      ESA 2018
#
#                              aerothermal history file
#-------------------------------------------------------------------------------
# Filename      : sara.RTU.0e4d15da-49b2-41fa-98b0-a5585fd78673_AeroThermalHistory.txt
# RunID         : sara
# ObjectID      : 0e4d15da-49b2-41fa-98b0-a5585fd78673
# ObjectName    : RTU
# ReferenceArea : 0.048852 [m^2]
# Content       : This file contains the aerothermal data of the object,
#                 computed by the DRAMA 3 Re-entry Analysis.
# Documentation : DRAMA Software User Manual, section OPERATIONS MANUAL / Normal operation / SARA / SARA Simulation Output / Re-entry simulation output
# Note          : The convective heat and the integrated heat values in this file take into account the visibility factor
#
#-------------------------------------------------------------------------------------------------------------------------------------------------------------------
#  Time [s]  Altitude [km]   Temp [K]   Mass [kg]   Thick [mm]  Convective Heat [W]  Radiative Heat [W]  Oxidation Heat [W]  Integrated Heat [J] VisibilityFactor [-]
#-------------------------------------------------------------------------------------------------------------------------------------------------------------------
  2545.200          74.831    300.000       4.830       7.140            81347.802               0.000               0.000                0.000   1.00000 
  2545.300          74.820    301.913       4.830       7.140            81378.972               0.000               0.000             8137.897   1.00000 
  2545.750          74.768    310.530       4.830       7.140            81523.505               0.000               0.000            44823.475   1.00000 
  2546.750          74.652    329.679       4.830       7.140            81854.153               0.000               0.000           126677.628   1.00000 
  2547.750          74.535    348.743       4.830       7.140            82208.230               0.000               0.000           208885.857   1.00000 
  2548.750          74.418    367.723       4.830       7.140            82561.235               0.000               0.000           291447.093   1.00000 
  2549.750          74.300    386.589       4.830       7.140            82913.138               0.000               0.000           374360.231   1.00000 
  2550.750          74.181    405.307       4.830       7.140            83263.882               0.000               0.000           457624.113   1.00000 
  2551.750          74.061    423.858       4.830       7.140            83613.375               0.000               0.000           541237.487   1.00000 
  2552.750          73.941    442.261       4.830       7.140            83961.647               0.000               0.000           625199.135   1.00000 
  2553.750          73.820    460.475       4.830       7.140            84308.654               0.000               0.000           709507.789   1.00000 
  2554.750          73.698    478.317       4.830       7.140            84654.348               0.000               0.000           794162.137   1.00000 
  2555.750          73.576    495.507       4.830       7.140            84998.630               0.000               0.000           879160.767   1.00000 
  2556.750          73.452    511.903       4.830       7.140            85341.418               0.000               0.000           964502.184   1.00000 
  2557.750          73.328    527.891       4.830       7.140            85682.718               0.000               0.000          1050184.902   1.00000 
  2558.750          73.203    544.143       4.830       7.140            86022.466               0.000               0.000          1136207.369   1.00000 
  2559.750          73.077    560.833       4.830       7.140            86360.553               0.000               0.000          1222567.922   1.00000 
  2560.750          72.950    577.867       4.830       7.140            86696.842               0.000               0.000          1309264.764   1.00000 
  2561.750          72.822    594.875       4.830       7.140            87031.348               0.000               0.000          1396296.112   1.00000 
  2562.750          72.693    611.432       4.830       7.140            87363.984               0.000               0.000          1483660.096   1.00000 
  2563.750          72.563    627.532       4.830       7.140            87694.549               0.000               0.000          1571354.645   1.00000 
  2564.750          72.432    643.232       4.830       7.140            88023.000               0.000               0.000          1659377.645   1.00000 
  2565.750          72.300    658.565       4.830       7.140            88349.292               0.000               0.000          1747726.937   1.00000 
  2566.750          72.167    673.571       4.830       7.140            88673.183               0.000               0.000          1836400.119   1.00000 
  2567.750          72.033    688.297       4.830       7.140            88994.584               0.000               0.000          1925394.703   1.00000 
  2568.750          71.898    702.833       4.830       7.140            89313.493               0.000               0.000          2014708.197   1.00000 
  2569.750          71.761    717.342       4.830       7.140            89625.697               0.000               0.000          2104333.894   1.00000 
  2570.750          71.624    732.290       4.830       7.140            89916.281               0.000               0.000          2194250.175   1.00000 
  2571.750          71.485    748.831       4.830       7.140            90203.477               0.000               0.000          2284453.652   1.00000 
  2572.750          71.345    765.881       4.830       7.140            90486.851               0.000               0.000          2374940.503   1.00000 
  2573.750          71.204    783.061       4.830       7.140            90766.495               0.000               0.000          2465706.998   1.00000 
  2574.750          71.062    800.194       4.830       7.140            91042.106               0.000               0.000          2556749.104   1.00000 
  2575.750          70.918    817.229       4.830       7.140            91313.482               0.000               0.000          2648062.586   1.00000 
  2576.750          70.773    834.155       4.830       7.140            91580.539               0.000               0.000          2739643.125   1.00000 
  2577.750          70.627    850.000       4.818       7.120            91842.857               0.000               0.000          2831485.982   1.00000 
  2578.750          70.479    850.000       4.595       6.767            92099.214               0.000               0.000          2923585.196   1.00000 
  2579.750          70.330    850.000       4.372       6.416            92326.017               0.000               0.000          3015911.213   1.00000 
  2580.750          70.180    850.000       4.148       6.067            92516.996               0.000               0.000          3108428.208   1.00000 
  2581.750          70.028    850.000       3.924       5.719            92667.659               0.000               0.000          3201095.867   1.00000 
  2582.750          69.875    850.000       3.700       5.374            92773.758               0.000               0.000          3293869.625   1.00000 
  2583.750          69.720    850.000       3.475       5.030            92829.842               0.000               0.000          3386699.467   1.00000 
  2584.750          69.564    850.000       3.251       4.690            92830.416               0.000               0.000          3479529.883   1.00000 
  2585.750          69.407    850.000       3.026       4.351            92768.853               0.000               0.000          3572298.736   1.00000 
  2586.750          69.248    850.000       2.802       4.016            92637.967               0.000               0.000          3664936.703   1.00000 
  2587.750          69.087    850.000       2.579       3.684            92429.626               0.000               0.000          3757366.329   1.00000 
  2588.750          68.925    850.000       2.356       3.354            92134.363               0.000               0.000          3849500.692   1.00000 
  2589.750          68.762    850.000       2.134       3.029            91741.901               0.000               0.000          3941242.593   1.00000 
  2590.750          68.597    850.000       1.914       2.708            91240.127               0.000               0.000          4032482.720   1.00000 
  2591.750          68.431    850.000       1.695       2.390            90615.311               0.000               0.000          4123098.032   1.00000 
  2592.750          68.263    850.000       1.478       2.078            89851.931               0.000               0.000          4212949.962   1.00000 
  2593.750          68.094    850.000       1.263       1.771            88931.753               0.000               0.000          4301881.716   1.00000 
  2594.750          67.923    850.000       1.051       1.469            87833.899               0.000               0.000          4389715.614   1.00000 
  2595.750          67.751    850.000       0.843       1.174            86534.202               0.000               0.000          4476249.817   1.00000 
  2596.750          67.578    850.000       0.638       0.886            85004.321               0.000               0.000          4561254.138   1.00000 
  2597.750          67.403    850.000       0.437       0.606            83211.057               0.000               0.000          4644465.195   1.00000 
  2598.750          67.228    850.000       0.242       0.335            81115.725               0.000               0.000          4725580.920   1.00000 
  2599.750          67.051    850.000       0.053       0.073            78672.593               0.000               0.000          4804253.514   1.00000 
  2600.750          66.874    850.000       0.000       0.000            75827.912               0.000               0.000          4880081.425   1.00000 
