#_______________________________________________________________________________
#    ######   ####     ##             #####   #####     ##    #    #    ## 
#    #       #        #  #            #    #  #    #   #  #   ##  ##   #  #
#    #####    ####   ######           #    #  #####   ######  # ## #  ######
#    #            #  #    #           #    #  #    #  #    #  #    #  #    #
#____######__#####___#____#___________#####___#____#__#____#__#____#__#____#____
#
#              ESA Debris Risk Assessment and Mitigation Analysis
#
#                      ---- DRAMA ( SESAM 2.1.5 ) ----
#                                      ESA 2018
#
#                              aerothermal history file
#-------------------------------------------------------------------------------
# Filename      : sara.IASI-DPS.793e2de2-3c73-4ec5-9159-6715937b7cbe_AeroThermalHistory.txt
# RunID         : sara
# ObjectID      : 793e2de2-3c73-4ec5-9159-6715937b7cbe
# ObjectName    : IASI-DPS
# ReferenceArea : 0.038948 [m^2]
# Content       : This file contains the aerothermal data of the object,
#                 computed by the DRAMA 3 Re-entry Analysis.
# Documentation : DRAMA Software User Manual, section OPERATIONS MANUAL / Normal operation / SARA / SARA Simulation Output / Re-entry simulation output
# Note          : The convective heat and the integrated heat values in this file take into account the visibility factor
#
#-------------------------------------------------------------------------------------------------------------------------------------------------------------------
#  Time [s]  Altitude [km]   Temp [K]   Mass [kg]   Thick [mm]  Convective Heat [W]  Radiative Heat [W]  Oxidation Heat [W]  Integrated Heat [J] VisibilityFactor [-]
#-------------------------------------------------------------------------------------------------------------------------------------------------------------------
  2545.200          74.831    300.000       3.740       7.145            66902.421               0.000               0.000                0.000   1.00000 
  2545.300          74.820    302.032       3.740       7.145            66933.295               0.000               0.000             6693.330   1.00000 
  2545.750          74.768    311.188       3.740       7.145            67076.652               0.000               0.000            36877.823   1.00000 
  2546.750          74.652    331.548       3.740       7.145            67405.739               0.000               0.000           104283.561   1.00000 
  2547.750          74.535    351.824       3.740       7.145            67759.901               0.000               0.000           172043.462   1.00000 
  2548.750          74.417    372.019       3.740       7.145            68114.834               0.000               0.000           240158.297   1.00000 
  2549.750          74.299    392.092       3.740       7.145            68470.521               0.000               0.000           308628.817   1.00000 
  2550.750          74.180    412.002       3.740       7.145            68826.922               0.000               0.000           377455.739   1.00000 
  2551.750          74.061    431.731       3.740       7.145            69183.974               0.000               0.000           446639.713   1.00000 
  2552.750          73.940    451.326       3.740       7.145            69541.711               0.000               0.000           516181.424   1.00000 
  2553.750          73.819    470.662       3.740       7.145            69900.106               0.000               0.000           586081.531   1.00000 
  2554.750          73.697    489.422       3.740       7.145            70259.131               0.000               0.000           656340.662   1.00000 
  2555.750          73.575    507.226       3.740       7.145            70618.711               0.000               0.000           726959.372   1.00000 
  2556.750          73.451    524.476       3.740       7.145            70978.797               0.000               0.000           797938.169   1.00000 
  2557.750          73.327    541.830       3.740       7.145            71339.404               0.000               0.000           869277.573   1.00000 
  2558.750          73.201    559.665       3.740       7.145            71700.491               0.000               0.000           940978.064   1.00000 
  2559.750          73.075    577.951       3.740       7.145            72061.975               0.000               0.000          1013040.038   1.00000 
  2560.750          72.948    596.236       3.740       7.145            72423.768               0.000               0.000          1085463.807   1.00000 
  2561.750          72.820    614.012       3.740       7.145            72785.893               0.000               0.000          1158249.699   1.00000 
  2562.750          72.691    631.282       3.740       7.145            73148.292               0.000               0.000          1231397.992   1.00000 
  2563.750          72.562    648.116       3.740       7.145            73510.809               0.000               0.000          1304908.801   1.00000 
  2564.750          72.431    664.547       3.740       7.145            73873.438               0.000               0.000          1378782.239   1.00000 
  2565.750          72.299    680.638       3.740       7.145            74236.153               0.000               0.000          1453018.391   1.00000 
  2566.750          72.166    696.468       3.740       7.145            74598.766               0.000               0.000          1527617.157   1.00000 
  2567.750          72.033    712.157       3.740       7.145            74961.233               0.000               0.000          1602578.391   1.00000 
  2568.750          71.898    727.922       3.740       7.145            75323.568               0.000               0.000          1677901.959   1.00000 
  2569.750          71.762    745.343       3.740       7.145            75682.300               0.000               0.000          1753584.259   1.00000 
  2570.750          71.625    763.778       3.740       7.145            76024.744               0.000               0.000          1829609.003   1.00000 
  2571.750          71.487    782.480       3.740       7.145            76366.282               0.000               0.000          1905975.285   1.00000 
  2572.750          71.348    801.161       3.740       7.145            76706.581               0.000               0.000          1982681.865   1.00000 
  2573.750          71.207    819.751       3.740       7.145            77045.719               0.000               0.000          2059727.584   1.00000 
  2574.750          71.066    838.235       3.740       7.145            77383.496               0.000               0.000          2137111.080   1.00000 
  2575.750          70.923    850.000       3.673       7.006            77719.722               0.000               0.000          2214830.802   1.00000 
  2576.750          70.779    850.000       3.484       6.616            78049.838               0.000               0.000          2292880.640   1.00000 
  2577.750          70.634    850.000       3.294       6.228            78363.439               0.000               0.000          2371244.079   1.00000 
  2578.750          70.488    850.000       3.103       5.842            78657.570               0.000               0.000          2449901.650   1.00000 
  2579.750          70.340    850.000       2.912       5.459            78929.687               0.000               0.000          2528831.336   1.00000 
  2580.750          70.191    850.000       2.720       5.077            79177.471               0.000               0.000          2608008.807   1.00000 
  2581.750          70.041    850.000       2.527       4.698            79397.881               0.000               0.000          2687406.688   1.00000 
  2582.750          69.890    850.000       2.334       4.321            79587.978               0.000               0.000          2766994.666   1.00000 
  2583.750          69.737    850.000       2.141       3.946            79744.047               0.000               0.000          2846738.714   1.00000 
  2584.750          69.583    850.000       1.947       3.574            79862.421               0.000               0.000          2926601.135   1.00000 
  2585.750          69.427    850.000       1.753       3.205            79938.442               0.000               0.000          3006539.577   1.00000 
  2586.750          69.271    850.000       1.559       2.839            79967.489               0.000               0.000          3086507.067   1.00000 
  2587.750          69.113    850.000       1.365       2.476            79943.820               0.000               0.000          3166450.887   1.00000 
  2588.750          68.953    850.000       1.172       2.116            79861.363               0.000               0.000          3246312.249   1.00000 
  2589.750          68.792    850.000       0.978       1.760            79713.054               0.000               0.000          3326025.303   1.00000 
  2590.750          68.630    850.000       0.785       1.408            79490.815               0.000               0.000          3405516.118   1.00000 
  2591.750          68.467    850.000       0.593       1.059            79185.695               0.000               0.000          3484701.813   1.00000 
  2592.750          68.302    850.000       0.402       0.716            78787.172               0.000               0.000          3563488.985   1.00000 
  2593.750          68.135    850.000       0.213       0.377            78283.356               0.000               0.000          3641772.341   1.00000 
  2594.750          67.968    850.000       0.024       0.043            77660.552               0.000               0.000          3719432.894   1.00000 
  2595.750          67.799    850.000       0.000       0.000            76902.653               0.000               0.000          3796335.547   1.00000 
