#_______________________________________________________________________________
#    ######   ####     ##             #####   #####     ##    #    #    ##
#    #       #        #  #            #    #  #    #   #  #   ##  ##   #  #
#    #####    ####   ######           #    #  #####   ######  # ## #  ######
#    #            #  #    #           #    #  #    #  #    #  #    #  #    #
#____######__#####___#____#___________#####___#____#__#____#__#____#__#____#____
#
#              ESA Debris Risk Assessment and Mitigation Analysis
#
#                      ---- DRAMA ( SESAM 2.1.5 ) ----
#                                      ESA 2018 
#
#                              trajectory history file
#-------------------------------------------------------------------------------
# Filename      : sara.T4S.d5048910-9fae-46a6-bc06-68f2fe96939e_Trajectory.txt
# RunID         : sara
# ObjectID      : d5048910-9fae-46a6-bc06-68f2fe96939e
# ObjectName    : T4S
# Content       : This file contains the trajectory state data of the object,
#                 computed by the DRAMA 3 Re-entry Analysis.
# Documentation : DRAMA Software User Manual, section OPERATIONS MANUAL / Normal operation / SARA / SARA Simulation Output / Re-entry simulation output
#
#--------------------------------------------------------------------------------------------------------------------------------------------------------------------------------------------
#  Time [s]  Altitude [km]  Lat [deg]  Lon [deg]  Velocity [km/s]   Downrange [km]       Drag       Lift       Side    Knudsen       Mach  Flight Path [deg]  Heading [deg]  Density [kg/m^2]
#--------------------------------------------------------------------------------------------------------------------------------------------------------------------------------------------
  2354.100          89.986     -3.397    -23.804            7.337        17024.229      1.426      0.000      0.000    0.06373   26.78776           -0.45747      100.29077         3.425e-06 
  2354.200          89.980     -3.398    -23.798            7.337        17024.952      1.425      0.000      0.000    0.06367   26.78757           -0.45757      100.29034         3.428e-06 
  2354.650          89.954     -3.403    -23.769            7.336        17028.209      1.424      0.000      0.000    0.06341   26.78667           -0.45805      100.28840         3.442e-06 
  2355.650          89.895     -3.415    -23.705            7.336        17035.444      1.420      0.000      0.000    0.06280   26.78460           -0.45911      100.28408         3.476e-06 
  2356.650          89.836     -3.427    -23.641            7.335        17042.678      1.416      0.000      0.000    0.06215   26.78234           -0.46018      100.27975         3.513e-06 
  2357.650          89.777     -3.438    -23.577            7.334        17049.912      1.412      0.000      0.000    0.06150   26.78005           -0.46127      100.27541         3.550e-06 
  2358.650          89.718     -3.450    -23.513            7.333        17057.145      1.407      0.000      0.000    0.06086   26.77772           -0.46238      100.27105         3.587e-06 
  2359.650          89.659     -3.462    -23.448            7.333        17064.378      1.403      0.000      0.000    0.06022   26.77535           -0.46350      100.26668         3.625e-06 
  2360.650          89.600     -3.473    -23.384            7.332        17071.609      1.399      0.000      0.000    0.05959   26.77295           -0.46464      100.26229         3.663e-06 
  2361.650          89.540     -3.485    -23.320            7.331        17078.840      1.395      0.000      0.000    0.05897   26.77050           -0.46579      100.25789         3.702e-06 
  2362.650          89.481     -3.496    -23.256            7.330        17086.071      1.391      0.000      0.000    0.05835   26.76803           -0.46696      100.25347         3.742e-06 
  2363.650          89.421     -3.508    -23.192            7.329        17093.300      1.387      0.000      0.000    0.05773   26.76551           -0.46815      100.24904         3.782e-06 
  2364.650          89.361     -3.520    -23.128            7.328        17100.529      1.383      0.000      0.000    0.05712   26.76296           -0.46935      100.24459         3.822e-06 
  2365.650          89.301     -3.531    -23.064            7.328        17107.757      1.379      0.000      0.000    0.05652   26.76038           -0.47057      100.24013         3.863e-06 
  2366.650          89.240     -3.543    -23.000            7.327        17114.984      1.375      0.000      0.000    0.05592   26.75775           -0.47181      100.23566         3.905e-06 
  2367.650          89.180     -3.555    -22.936            7.326        17122.211      1.371      0.000      0.000    0.05532   26.75507           -0.47306      100.23117         3.947e-06 
  2368.650          89.119     -3.566    -22.872            7.325        17129.437      1.368      0.000      0.000    0.05473   26.75230           -0.47433      100.22667         3.990e-06 
  2369.650          89.059     -3.578    -22.808            7.324        17136.662      1.364      0.000      0.000    0.05415   26.74956           -0.47561      100.22215         4.033e-06 
  2370.650          88.998     -3.589    -22.744            7.323        17143.886      1.360      0.000      0.000    0.05357   26.74685           -0.47691      100.21762         4.077e-06 
  2371.650          88.937     -3.601    -22.680            7.323        17151.109      1.356      0.000      0.000    0.05299   26.74404           -0.47823      100.21307         4.121e-06 
  2372.650          88.876     -3.612    -22.616            7.322        17158.332      1.352      0.000      0.000    0.05242   26.74118           -0.47957      100.20851         4.167e-06 
  2373.650          88.814     -3.624    -22.553            7.321        17165.554      1.349      0.000      0.000    0.05185   26.73828           -0.48092      100.20394         4.212e-06 
  2374.650          88.753     -3.636    -22.489            7.320        17172.775      1.345      0.000      0.000    0.05129   26.73534           -0.48230      100.19935         4.259e-06 
  2375.650          88.691     -3.647    -22.425            7.319        17179.995      1.341      0.000      0.000    0.05073   26.73236           -0.48369      100.19475         4.306e-06 
  2376.650          88.629     -3.659    -22.361            7.318        17187.215      1.337      0.000      0.000    0.05018   26.72934           -0.48509      100.19013         4.353e-06 
  2377.650          88.567     -3.670    -22.297            7.317        17194.433      1.334      0.000      0.000    0.04963   26.72627           -0.48652      100.18550         4.401e-06 
  2378.650          88.505     -3.682    -22.233            7.316        17201.651      1.330      0.000      0.000    0.04908   26.72317           -0.48796      100.18085         4.450e-06 
  2379.650          88.442     -3.693    -22.169            7.315        17208.868      1.327      0.000      0.000    0.04854   26.72002           -0.48943      100.17619         4.500e-06 
  2380.650          88.380     -3.705    -22.105            7.314        17216.084      1.323      0.000      0.000    0.04801   26.71684           -0.49091      100.17152         4.550e-06 
  2381.650          88.317     -3.716    -22.041            7.314        17223.299      1.319      0.000      0.000    0.04748   26.71361           -0.49241      100.16683         4.601e-06 
  2382.650          88.254     -3.728    -21.977            7.313        17230.513      1.316      0.000      0.000    0.04695   26.71033           -0.49392      100.16213         4.653e-06 
  2383.650          88.191     -3.739    -21.913            7.312        17237.727      1.312      0.000      0.000    0.04643   26.70702           -0.49546      100.15741         4.706e-06 
  2384.650          88.128     -3.751    -21.849            7.311        17244.940      1.309      0.000      0.000    0.04591   26.70366           -0.49702      100.15268         4.759e-06 
  2385.650          88.064     -3.762    -21.785            7.310        17252.151      1.306      0.000      0.000    0.04539   26.70026           -0.49859      100.14794         4.813e-06 
  2386.650          88.000     -3.774    -21.722            7.309        17259.362      1.302      0.000      0.000    0.04488   26.69681           -0.50019      100.14318         4.868e-06 
  2387.650          87.937     -3.785    -21.658            7.308        17266.572      1.299      0.000      0.000    0.04438   26.69332           -0.50180      100.13841         4.924e-06 
  2388.650          87.872     -3.797    -21.594            7.307        17273.781      1.295      0.000      0.000    0.04387   26.68978           -0.50344      100.13362         4.980e-06 
  2389.650          87.808     -3.808    -21.530            7.306        17280.989      1.292      0.000      0.000    0.04338   26.68620           -0.50509      100.12882         5.037e-06 
  2390.650          87.744     -3.820    -21.466            7.305        17288.196      1.289      0.000      0.000    0.04288   26.68257           -0.50677      100.12401         5.095e-06 
  2391.650          87.679     -3.831    -21.402            7.304        17295.403      1.285      0.000      0.000    0.04239   26.67890           -0.50846      100.11918         5.154e-06 
  2392.650          87.614     -3.843    -21.338            7.303        17302.608      1.282      0.000      0.000    0.04191   26.67518           -0.51018      100.11434         5.214e-06 
  2393.650          87.549     -3.854    -21.274            7.302        17309.812      1.279      0.000      0.000    0.04143   26.67141           -0.51192      100.10948         5.275e-06 
  2394.650          87.484     -3.865    -21.211            7.301        17317.015      1.276      0.000      0.000    0.04095   26.66760           -0.51367      100.10461         5.336e-06 
  2395.650          87.418     -3.877    -21.147            7.299        17324.218      1.273      0.000      0.000    0.04047   26.66374           -0.51545      100.09972         5.399e-06 
  2396.650          87.352     -3.888    -21.083            7.298        17331.419      1.270      0.000      0.000    0.04000   26.65984           -0.51725      100.09483         5.462e-06 
  2397.650          87.286     -3.900    -21.019            7.297        17338.620      1.267      0.000      0.000    0.03954   26.65589           -0.51907      100.08991         5.527e-06 
  2398.650          87.220     -3.911    -20.955            7.296        17345.819      1.263      0.000      0.000    0.03908   26.65188           -0.52092      100.08499         5.592e-06 
  2399.650          87.154     -3.923    -20.892            7.295        17353.017      1.260      0.000      0.000    0.03862   26.64783           -0.52278      100.08005         5.659e-06 
  2400.650          87.087     -3.934    -20.828            7.294        17360.215      1.257      0.000      0.000    0.03816   26.64373           -0.52467      100.07509         5.726e-06 
  2401.650          87.020     -3.945    -20.764            7.293        17367.411      1.255      0.000      0.000    0.03771   26.63959           -0.52658      100.07013         5.795e-06 
  2402.650          86.953     -3.957    -20.700            7.292        17374.606      1.252      0.000      0.000    0.03727   26.63539           -0.52851      100.06515         5.864e-06 
  2403.650          86.885     -3.968    -20.636            7.291        17381.800      1.249      0.000      0.000    0.03682   26.63114           -0.53046      100.06015         5.935e-06 
  2404.650          86.818     -3.979    -20.573            7.289        17388.993      1.246      0.000      0.000    0.03638   26.62685           -0.53244      100.05514         6.007e-06 
  2405.650          86.750     -3.991    -20.509            7.288        17396.185      1.243      0.000      0.000    0.03595   26.62250           -0.53444      100.05012         6.079e-06 
  2406.650          86.682     -4.002    -20.445            7.287        17403.376      1.240      0.000      0.000    0.03552   26.61810           -0.53647      100.04508         6.153e-06 
  2407.650          86.614     -4.013    -20.381            7.286        17410.566      1.238      0.000      0.000    0.03509   26.61366           -0.53852      100.04003         6.229e-06 
  2408.650          86.545     -4.025    -20.318            7.285        17417.755      1.235      0.000      0.000    0.03466   26.60916           -0.54059      100.03497         6.305e-06 
  2409.650          86.476     -4.036    -20.254            7.283        17424.943      1.232      0.000      0.000    0.03424   26.60461           -0.54269      100.02989         6.383e-06 
  2410.650          86.407     -4.047    -20.190            7.282        17432.129      1.229      0.000      0.000    0.03382   26.60001           -0.54481      100.02480         6.462e-06 
  2411.650          86.338     -4.059    -20.127            7.281        17439.314      1.227      0.000      0.000    0.03341   26.59536           -0.54695      100.01969         6.542e-06 
  2412.650          86.268     -4.070    -20.063            7.280        17446.499      1.224      0.000      0.000    0.03300   26.59065           -0.54912      100.01458         6.624e-06 
  2413.650          86.198     -4.081    -19.999            7.278        17453.681      1.222      0.000      0.000    0.03259   26.58590           -0.55132      100.00944         6.707e-06 
  2414.650          86.128     -4.093    -19.935            7.277        17460.863      1.219      0.000      0.000    0.03219   26.58109           -0.55354      100.00430         6.791e-06 
  2415.650          86.057     -4.104    -19.872            7.276        17468.044      1.217      0.000      0.000    0.03178   26.57623           -0.55579       99.99914         6.877e-06 
  2416.650          85.987     -4.115    -19.808            7.275        17475.223      1.214      0.000      0.000    0.03139   26.57069           -0.55806       99.99397         6.964e-06 
  2417.650          85.916     -4.126    -19.744            7.273        17482.401      1.212      0.000      0.000    0.03102   26.55570           -0.56036       99.98878         7.046e-06 
  2418.650          85.844     -4.138    -19.681            7.272        17489.578      1.210      0.000      0.000    0.03065   26.54066           -0.56268       99.98358         7.131e-06 
  2419.650          85.773     -4.149    -19.617            7.271        17496.754      1.208      0.000      0.000    0.03029   26.52555           -0.56504       99.97837         7.216e-06 
  2420.650          85.701     -4.160    -19.554            7.269        17503.928      1.206      0.000      0.000    0.02993   26.51036           -0.56742       99.97314         7.304e-06 
  2421.650          85.629     -4.171    -19.490            7.268        17511.101      1.203      0.000      0.000    0.02957   26.49510           -0.56982       99.96790         7.392e-06 
  2422.650          85.556     -4.183    -19.426            7.266        17518.273      1.201      0.000      0.000    0.02922   26.47976           -0.57226       99.96265         7.482e-06 
  2423.650          85.484     -4.194    -19.363            7.265        17525.444      1.199      0.000      0.000    0.02886   26.46434           -0.57472       99.95738         7.573e-06 
  2424.650          85.411     -4.205    -19.299            7.264        17532.613      1.197      0.000      0.000    0.02852   26.44877           -0.57721       99.95210         7.666e-06 
  2425.650          85.337     -4.216    -19.236            7.262        17539.781      1.195      0.000      0.000    0.02817   26.43317           -0.57973       99.94681         7.760e-06 
  2426.650          85.264     -4.227    -19.172            7.261        17546.947      1.193      0.000      0.000    0.02783   26.41750           -0.58228       99.94150         7.855e-06 
  2427.650          85.190     -4.239    -19.108            7.259        17554.112      1.191      0.000      0.000    0.02749   26.40172           -0.58485       99.93618         7.952e-06 
  2428.650          85.116     -4.250    -19.045            7.258        17561.276      1.190      0.000      0.000    0.02715   26.38585           -0.58746       99.93085         8.051e-06 
  2429.650          85.041     -4.261    -18.981            7.256        17568.438      1.188      0.000      0.000    0.02682   26.36989           -0.59010       99.92550         8.151e-06 
  2430.650          84.966     -4.272    -18.918            7.255        17575.599      1.186      0.000      0.000    0.02649   26.35385           -0.59276       99.92014         8.253e-06 
  2431.650          84.891     -4.283    -18.854            7.253        17582.759      1.184      0.000      0.000    0.02616   26.33770           -0.59546       99.91477         8.356e-06 
  2432.650          84.815     -4.294    -18.791            7.252        17589.917      1.182      0.000      0.000    0.02584   26.32147           -0.59819       99.90938         8.462e-06 
  2433.650          84.739     -4.305    -18.727            7.250        17597.073      1.181      0.000      0.000    0.02551   26.30514           -0.60094       99.90398         8.568e-06 
  2434.650          84.663     -4.317    -18.664            7.248        17604.229      1.179      0.000      0.000    0.02519   26.28873           -0.60373       99.89857         8.677e-06 
  2435.650          84.587     -4.328    -18.600            7.247        17611.382      1.177      0.000      0.000    0.02488   26.27224           -0.60655       99.89314         8.787e-06 
  2436.650          84.510     -4.339    -18.537            7.245        17618.534      1.176      0.000      0.000    0.02456   26.25558           -0.60941       99.88770         8.899e-06 
  2437.650          84.433     -4.350    -18.473            7.244        17625.685      1.174      0.000      0.000    0.02425   26.23885           -0.61229       99.88225         9.014e-06 
  2438.650          84.355     -4.361    -18.410            7.242        17632.834      1.173      0.000      0.000    0.02395   26.22203           -0.61521       99.87679         9.129e-06 
  2439.650          84.277     -4.372    -18.347            7.240        17639.981      1.171      0.000      0.000    0.02364   26.20510           -0.61816       99.87131         9.247e-06 
  2440.650          84.199     -4.383    -18.283            7.239        17647.127      1.170      0.000      0.000    0.02334   26.18807           -0.62115       99.86582         9.367e-06 
  2441.650          84.120     -4.394    -18.220            7.237        17654.271      1.168      0.000      0.000    0.02304   26.17098           -0.62417       99.86031         9.489e-06 
  2442.650          84.041     -4.405    -18.156            7.235        17661.414      1.167      0.000      0.000    0.02274   26.15373           -0.62722       99.85480         9.613e-06 
  2443.650          83.962     -4.416    -18.093            7.233        17668.555      1.166      0.000      0.000    0.02245   26.13635           -0.63031       99.84927         9.739e-06 
  2444.650          83.882     -4.427    -18.030            7.232        17675.694      1.164      0.000      0.000    0.02216   26.11884           -0.63344       99.84372         9.867e-06 
  2445.650          83.802     -4.438    -17.966            7.230        17682.832      1.163      0.000      0.000    0.02187   26.10114           -0.63660       99.83817         9.998e-06 
  2446.650          83.721     -4.449    -17.903            7.228        17689.968      1.162      0.000      0.000    0.02158   26.08324           -0.63979       99.83260         1.013e-05 
  2447.650          83.640     -4.460    -17.840            7.226        17697.102      1.160      0.000      0.000    0.02130   26.06514           -0.64303       99.82702         1.027e-05 
  2448.650          83.559     -4.471    -17.776            7.224        17704.234      1.159      0.000      0.000    0.02102   26.04681           -0.64630       99.82143         1.040e-05 
  2449.650          83.477     -4.482    -17.713            7.222        17711.364      1.158      0.000      0.000    0.02074   26.02826           -0.64962       99.81582         1.054e-05 
  2450.650          83.395     -4.493    -17.650            7.220        17718.493      1.157      0.000      0.000    0.02046   26.00950           -0.65297       99.81020         1.068e-05 
  2451.650          83.313     -4.504    -17.586            7.218        17725.619      1.156      0.000      0.000    0.02019   25.99049           -0.65637       99.80457         1.083e-05 
  2452.650          83.230     -4.515    -17.523            7.215        17732.743      1.155      0.000      0.000    0.01992   25.97124           -0.65981       99.79892         1.098e-05 
  2453.650          83.147     -4.526    -17.460            7.213        17739.866      1.154      0.000      0.000    0.01965   25.95173           -0.66329       99.79327         1.113e-05 
  2454.650          83.063     -4.537    -17.397            7.211        17746.986      1.153      0.000      0.000    0.01939   25.93196           -0.66683       99.78760         1.128e-05 
  2455.650          82.979     -4.548    -17.334            7.208        17754.103      1.152      0.000      0.000    0.01912   25.91193           -0.67040       99.78192         1.143e-05 
  2456.650          82.894     -4.559    -17.270            7.206        17761.219      1.151      0.000      0.000    0.01886   25.89161           -0.67403       99.77623         1.159e-05 
  2457.650          82.809     -4.570    -17.207            7.203        17768.332      1.150      0.000      0.000    0.01860   25.87103           -0.67770       99.77052         1.175e-05 
  2458.650          82.724     -4.581    -17.144            7.201        17775.442      1.149      0.000      0.000    0.01835   25.85010           -0.68143       99.76480         1.192e-05 
  2459.650          82.638     -4.592    -17.081            7.198        17782.550      1.149      0.000      0.000    0.01809   25.82885           -0.68521       99.75907         1.208e-05 
  2460.650          82.552     -4.603    -17.018            7.195        17789.656      1.148      0.000      0.000    0.01784   25.80730           -0.68904       99.75333         1.225e-05 
  2461.650          82.465     -4.614    -16.955            7.193        17796.759      1.147      0.000      0.000    0.01760   25.78540           -0.69293       99.74758         1.243e-05 
  2462.650          82.378     -4.624    -16.892            7.190        17803.859      1.146      0.000      0.000    0.01735   25.76314           -0.69688       99.74182         1.260e-05 
  2463.650          82.290     -4.635    -16.829            7.187        17810.956      1.146      0.000      0.000    0.01711   25.74052           -0.70088       99.73604         1.278e-05 
  2464.650          82.202     -4.646    -16.766            7.183        17818.050      1.145      0.000      0.000    0.01686   25.71751           -0.70495       99.73025         1.297e-05 
  2465.650          82.113     -4.657    -16.703            7.180        17825.141      1.144      0.000      0.000    0.01663   25.69409           -0.70908       99.72445         1.315e-05 
  2466.650          82.024     -4.668    -16.640            7.177        17832.229      1.144      0.000      0.000    0.01639   25.67026           -0.71328       99.71864         1.334e-05 
  2467.650          81.935     -4.679    -16.577            7.173        17839.313      1.143      0.000      0.000    0.01615   25.64600           -0.71754       99.71282         1.354e-05 
  2468.650          81.845     -4.689    -16.514            7.170        17846.395      1.143      0.000      0.000    0.01592   25.62127           -0.72187       99.70698         1.373e-05 
  2469.650          81.754     -4.700    -16.451            7.166        17853.472      1.142      0.000      0.000    0.01569   25.59602           -0.72628       99.70114         1.393e-05 
  2470.650          81.663     -4.711    -16.388            7.162        17860.547      1.142      0.000      0.000    0.01546   25.57029           -0.73076       99.69528         1.414e-05 
  2471.650          81.571     -4.722    -16.325            7.158        17867.617      1.141      0.000      0.000    0.01524   25.54403           -0.73532       99.68942         1.435e-05 
  2472.650          81.479     -4.732    -16.263            7.154        17874.683      1.141      0.000      0.000    0.01502   25.51720           -0.73996       99.68354         1.456e-05 
  2473.650          81.387     -4.743    -16.200            7.150        17881.746      1.141      0.000      0.000    0.01480   25.48978           -0.74468       99.67765         1.478e-05 
  2474.650          81.293     -4.754    -16.137            7.145        17888.804      1.140      0.000      0.000    0.01458   25.46174           -0.74949       99.67175         1.500e-05 
  2475.650          81.200     -4.765    -16.075            7.141        17895.857      1.140      0.000      0.000    0.01436   25.43303           -0.75439       99.66584         1.523e-05 
  2476.650          81.105     -4.775    -16.012            7.136        17902.906      1.140      0.000      0.000    0.01415   25.40363           -0.75938       99.65992         1.546e-05 
  2477.650          81.010     -4.786    -15.949            7.131        17909.951      1.139      0.000      0.000    0.01393   25.37350           -0.76448       99.65399         1.569e-05 
  2478.650          80.915     -4.797    -15.887            7.126        17916.990      1.139      0.000      0.000    0.01372   25.34257           -0.76967       99.64805         1.593e-05 
  2479.650          80.819     -4.807    -15.824            7.120        17924.024      1.139      0.000      0.000    0.01352   25.31082           -0.77497       99.64210         1.618e-05 
  2480.650          80.722     -4.818    -15.762            7.114        17931.053      1.139      0.000      0.000    0.01331   25.27817           -0.78038       99.63615         1.643e-05 
  2481.650          80.625     -4.829    -15.699            7.108        17938.076      1.138      0.000      0.000    0.01311   25.24458           -0.78591       99.63018         1.669e-05 
  2482.650          80.527     -4.839    -15.637            7.102        17945.093      1.138      0.000      0.000    0.01290   25.20998           -0.79156       99.62420         1.695e-05 
  2483.650          80.429     -4.850    -15.575            7.096        17952.104      1.138      0.000      0.000    0.01270   25.17429           -0.79733       99.61821         1.721e-05 
  2484.650          80.330     -4.860    -15.512            7.089        17959.108      1.138      0.000      0.000    0.01251   25.13744           -0.80325       99.61222         1.749e-05 
  2485.650          80.230     -4.871    -15.450            7.081        17966.106      1.138      0.000      0.000    0.01231   25.09934           -0.80930       99.60622         1.776e-05 
