#_______________________________________________________________________________
#    ######   ####     ##             #####   #####     ##    #    #    ##
#    #       #        #  #            #    #  #    #   #  #   ##  ##   #  #
#    #####    ####   ######           #    #  #####   ######  # ## #  ######
#    #            #  #    #           #    #  #    #  #    #  #    #  #    #
#____######__#####___#____#___________#####___#____#__#____#__#____#__#____#____
#
#              ESA Debris Risk Assessment and Mitigation Analysis
#
#                      ---- DRAMA ( SESAM 2.1.5 ) ----
#                                      ESA 2018 
#
#                              trajectory history file
#-------------------------------------------------------------------------------
# Filename      : sara.PMC1.83dad51f-37d0-4124-9403-f580da4ebf8a_Trajectory.txt
# RunID         : sara
# ObjectID      : 83dad51f-37d0-4124-9403-f580da4ebf8a
# ObjectName    : PMC1
# Content       : This file contains the trajectory state data of the object,
#                 computed by the DRAMA 3 Re-entry Analysis.
# Documentation : DRAMA Software User Manual, section OPERATIONS MANUAL / Normal operation / SARA / SARA Simulation Output / Re-entry simulation output
#
#--------------------------------------------------------------------------------------------------------------------------------------------------------------------------------------------
#  Time [s]  Altitude [km]  Lat [deg]  Lon [deg]  Velocity [km/s]   Downrange [km]       Drag       Lift       Side    Knudsen       Mach  Flight Path [deg]  Heading [deg]  Density [kg/m^2]
#--------------------------------------------------------------------------------------------------------------------------------------------------------------------------------------------
  2545.200          74.831     -5.505    -11.634            7.079        18394.991      1.245      0.000      0.000    0.00614   24.44276           -0.93434       99.21469         4.095e-05 
  2545.300          74.820     -5.506    -11.628            7.078        18395.691      1.245      0.000      0.000    0.00613   24.43869           -0.93496       99.21401         4.101e-05 
  2545.750          74.768     -5.511    -11.600            7.074        18398.838      1.245      0.000      0.000    0.00608   24.41973           -0.93780       99.21094         4.130e-05 
  2546.750          74.652     -5.521    -11.538            7.064        18405.825      1.245      0.000      0.000    0.00599   24.37596           -0.94425       99.20413         4.198e-05 
  2547.750          74.535     -5.531    -11.476            7.054        18412.803      1.245      0.000      0.000    0.00588   24.32847           -0.95091       99.19732         4.272e-05 
  2548.750          74.418     -5.541    -11.414            7.044        18419.770      1.245      0.000      0.000    0.00578   24.28046           -0.95776       99.19050         4.348e-05 
  2549.750          74.300     -5.551    -11.352            7.033        18426.728      1.245      0.000      0.000    0.00568   24.23192           -0.96482       99.18368         4.425e-05 
  2550.750          74.181     -5.561    -11.290            7.023        18433.675      1.245      0.000      0.000    0.00558   24.18284           -0.97209       99.17686         4.505e-05 
  2551.750          74.061     -5.571    -11.228            7.012        18440.612      1.245      0.000      0.000    0.00548   24.13321           -0.97957       99.17003         4.586e-05 
  2552.750          73.941     -5.581    -11.166            7.002        18447.539      1.245      0.000      0.000    0.00538   24.08301           -0.98726       99.16320         4.669e-05 
  2553.750          73.820     -5.591    -11.105            6.991        18454.455      1.245      0.000      0.000    0.00529   24.03224           -0.99518       99.15636         4.754e-05 
  2554.750          73.698     -5.601    -11.043            6.980        18461.360      1.245      0.000      0.000    0.00519   23.98089           -1.00332       99.14952         4.841e-05 
  2555.750          73.576     -5.611    -10.982            6.968        18468.254      1.245      0.000      0.000    0.00510   23.92895           -1.01169       99.14269         4.930e-05 
  2556.750          73.452     -5.621    -10.920            6.957        18475.137      1.245      0.000      0.000    0.00500   23.87640           -1.02029       99.13584         5.022e-05 
  2557.750          73.328     -5.631    -10.859            6.945        18482.009      1.245      0.000      0.000    0.00491   23.82323           -1.02912       99.12900         5.115e-05 
  2558.750          73.203     -5.640    -10.798            6.933        18488.869      1.245      0.000      0.000    0.00482   23.76943           -1.03820       99.12216         5.211e-05 
  2559.750          73.077     -5.650    -10.737            6.921        18495.717      1.245      0.000      0.000    0.00473   23.71499           -1.04751       99.11531         5.309e-05 
  2560.750          72.950     -5.660    -10.676            6.909        18502.554      1.245      0.000      0.000    0.00465   23.65990           -1.05708       99.10846         5.410e-05 
  2561.750          72.822     -5.670    -10.615            6.897        18509.379      1.245      0.000      0.000    0.00456   23.60414           -1.06690       99.10162         5.513e-05 
  2562.750          72.693     -5.680    -10.555            6.884        18516.191      1.245      0.000      0.000    0.00447   23.54770           -1.07697       99.09477         5.619e-05 
  2563.750          72.563     -5.689    -10.494            6.871        18522.992      1.245      0.000      0.000    0.00439   23.49057           -1.08731       99.08792         5.728e-05 
  2564.750          72.432     -5.699    -10.434            6.858        18529.779      1.245      0.000      0.000    0.00430   23.43273           -1.09791       99.08107         5.839e-05 
  2565.750          72.300     -5.709    -10.373            6.845        18536.554      1.245      0.000      0.000    0.00422   23.37417           -1.10878       99.07422         5.954e-05 
  2566.750          72.167     -5.718    -10.313            6.832        18543.315      1.245      0.000      0.000    0.00414   23.31488           -1.11993       99.06738         6.071e-05 
  2567.750          72.033     -5.728    -10.253            6.818        18550.064      1.245      0.000      0.000    0.00406   23.25483           -1.13136       99.06053         6.192e-05 
  2568.750          71.898     -5.737    -10.193            6.805        18556.799      1.245      0.000      0.000    0.00398   23.19404           -1.14307       99.05368         6.316e-05 
  2569.750          71.761     -5.747    -10.133            6.791        18563.520      1.245      0.000      0.000    0.00390   23.13146           -1.15508       99.04684         6.443e-05 
  2570.750          71.624     -5.757    -10.073            6.776        18570.228      1.245      0.000      0.000    0.00382   23.06334           -1.16738       99.04000         6.570e-05 
  2571.750          71.485     -5.766    -10.013            6.762        18576.921      1.245      0.000      0.000    0.00375   22.99444           -1.17998       99.03316         6.701e-05 
  2572.750          71.345     -5.776     -9.954            6.747        18583.600      1.245      0.000      0.000    0.00368   22.92474           -1.19290       99.02632         6.836e-05 
  2573.750          71.204     -5.785     -9.894            6.732        18590.265      1.245      0.000      0.000    0.00360   22.85422           -1.20612       99.01948         6.974e-05 
  2574.750          71.062     -5.794     -9.835            6.717        18596.915      1.245      0.000      0.000    0.00353   22.78288           -1.21966       99.01265         7.116e-05 
  2575.750          70.918     -5.804     -9.776            6.702        18603.550      1.245      0.000      0.000    0.00346   22.71069           -1.23353       99.00582         7.262e-05 
  2576.750          70.773     -5.813     -9.717            6.686        18610.169      1.245      0.000      0.000    0.00339   22.63765           -1.24773       98.99900         7.412e-05 
  2577.750          70.627     -5.822     -9.658            6.670        18616.773      1.245      0.000      0.000    0.00332   22.56263           -1.26227       98.99218         7.566e-05 
  2578.750          70.480     -5.832     -9.599            6.652        18623.360      1.245      0.000      0.000    0.00325   22.48458           -1.27717       98.98536         7.724e-05 
  2579.750          70.331     -5.841     -9.541            6.634        18629.930      1.245      0.000      0.000    0.00319   22.40318           -1.29245       98.97855         7.887e-05 
  2580.750          70.180     -5.850     -9.482            6.615        18636.482      1.245      0.000      0.000    0.00312   22.31812           -1.30813       98.97175         8.055e-05 
  2581.750          70.029     -5.860     -9.424            6.594        18643.014      1.245      0.000      0.000    0.00305   22.22908           -1.32424       98.96496         8.228e-05 
  2582.750          69.876     -5.869     -9.366            6.573        18649.525      1.245      0.000      0.000    0.00299   22.13569           -1.34082       98.95818         8.406e-05 
  2583.750          69.721     -5.878     -9.308            6.549        18656.014      1.245      0.000      0.000    0.00293   22.03755           -1.35789       98.95142         8.588e-05 
  2584.750          69.565     -5.887     -9.250            6.525        18662.480      1.245      0.000      0.000    0.00286   21.93417           -1.37548       98.94466         8.777e-05 
  2585.750          69.408     -5.896     -9.193            6.498        18668.920      1.245      0.000      0.000    0.00280   21.82502           -1.39364       98.93793         8.970e-05 
  2586.750          69.249     -5.905     -9.136            6.470        18675.333      1.245      0.000      0.000    0.00274   21.70946           -1.41241       98.93121         9.170e-05 
  2587.750          69.089     -5.914     -9.079            6.439        18681.717      1.245      0.000      0.000    0.00268   21.58677           -1.43183       98.92452         9.375e-05 
  2588.750          68.927     -5.923     -9.022            6.406        18688.069      1.245      0.000      0.000    0.00262   21.45612           -1.45198       98.91784         9.586e-05 
  2589.750          68.764     -5.932     -8.966            6.370        18694.387      1.245      0.000      0.000    0.00256   21.31651           -1.47290       98.91120         9.804e-05 
  2590.750          68.600     -5.940     -8.910            6.331        18700.669      1.245      0.000      0.000    0.00251   21.16676           -1.49467       98.90459         1.003e-04 
  2591.750          68.434     -5.949     -8.854            6.288        18706.910      1.245      0.000      0.000    0.00245   21.00548           -1.51737       98.89801         1.026e-04 
  2592.750          68.267     -5.958     -8.799            6.242        18713.107      1.245      0.000      0.000    0.00239   20.83098           -1.54111       98.89147         1.050e-04 
  2593.750          68.098     -5.966     -8.744            6.190        18719.255      1.245      0.000      0.000    0.00234   20.64121           -1.56598       98.88498         1.074e-04 
  2594.750          67.929     -5.975     -8.689            6.133        18725.351      1.245      0.000      0.000    0.00229   20.43366           -1.59214       98.87854         1.099e-04 
  2595.750          67.758     -5.983     -8.636            6.070        18731.387      1.245      0.000      0.000    0.00223   20.20519           -1.61973       98.87216         1.125e-04 
  2596.750          67.585     -5.992     -8.582            5.999        18737.356      1.245      0.000      0.000    0.00218   19.95183           -1.64895       98.86585         1.152e-04 
  2597.750          67.412     -6.000     -8.530            5.918        18743.250      1.245      0.000      0.000    0.00213   19.66852           -1.68004       98.85963         1.179e-04 
