#_______________________________________________________________________________
#    ######   ####     ##             #####   #####     ##    #    #    ## 
#    #       #        #  #            #    #  #    #   #  #   ##  ##   #  #
#    #####    ####   ######           #    #  #####   ######  # ## #  ######
#    #            #  #    #           #    #  #    #  #    #  #    #  #    #
#____######__#####___#____#___________#####___#____#__#____#__#____#__#____#____
#
#              ESA Debris Risk Assessment and Mitigation Analysis
#
#                      ---- DRAMA ( SESAM 2.1.5 ) ----
#                                      ESA 2018
#
#                              aerothermal history file
#-------------------------------------------------------------------------------
# Filename      : sara.ASCATICU2.31b09dff-babf-48dd-ad99-ac5aef3469e6_AeroThermalHistory.txt
# RunID         : sara
# ObjectID      : 31b09dff-babf-48dd-ad99-ac5aef3469e6
# ObjectName    : ASCATICU2
# ReferenceArea : 0.022487 [m^2]
# Content       : This file contains the aerothermal data of the object,
#                 computed by the DRAMA 3 Re-entry Analysis.
# Documentation : DRAMA Software User Manual, section OPERATIONS MANUAL / Normal operation / SARA / SARA Simulation Output / Re-entry simulation output
# Note          : The convective heat and the integrated heat values in this file take into account the visibility factor
#
#-------------------------------------------------------------------------------------------------------------------------------------------------------------------
#  Time [s]  Altitude [km]   Temp [K]   Mass [kg]   Thick [mm]  Convective Heat [W]  Radiative Heat [W]  Oxidation Heat [W]  Integrated Heat [J] VisibilityFactor [-]
#-------------------------------------------------------------------------------------------------------------------------------------------------------------------
  2545.200          74.831    300.000       2.650       7.298            52366.874               0.000               0.000                0.000   1.00000 
  2545.300          74.820    302.245       2.650       7.298            52380.898               0.000               0.000             5238.090   1.00000 
  2545.750          74.768    312.347       2.650       7.298            52445.721               0.000               0.000            28838.664   1.00000 
  2546.750          74.652    334.756       2.650       7.298            52592.841               0.000               0.000            81431.505   1.00000 
  2547.750          74.535    357.002       2.650       7.298            52748.574               0.000               0.000           134180.079   1.00000 
  2548.750          74.418    379.077       2.650       7.298            52901.947               0.000               0.000           187082.026   1.00000 
  2549.750          74.300    400.929       2.650       7.298            53052.943               0.000               0.000           240134.969   1.00000 
  2550.750          74.181    422.515       2.650       7.298            53201.533               0.000               0.000           293336.501   1.00000 
  2551.750          74.062    443.851       2.650       7.298            53347.657               0.000               0.000           346684.159   1.00000 
  2552.750          73.942    464.888       2.650       7.298            53491.340               0.000               0.000           400175.499   1.00000 
  2553.750          73.821    485.326       2.650       7.298            53632.556               0.000               0.000           453808.055   1.00000 
  2554.750          73.699    504.713       2.650       7.298            53771.276               0.000               0.000           507579.331   1.00000 
  2555.750          73.577    523.291       2.650       7.298            53907.444               0.000               0.000           561486.775   1.00000 
  2556.750          73.454    541.828       2.650       7.298            54041.001               0.000               0.000           615527.776   1.00000 
  2557.750          73.330    560.853       2.650       7.298            54171.955               0.000               0.000           669699.731   1.00000 
  2558.750          73.205    580.313       2.650       7.298            54300.266               0.000               0.000           723999.997   1.00000 
  2559.750          73.079    599.631       2.650       7.298            54425.871               0.000               0.000           778425.868   1.00000 
  2560.750          72.952    618.319       2.650       7.298            54548.671               0.000               0.000           832974.539   1.00000 
  2561.750          72.824    636.405       2.650       7.298            54668.678               0.000               0.000           887643.217   1.00000 
  2562.750          72.695    653.962       2.650       7.298            54785.837               0.000               0.000           942429.054   1.00000 
  2563.750          72.565    671.037       2.650       7.298            54900.023               0.000               0.000           997329.077   1.00000 
  2564.750          72.433    687.712       2.650       7.298            55011.194               0.000               0.000          1052340.271   1.00000 
  2565.750          72.301    704.099       2.650       7.298            55119.323               0.000               0.000          1107459.594   1.00000 
  2566.750          72.168    720.421       2.650       7.298            55224.257               0.000               0.000          1162683.851   1.00000 
  2567.750          72.033    737.545       2.650       7.298            55325.925               0.000               0.000          1218009.776   1.00000 
  2568.750          71.898    756.315       2.650       7.298            55424.324               0.000               0.000          1273434.100   1.00000 
  2569.750          71.761    775.529       2.650       7.298            55516.779               0.000               0.000          1328950.880   1.00000 
  2570.750          71.623    794.714       2.650       7.298            55594.145               0.000               0.000          1384545.025   1.00000 
  2571.750          71.483    813.744       2.650       7.298            55667.753               0.000               0.000          1440212.778   1.00000 
  2572.750          71.342    832.609       2.650       7.298            55737.316               0.000               0.000          1495950.094   1.00000 
  2573.750          71.200    850.000       2.641       7.269            55802.906               0.000               0.000          1551753.000   1.00000 
  2574.750          71.057    850.000       2.505       6.858            55862.689               0.000               0.000          1607615.689   1.00000 
  2575.750          70.912    850.000       2.370       6.451            55892.958               0.000               0.000          1663508.646   1.00000 
  2576.750          70.765    850.000       2.234       6.049            55886.404               0.000               0.000          1719395.050   1.00000 
  2577.750          70.617    850.000       2.099       5.652            55837.849               0.000               0.000          1775232.899   1.00000 
  2578.750          70.468    850.000       1.964       5.260            55741.422               0.000               0.000          1830974.320   1.00000 
  2579.750          70.318    850.000       1.829       4.874            55590.062               0.000               0.000          1886564.383   1.00000 
  2580.750          70.166    850.000       1.695       4.493            55375.665               0.000               0.000          1941940.048   1.00000 
  2581.750          70.012    850.000       1.561       4.118            55088.386               0.000               0.000          1997028.434   1.00000 
  2582.750          69.857    850.000       1.428       3.750            54716.613               0.000               0.000          2051745.046   1.00000 
  2583.750          69.701    850.000       1.297       3.388            54246.171               0.000               0.000          2105991.217   1.00000 
  2584.750          69.543    850.000       1.167       3.035            53659.729               0.000               0.000          2159650.946   1.00000 
  2585.750          69.384    850.000       1.039       2.689            52935.885               0.000               0.000          2212586.831   1.00000 
  2586.750          69.224    850.000       0.913       2.352            52047.441               0.000               0.000          2264634.272   1.00000 
  2587.750          69.063    850.000       0.790       2.026            50959.877               0.000               0.000          2315594.148   1.00000 
  2588.750          68.901    850.000       0.670       1.711            49627.711               0.000               0.000          2365221.859   1.00000 
  2589.750          68.737    850.000       0.554       1.410            47990.078               0.000               0.000          2413211.937   1.00000 
  2590.750          68.574    850.000       0.443       1.124            45962.919               0.000               0.000          2459174.856   1.00000 
  2591.750          68.410    850.000       0.339       0.856            43425.591               0.000               0.000          2502600.447   1.00000 
  2592.750          68.246    850.000       0.243       0.611            40197.940               0.000               0.000          2542798.387   1.00000 
  2593.750          68.084    850.000       0.157       0.394            35995.943               0.000               0.000          2578794.330   1.00000 
  2594.750          67.926    850.000       0.085       0.213            30347.174               0.000               0.000          2609141.505   1.00000 
  2595.750          67.776    850.000       0.033       0.083            22455.866               0.000               0.000          2631597.370   1.00000 
  2596.084          67.729    850.000       0.020       0.051            17255.159               0.000               0.000          2637363.101   1.00000 
  2596.382          67.690    850.000       0.012       0.031            12352.544               0.000               0.000          2641046.182   1.00000 
  2596.611          67.663    850.000       0.008       0.021             8411.720               0.000               0.000          2642966.445   1.00000 
  2596.821          67.641    850.000       0.007       0.016             5364.143               0.000               0.000          2644093.487   1.00000 
  2597.062          67.620    850.000       0.006       0.014             3045.186               0.000               0.000          2644828.329   1.00000 
  2597.303          67.601    850.000       0.006       0.014             1741.506               0.000               0.000          2645248.576   1.00000 
  2597.545          67.585    827.152       0.006       0.014             1071.834               0.000               0.000          2645507.223   1.00000 
