#_______________________________________________________________________________
#    ######   ####     ##             #####   #####     ##    #    #    ## 
#    #       #        #  #            #    #  #    #   #  #   ##  ##   #  #
#    #####    ####   ######           #    #  #####   ######  # ## #  ######
#    #            #  #    #           #    #  #    #  #    #  #    #  #    #
#____######__#####___#____#___________#####___#____#__#____#__#____#__#____#____
#
#              ESA Debris Risk Assessment and Mitigation Analysis
#
#                      ---- DRAMA ( SESAM 2.1.5 ) ----
#                                      ESA 2018
#
#                              aerothermal history file
#-------------------------------------------------------------------------------
# Filename      : sara.Cylind1.ae599747-ecf5-4232-aa46-521c56c71902_AeroThermalHistory.txt
# RunID         : sara
# ObjectID      : ae599747-ecf5-4232-aa46-521c56c71902
# ObjectName    : Cylind1
# ReferenceArea : 0.602696 [m^2]
# Content       : This file contains the aerothermal data of the object,
#                 computed by the DRAMA 3 Re-entry Analysis.
# Documentation : DRAMA Software User Manual, section OPERATIONS MANUAL / Normal operation / SARA / SARA Simulation Output / Re-entry simulation output
# Note          : The convective heat and the integrated heat values in this file take into account the visibility factor
#
#-------------------------------------------------------------------------------------------------------------------------------------------------------------------
#  Time [s]  Altitude [km]   Temp [K]   Mass [kg]   Thick [mm]  Convective Heat [W]  Radiative Heat [W]  Oxidation Heat [W]  Integrated Heat [J] VisibilityFactor [-]
#-------------------------------------------------------------------------------------------------------------------------------------------------------------------
  2545.200          74.831    300.000      93.000      52.448           732618.998               0.000               0.000                0.000   1.00000 
  2545.300          74.820    300.894      93.000      52.448           732858.909               0.000               0.000            73285.891   1.00000 
  2545.750          74.768    304.924      93.000      52.448           733969.930               0.000               0.000           403572.360   1.00000 
  2546.750          74.652    313.892      93.000      52.448           736503.410               0.000               0.000          1140075.769   1.00000 
  2547.750          74.535    322.855      93.000      52.448           739203.738               0.000               0.000          1879279.507   1.00000 
  2548.750          74.418    331.813      93.000      52.448           741882.669               0.000               0.000          2621162.176   1.00000 
  2549.750          74.300    340.765      93.000      52.448           744539.915               0.000               0.000          3365702.092   1.00000 
  2550.750          74.181    349.712      93.000      52.448           747174.986               0.000               0.000          4112877.078   1.00000 
  2551.750          74.062    358.653      93.000      52.448           749787.031               0.000               0.000          4862664.108   1.00000 
  2552.750          73.941    367.581      93.000      52.448           752376.321               0.000               0.000          5615040.429   1.00000 
  2553.750          73.821    376.495      93.000      52.448           754942.447               0.000               0.000          6369982.876   1.00000 
  2554.750          73.699    385.389      93.000      52.448           757484.964               0.000               0.000          7127467.840   1.00000 
  2555.750          73.576    394.258      93.000      52.448           760003.014               0.000               0.000          7887470.854   1.00000 
  2556.750          73.453    403.103      93.000      52.448           762495.772               0.000               0.000          8649966.626   1.00000 
  2557.750          73.329    411.918      93.000      52.448           764963.313               0.000               0.000          9414929.939   1.00000 
  2558.750          73.204    420.704      93.000      52.448           767405.026               0.000               0.000         10182334.965   1.00000 
  2559.750          73.077    429.469      93.000      52.448           769819.948               0.000               0.000         10952154.913   1.00000 
  2560.750          72.951    438.213      93.000      52.448           772206.749               0.000               0.000         11724361.662   1.00000 
  2561.750          72.823    446.919      93.000      52.448           774565.558               0.000               0.000         12498927.220   1.00000 
  2562.750          72.694    455.578      93.000      52.448           776895.557               0.000               0.000         13275822.776   1.00000 
  2563.750          72.564    464.167      93.000      52.448           779194.942               0.000               0.000         14055017.718   1.00000 
  2564.750          72.433    472.638      93.000      52.448           781463.204               0.000               0.000         14836480.922   1.00000 
  2565.750          72.301    480.998      93.000      52.448           783699.921               0.000               0.000         15620180.843   1.00000 
  2566.750          72.167    489.156      93.000      52.448           785902.891               0.000               0.000         16406083.734   1.00000 
  2567.750          72.033    497.126      93.000      52.448           788071.213               0.000               0.000         17194154.947   1.00000 
  2568.750          71.898    504.960      93.000      52.448           790204.805               0.000               0.000         17984359.751   1.00000 
  2569.750          71.761    512.704      93.000      52.448           792265.932               0.000               0.000         18776625.684   1.00000 
  2570.750          71.623    520.360      93.000      52.448           794123.406               0.000               0.000         19570749.089   1.00000 
  2571.750          71.484    528.081      93.000      52.448           795938.611               0.000               0.000         20366687.700   1.00000 
  2572.750          71.344    535.876      93.000      52.448           797707.547               0.000               0.000         21164395.247   1.00000 
  2573.750          71.202    543.758      93.000      52.448           799431.122               0.000               0.000         21963826.368   1.00000 
  2574.750          71.059    551.755      93.000      52.448           801106.316               0.000               0.000         22764932.684   1.00000 
  2575.750          70.915    559.869      93.000      52.448           802731.570               0.000               0.000         23567664.254   1.00000 
  2576.750          70.769    568.029      93.000      52.448           804305.644               0.000               0.000         24371969.898   1.00000 
  2577.750          70.622    576.222      93.000      52.448           805825.204               0.000               0.000         25177795.102   1.00000 
  2578.750          70.474    584.390      93.000      52.448           807289.901               0.000               0.000         25985085.003   1.00000 
  2579.750          70.324    592.449      93.000      52.448           808695.493               0.000               0.000         26793780.496   1.00000 
  2580.750          70.172    600.404      93.000      52.448           810041.942               0.000               0.000         27603822.437   1.00000 
  2581.750          70.019    608.248      93.000      52.448           811324.575               0.000               0.000         28415147.012   1.00000 
  2582.750          69.865    615.983      93.000      52.448           812542.838               0.000               0.000         29227689.851   1.00000 
  2583.750          69.709    623.615      93.000      52.448           813692.580               0.000               0.000         30041382.431   1.00000 
  2584.750          69.551    631.152      93.000      52.448           814771.800               0.000               0.000         30856154.230   1.00000 
  2585.750          69.392    638.595      93.000      52.448           815777.706               0.000               0.000         31671931.936   1.00000 
  2586.750          69.231    645.947      93.000      52.448           816705.994               0.000               0.000         32488637.930   1.00000 
  2587.750          69.068    653.210      93.000      52.448           817555.328               0.000               0.000         33306193.259   1.00000 
  2588.750          68.904    660.387      93.000      52.448           818320.566               0.000               0.000         34124513.825   1.00000 
  2589.750          68.737    667.489      93.000      52.448           818999.057               0.000               0.000         34943512.882   1.00000 
  2590.750          68.569    674.517      93.000      52.448           819587.949               0.000               0.000         35763100.830   1.00000 
  2591.750          68.400    681.476      93.000      52.448           820081.554               0.000               0.000         36583182.384   1.00000 
  2592.750          68.228    688.379      93.000      52.448           820477.178               0.000               0.000         37403659.562   1.00000 
  2593.750          68.054    695.229      93.000      52.448           820770.875               0.000               0.000         38224430.438   1.00000 
  2594.750          67.879    702.041      93.000      52.448           820958.526               0.000               0.000         39045388.963   1.00000 
  2595.750          67.702    708.849      93.000      52.448           821034.353               0.000               0.000         39866423.316   1.00000 
  2596.750          67.522    715.653      93.000      52.448           820994.546               0.000               0.000         40687417.862   1.00000 
  2597.750          67.341    722.561      93.000      52.448           820835.188               0.000               0.000         41508253.050   1.00000 
  2598.750          67.158    729.771      93.000      52.448           820550.990               0.000               0.000         42328804.040   1.00000 
  2599.750          66.972    737.323      93.000      52.448           820136.712               0.000               0.000         43148940.751   1.00000 
  2600.750          66.785    745.080      93.000      52.448           819586.687               0.000               0.000         43968527.438   1.00000 
  2601.750          66.595    752.910      93.000      52.448           818896.045               0.000               0.000         44787423.483   1.00000 
  2602.750          66.404    760.812      93.000      52.448           818059.500               0.000               0.000         45605482.983   1.00000 
  2603.750          66.210    768.692      93.000      52.448           817071.242               0.000               0.000         46422554.225   1.00000 
  2604.750          66.014    776.546      93.000      52.448           815925.932               0.000               0.000         47238480.157   1.00000 
  2605.750          65.815    784.362      93.000      52.448           814617.288               0.000               0.000         48053097.444   1.00000 
  2606.750          65.615    792.125      93.000      52.448           813139.372               0.000               0.000         48866236.817   1.00000 
  2607.750          65.412    799.835      93.000      52.448           811486.377               0.000               0.000         49677723.193   1.00000 
  2608.750          65.207    807.487      93.000      52.448           809651.449               0.000               0.000         50487374.643   1.00000 
  2609.750          65.000    815.080      93.000      52.448           807628.849               0.000               0.000         51295003.492   1.00000 
  2610.750          64.790    822.611      93.000      52.448           805411.901               0.000               0.000         52100415.393   1.00000 
  2611.750          64.578    830.077      93.000      52.448           802994.470               0.000               0.000         52903409.864   1.00000 
  2612.750          64.363    837.476      93.000      52.448           800369.929               0.000               0.000         53703779.793   1.00000 
  2613.750          64.147    844.759      93.000      52.448           797532.209               0.000               0.000         54501312.002   1.00000 
  2614.750          63.927    850.000      92.506      52.134           794475.457               0.000               0.000         55295787.460   1.00000 
  2615.750          63.706    850.000      90.657      50.964           791124.015               0.000               0.000         56086911.474   1.00000 
  2616.750          63.481    850.000      88.819      49.806           787259.115               0.000               0.000         56874170.589   1.00000 
  2617.750          63.255    850.000      86.991      48.661           782826.964               0.000               0.000         57656997.553   1.00000 
  2618.750          63.026    850.000      85.176      47.530           777802.326               0.000               0.000         58434799.879   1.00000 
  2619.750          62.794    850.000      83.375      46.414           772161.295               0.000               0.000         59206961.174   1.00000 
  2620.750          62.560    850.000      81.590      45.313           765879.118               0.000               0.000         59972840.291   1.00000 
  2621.750          62.324    850.000      79.822      44.228           758932.429               0.000               0.000         60731772.721   1.00000 
  2622.750          62.085    850.000      78.074      43.160           751301.554               0.000               0.000         61483074.275   1.00000 
  2623.750          61.844    850.000      76.346      42.110           742966.336               0.000               0.000         62226040.611   1.00000 
  2624.750          61.601    850.000      74.640      41.079           733910.537               0.000               0.000         62959951.147   1.00000 
  2625.750          61.355    850.000      72.960      40.067           724121.026               0.000               0.000         63684072.174   1.00000 
  2626.750          61.107    850.000      71.305      39.075           713586.268               0.000               0.000         64397658.441   1.00000 
  2627.750          60.857    850.000      69.679      38.105           702301.346               0.000               0.000         65099959.787   1.00000 
  2628.750          60.605    850.000      68.083      37.157           690262.663               0.000               0.000         65790222.450   1.00000 
  2629.750          60.351    850.000      66.518      36.232           677474.373               0.000               0.000         66467696.823   1.00000 
  2630.750          60.094    850.000      64.988      35.330           663943.702               0.000               0.000         67131640.524   1.00000 
  2631.750          59.836    850.000      63.493      34.453           649684.994               0.000               0.000         67781325.519   1.00000 
  2632.750          59.575    850.000      62.036      33.601           634718.321               0.000               0.000         68416043.840   1.00000 
  2633.750          59.313    850.000      60.617      32.775           619069.004               0.000               0.000         69035112.844   1.00000 
  2634.750          59.049    850.000      59.240      31.976           602771.249               0.000               0.000         69637884.094   1.00000 
  2635.750          58.783    850.000      57.905      31.204           585865.154               0.000               0.000         70223749.248   1.00000 
  2636.750          58.515    850.000      56.613      30.460           568397.927               0.000               0.000         70792147.175   1.00000 
  2637.750          58.246    850.000      55.366      29.744           550423.105               0.000               0.000         71342570.280   1.00000 
  2638.750          57.975    850.000      54.165      29.056           531999.599               0.000               0.000         71874569.879   1.00000 
  2639.750          57.703    850.000      53.012      28.398           513192.089               0.000               0.000         72387761.968   1.00000 
  2640.750          57.430    850.000      51.906      27.768           494071.424               0.000               0.000         72881833.393   1.00000 
  2641.750          57.155    850.000      50.848      27.168           474711.937               0.000               0.000         73356545.329   1.00000 
  2642.750          56.879    850.000      49.840      26.597           455190.946               0.000               0.000         73811736.276   1.00000 
  2643.750          56.602    850.000      48.880      26.055           435588.708               0.000               0.000         74247324.983   1.00000 
  2644.750          56.324    850.000      47.969      25.542           415986.720               0.000               0.000         74663311.703   1.00000 
  2645.750          56.044    850.000      47.107      25.057           396465.963               0.000               0.000         75059777.666   1.00000 
  2646.750          55.765    850.000      46.294      24.600           377106.208               0.000               0.000         75436883.874   1.00000 
  2647.750          55.484    850.000      45.528      24.172           357984.125               0.000               0.000         75794867.999   1.00000 
  2648.750          55.203    850.000      44.809      23.770           339173.641               0.000               0.000         76134041.640   1.00000 
  2649.750          54.921    850.000      44.137      23.394           320743.362               0.000               0.000         76454785.002   1.00000 
  2650.750          54.638    850.000      43.509      23.045           302756.091               0.000               0.000         76757541.093   1.00000 
  2651.750          54.355    850.000      42.925      22.720           285268.018               0.000               0.000         77042809.111   1.00000 
  2652.750          54.072    850.000      42.383      22.419           268328.147               0.000               0.000         77311137.258   1.00000 
  2653.750          53.788    850.000      41.882      22.141           251978.380               0.000               0.000         77563115.639   1.00000 
  2654.750          53.504    850.000      41.421      21.885           236258.735               0.000               0.000         77799374.374   1.00000 
  2655.750          53.220    850.000      40.997      21.650           221199.258               0.000               0.000         78020573.632   1.00000 
  2656.750          52.936    850.000      40.609      21.436           206817.202               0.000               0.000         78227390.833   1.00000 
  2657.750          52.651    850.000      40.255      21.240           193122.949               0.000               0.000         78420513.782   1.00000 
  2658.750          52.366    850.000      39.934      21.063           180120.354               0.000               0.000         78600634.136   1.00000 
  2659.750          52.082    850.000      39.644      20.903           167807.250               0.000               0.000         78768441.386   1.00000 
  2660.750          51.797    850.000      39.382      20.758           156176.466               0.000               0.000         78924617.852   1.00000 
  2661.750          51.512    850.000      39.148      20.629           145215.976               0.000               0.000         79069833.827   1.00000 
  2662.750          51.227    850.000      38.940      20.515           135008.398               0.000               0.000         79204842.225   1.00000 
  2663.750          50.942    850.000      38.755      20.413           125483.288               0.000               0.000         79330325.513   1.00000 
  2664.750          50.657    850.000      38.593      20.324           116522.471               0.000               0.000         79446847.984   1.00000 
  2665.750          50.372    850.000      38.451      20.246           108109.216               0.000               0.000         79554957.200   1.00000 
  2666.750          50.087    850.000      38.330      20.179           100224.592               0.000               0.000         79655181.793   1.00000 
  2667.750          49.802    850.000      38.227      20.122            92844.670               0.000               0.000         79748026.463   1.00000 
  2668.750          49.517    850.000      38.141      20.075            85955.009               0.000               0.000         79833981.472   1.00000 
  2669.750          49.232    850.000      38.071      20.037            79529.471               0.000               0.000         79913510.944   1.00000 
  2670.750          48.947    850.000      38.016      20.007            73545.183               0.000               0.000         79987056.127   1.00000 
  2671.750          48.662    850.000      37.975      19.984            67979.030               0.000               0.000         80055035.157   1.00000 
  2672.750          48.377    850.000      37.947      19.969            62807.929               0.000               0.000         80117843.086   1.00000 
  2673.750          48.093    850.000      37.931      19.960            58009.077               0.000               0.000         80175852.163   1.00000 
  2674.750          47.808    850.000      37.926      19.957            53560.107               0.000               0.000         80229412.270   1.00000 
  2675.750          47.524    849.950      37.926      19.957            49439.251               0.000               0.000         80278851.521   1.00000 
  2676.750          47.239    849.811      37.926      19.957            45641.772               0.000               0.000         80324493.294   1.00000 
  2677.750          46.955    849.592      37.926      19.957            42164.541               0.000               0.000         80366657.834   1.00000 
  2678.750          46.670    849.299      37.926      19.957            38933.772               0.000               0.000         80405591.607   1.00000 
  2679.750          46.386    848.937      37.926      19.957            35934.076               0.000               0.000         80441525.683   1.00000 
  2680.750          46.102    848.512      37.926      19.957            33150.825               0.000               0.000         80474676.509   1.00000 
  2681.750          45.818    848.028      37.926      19.957            30570.171               0.000               0.000         80505246.680   1.00000 
  2682.750          45.535    847.491      37.926      19.957            28178.981               0.000               0.000         80533425.661   1.00000 
  2683.750          45.252    846.904      37.926      19.957            25964.820               0.000               0.000         80559390.480   1.00000 
  2684.750          44.968    846.272      37.926      19.957            23915.935               0.000               0.000         80583306.416   1.00000 
  2685.750          44.686    845.598      37.926      19.957            22021.218               0.000               0.000         80605327.634   1.00000 
  2686.750          44.403    844.886      37.926      19.957            20270.081               0.000               0.000         80625597.715   1.00000 
  2687.750          44.121    844.138      37.926      19.957            18652.581               0.000               0.000         80644250.296   1.00000 
  2688.750          43.840    843.359      37.926      19.957            17159.363               0.000               0.000         80661409.659   1.00000 
  2689.750          43.558    842.550      37.926      19.957            15781.648               0.000               0.000         80677191.307   1.00000 
  2690.750          43.278    841.714      37.926      19.957            14511.208               0.000               0.000         80691702.515   1.00000 
  2691.750          42.997    840.854      37.926      19.957            13340.303               0.000               0.000         80705042.818   1.00000 
  2692.750          42.718    839.972      37.926      19.957            12261.688               0.000               0.000         80717304.506   1.00000 
  2693.750          42.439    839.070      37.926      19.957            11268.589               0.000               0.000         80728573.095   1.00000 
  2694.750          42.160    838.149      37.926      19.957            10354.675               0.000               0.000         80738927.770   1.00000 
  2695.750          41.882    837.212      37.926      19.957             9514.047               0.000               0.000         80748441.817   1.00000 
  2696.750          41.605    836.259      37.926      19.957             8741.170               0.000               0.000         80757182.987   1.00000 
  2697.750          41.328    835.294      37.926      19.957             8030.894               0.000               0.000         80765213.881   1.00000 
  2698.750          41.052    834.316      37.926      19.957             7378.427               0.000               0.000         80772592.308   1.00000 
  2699.750          40.777    833.327      37.926      19.957             6779.311               0.000               0.000         80779371.619   1.00000 
  2700.750          40.502    832.329      37.926      19.957             6229.397               0.000               0.000         80785601.016   1.00000 
  2701.750          40.228    831.322      37.926      19.957             5724.821               0.000               0.000         80791325.838   1.00000 
  2702.750          39.956    830.310      37.926      19.957             5262.005               0.000               0.000         80796587.843   1.00000 
  2703.750          39.684    829.293      37.926      19.957             4837.637               0.000               0.000         80801425.480   1.00000 
  2704.750          39.412    828.271      37.926      19.957             4448.642               0.000               0.000         80805874.122   1.00000 
  2705.750          39.142    827.246      37.926      19.957             4092.172               0.000               0.000         80809966.294   1.00000 
  2706.750          38.873    826.218      37.926      19.957             3765.596               0.000               0.000         80813731.890   1.00000 
  2707.750          38.604    825.187      37.926      19.957             3466.482               0.000               0.000         80817198.372   1.00000 
  2708.750          38.337    824.155      37.926      19.957             3192.571               0.000               0.000         80820390.943   1.00000 
  2709.750          38.070    823.122      37.926      19.957             2941.784               0.000               0.000         80823332.727   1.00000 
  2710.750          37.805    822.089      37.926      19.957             2712.207               0.000               0.000         80826044.933   1.00000 
  2711.750          37.541    821.055      37.926      19.957             2502.061               0.000               0.000         80828546.995   1.00000 
  2712.750          37.278    820.022      37.926      19.957             2309.720               0.000               0.000         80830856.715   1.00000 
  2713.750          37.016    818.989      37.926      19.957             2133.682               0.000               0.000         80832990.397   1.00000 
  2714.750          36.755    817.957      37.926      19.957             1972.561               0.000               0.000         80834962.959   1.00000 
  2715.750          36.495    816.927      37.926      19.957             1825.091               0.000               0.000         80836788.050   1.00000 
  2716.750          36.237    815.898      37.926      19.957             1690.100               0.000               0.000         80838478.151   1.00000 
  2717.750          35.980    814.871      37.926      19.957             1566.517               0.000               0.000         80840044.668   1.00000 
  2718.750          35.724    813.847      37.926      19.957             1453.359               0.000               0.000         80841498.027   1.00000 
  2719.750          35.469    812.824      37.926      19.957             1349.720               0.000               0.000         80842847.747   1.00000 
  2720.750          35.216    811.804      37.926      19.957             1254.778               0.000               0.000         80844102.526   1.00000 
  2721.750          34.965    810.787      37.926      19.957             1167.769               0.000               0.000         80845270.295   1.00000 
  2722.750          34.715    809.772      37.926      19.957             1088.005               0.000               0.000         80846358.300   1.00000 
  2723.750          34.466    808.761      37.926      19.957             1014.844               0.000               0.000         80847373.144   1.00000 
  2724.750          34.219    807.752      37.926      19.957              947.711               0.000               0.000         80848320.855   1.00000 
  2725.750          33.974    806.747      37.926      19.957              886.070               0.000               0.000         80849206.924   1.00000 
  2726.750          33.730    805.745      37.926      19.957              829.439               0.000               0.000         80850036.363   1.00000 
  2727.750          33.488    804.746      37.926      19.957              777.373               0.000               0.000         80850813.736   1.00000 
  2728.750          33.248    803.751      37.926      19.957              729.469               0.000               0.000         80851543.205   1.00000 
  2729.750          33.009    802.759      37.926      19.957              685.358               0.000               0.000         80852228.563   1.00000 
  2730.750          32.773    801.771      37.926      19.957              644.702               0.000               0.000         80852873.266   1.00000 
  2730.979          32.719    801.546      37.926      19.957              632.171               0.000               0.000         80853017.965   1.00000 
  2731.041          32.704    801.485      37.926      19.957              629.029               0.000               0.000         80853057.000   1.00000 
  2731.085          32.694    801.442      37.926      19.957              627.292               0.000               0.000         80853084.464   1.00000 
  2731.122          32.685    801.405      37.926      19.957              625.856               0.000               0.000         80853107.901   1.00000 
  2731.145          32.680    801.382      37.926      19.957              624.921               0.000               0.000         80853122.362   1.00000 
  2731.169          32.674    801.359      37.926      19.957              312.251               0.000               0.000         80853129.691   1.00000 
  2731.192          32.669    801.336      37.926      19.957              312.367               0.000               0.000         80853137.023   1.00000 
  2731.226          32.661    801.303      37.926      19.957              312.547               0.000               0.000         80853147.500   1.00000 
  2731.244          32.657    801.285      37.926      19.957              312.613               0.000               0.000         80853153.196   1.00000 
  2731.271          32.650    801.258      37.926      19.957              312.624               0.000               0.000         80853161.624   1.00000 
  2731.392          32.622    801.138      37.926      19.957              313.231               0.000               0.000         80853199.623   1.00000 
  2731.402          32.619    801.129      37.926      19.957              313.336               0.000               0.000         80853202.565   1.00000 
  2731.418          32.616    801.113      37.926      19.957              313.351               0.000               0.000         80853207.575   1.00000 
  2731.449          32.608    801.082      37.926      19.957              313.512               0.000               0.000         80853217.370   1.00000 
  2731.482          32.600    801.049      37.926      19.957              313.695               0.000               0.000         80853227.902   1.00000 
  2731.493          32.598    801.039      37.926      19.957              313.742               0.000               0.000         80853231.134   1.00000 
  2731.510          32.594    801.022      37.926      19.957              313.756               0.000               0.000         80853236.526   1.00000 
  2731.587          32.576    800.945      37.926      19.957              314.139               0.000               0.000         80853260.819   1.00000 
  2731.593          32.574    800.939      37.926      19.957              314.205               0.000               0.000         80853262.739   1.00000 
  2731.605          32.571    800.928      37.926      19.957              314.218               0.000               0.000         80853266.308   1.00000 
  2731.630          32.566    800.903      37.926      19.957              314.345               0.000               0.000         80853274.107   1.00000 
  2731.728          32.542    800.806      37.926      19.957              314.578               0.000               0.000         80853305.083   1.00000 
  2731.827          32.519    800.709      37.926      19.957              314.382               0.000               0.000         80853336.039   1.00000 
  2732.270          32.414    800.272      37.926      19.957              316.527               0.000               0.000         80853476.291   1.00000 
  2733.270          32.173    799.287      37.926      19.957              321.297               0.000               0.000         80853797.589   1.00000 
  2734.270          31.929    798.307      37.926      19.957              325.785               0.000               0.000         80854123.374   1.00000 
  2735.270          31.683    797.331      37.926      19.957              329.773               0.000               0.000         80854453.147   1.00000 
  2736.270          31.434    796.360      37.926      19.957              333.254               0.000               0.000         80854786.401   1.00000 
  2737.270          31.183    795.393      37.926      19.957              336.172               0.000               0.000         80855122.574   1.00000 
  2738.270          30.929    794.431      37.926      19.957              338.477               0.000               0.000         80855461.051   1.00000 
  2739.270          30.674    793.473      37.926      19.957              340.125               0.000               0.000         80855801.176   1.00000 
  2740.270          30.418    792.519      37.926      19.957              341.080               0.000               0.000         80856142.256   1.00000 
  2741.270          30.161    791.570      37.926      19.957              341.311               0.000               0.000         80856483.567   1.00000 
  2742.270          29.903    790.625      37.926      19.957              340.802               0.000               0.000         80856824.369   1.00000 
  2743.270          29.645    789.684      37.926      19.957              339.540               0.000               0.000         80857163.909   1.00000 
  2744.270          29.387    788.747      37.926      19.957              337.527               0.000               0.000         80857501.437   1.00000 
  2745.270          29.130    787.815      37.926      19.957              334.772               0.000               0.000         80857836.209   1.00000 
  2746.270          28.872    786.886      37.926      19.957              331.294               0.000               0.000         80858167.502   1.00000 
  2747.270          28.616    785.961      37.926      19.957              327.121               0.000               0.000         80858494.623   1.00000 
  2748.270          28.361    785.041      37.926      19.957              322.288               0.000               0.000         80858816.911   1.00000 
  2749.270          28.107    784.124      37.926      19.957              316.842               0.000               0.000         80859133.753   1.00000 
  2750.270          27.855    783.211      37.926      19.957              310.830               0.000               0.000         80859444.583   1.00000 
  2751.270          27.605    782.302      37.926      19.957              304.309               0.000               0.000         80859748.892   1.00000 
  2752.270          27.357    781.396      37.926      19.957              297.337               0.000               0.000         80860046.228   1.00000 
  2753.270          27.111    780.495      37.926      19.957              289.977               0.000               0.000         80860336.205   1.00000 
  2754.270          26.867    779.597      37.926      19.957              282.290               0.000               0.000         80860618.495   1.00000 
  2755.270          26.627    778.702      37.926      19.957              274.342               0.000               0.000         80860892.838   1.00000 
  2756.270          26.388    777.812      37.926      19.957              266.193               0.000               0.000         80861159.031   1.00000 
  2757.270          26.153    776.925      37.926      19.957              257.905               0.000               0.000         80861416.936   1.00000 
  2758.270          25.921    776.041      37.926      19.957              249.533               0.000               0.000         80861666.468   1.00000 
  2759.270          25.692    775.161      37.926      19.957              241.131               0.000               0.000         80861907.599   1.00000 
  2760.270          25.465    774.285      37.926      19.957              232.749               0.000               0.000         80862140.348   1.00000 
  2761.270          25.243    773.412      37.926      19.957              224.432               0.000               0.000         80862364.780   1.00000 
  2762.270          25.023    772.543      37.926      19.957              216.218               0.000               0.000         80862580.998   1.00000 
  2763.270          24.806    771.677      37.926      19.957              208.144               0.000               0.000         80862789.143   1.00000 
  2764.270          24.593    770.815      37.926      19.957              200.239               0.000               0.000         80862989.382   1.00000 
  2765.270          24.383    769.956      37.926      19.957              192.528               0.000               0.000         80863181.910   1.00000 
  2766.270          24.177    769.101      37.926      19.957              185.032               0.000               0.000         80863366.942   1.00000 
  2767.270          23.973    768.250      37.926      19.957              177.768               0.000               0.000         80863544.710   1.00000 
  2768.270          23.773    767.403      37.926      19.957              170.746               0.000               0.000         80863715.457   1.00000 
  2769.270          23.576    766.559      37.926      19.957              163.977               0.000               0.000         80863879.434   1.00000 
  2770.270          23.382    765.718      37.926      19.957              157.466               0.000               0.000         80864036.900   1.00000 
  2771.270          23.192    764.881      37.926      19.957              151.215               0.000               0.000         80864188.115   1.00000 
  2772.270          23.004    764.048      37.926      19.957              145.224               0.000               0.000         80864333.339   1.00000 
  2773.270          22.820    763.218      37.926      19.957              139.492               0.000               0.000         80864472.831   1.00000 
  2774.270          22.638    762.392      37.926      19.957              134.014               0.000               0.000         80864606.845   1.00000 
  2775.270          22.459    761.569      37.926      19.957              128.786               0.000               0.000         80864735.631   1.00000 
  2776.270          22.283    760.750      37.926      19.957              123.801               0.000               0.000         80864859.432   1.00000 
  2777.270          22.110    759.934      37.926      19.957              119.052               0.000               0.000         80864978.484   1.00000 
  2778.270          21.940    759.121      37.926      19.957              114.530               0.000               0.000         80865093.014   1.00000 
  2779.270          21.772    758.312      37.926      19.957              110.228               0.000               0.000         80865203.242   1.00000 
  2780.270          21.607    757.506      37.926      19.957              106.135               0.000               0.000         80865309.377   1.00000 
  2781.270          21.444    756.704      37.926      19.957              102.244               0.000               0.000         80865411.621   1.00000 
  2782.270          21.284    755.904      37.926      19.957               98.545               0.000               0.000         80865510.166   1.00000 
  2783.270          21.126    755.109      37.926      19.957               95.028               0.000               0.000         80865605.194   1.00000 
  2784.270          20.971    754.316      37.926      19.957               91.686               0.000               0.000         80865696.879   1.00000 
  2785.270          20.818    753.527      37.926      19.957               88.508               0.000               0.000         80865785.387   1.00000 
  2786.270          20.667    752.740      37.926      19.957               85.487               0.000               0.000         80865870.874   1.00000 
  2787.270          20.518    751.958      37.926      19.957               82.613               0.000               0.000         80865953.487   1.00000 
  2788.270          20.371    751.179      37.926      19.957               79.880               0.000               0.000         80866033.367   1.00000 
  2789.270          20.226    750.405      37.926      19.957               77.279               0.000               0.000         80866110.646   1.00000 
  2790.270          20.083    749.635      37.926      19.957               74.803               0.000               0.000         80866185.449   1.00000 
  2791.270          19.942    748.869      37.926      19.957               72.431               0.000               0.000         80866257.881   1.00000 
  2792.270          19.803    748.106      37.926      19.957               70.175               0.000               0.000         80866328.056   1.00000 
  2793.270          19.665    747.348      37.926      19.957               68.034               0.000               0.000         80866396.090   1.00000 
  2794.270          19.530    746.594      37.926      19.957               66.000               0.000               0.000         80866462.090   1.00000 
  2795.270          19.395    745.843      37.926      19.957               64.065               0.000               0.000         80866526.156   1.00000 
  2796.270          19.263    745.097      37.926      19.957               62.224               0.000               0.000         80866588.380   1.00000 
  2797.270          19.132    744.354      37.926      19.957               60.469               0.000               0.000         80866648.849   1.00000 
  2798.270          19.003    743.615      37.926      19.957               58.796               0.000               0.000         80866707.645   1.00000 
  2799.270          18.875    742.880      37.926      19.957               57.198               0.000               0.000         80866764.843   1.00000 
  2800.270          18.749    742.148      37.926      19.957               55.672               0.000               0.000         80866820.515   1.00000 
  2801.270          18.624    741.420      37.926      19.957               54.213               0.000               0.000         80866874.728   1.00000 
  2802.270          18.500    740.696      37.926      19.957               52.816               0.000               0.000         80866927.544   1.00000 
  2803.270          18.378    739.975      37.926      19.957               51.478               0.000               0.000         80866979.023   1.00000 
  2804.270          18.257    739.258      37.926      19.957               50.196               0.000               0.000         80867029.219   1.00000 
  2805.270          18.137    738.545      37.926      19.957               48.966               0.000               0.000         80867078.184   1.00000 
  2806.270          18.018    737.835      37.926      19.957               47.784               0.000               0.000         80867125.968   1.00000 
  2807.270          17.901    737.128      37.926      19.957               46.649               0.000               0.000         80867172.618   1.00000 
  2808.270          17.785    736.425      37.926      19.957               45.558               0.000               0.000         80867218.176   1.00000 
  2809.270          17.670    735.726      37.926      19.957               44.508               0.000               0.000         80867262.683   1.00000 
  2810.270          17.556    735.029      37.926      19.957               43.497               0.000               0.000         80867306.180   1.00000 
  2811.270          17.443    734.336      37.926      19.957               42.523               0.000               0.000         80867348.703   1.00000 
  2812.270          17.331    733.647      37.926      19.957               41.584               0.000               0.000         80867390.287   1.00000 
  2813.270          17.220    732.961      37.926      19.957               40.678               0.000               0.000         80867430.965   1.00000 
  2814.270          17.111    732.278      37.926      19.957               39.803               0.000               0.000         80867470.768   1.00000 
  2815.270          17.002    731.601      37.926      19.957               38.959               0.000               0.000         80867509.727   1.00000 
  2816.270          16.894    730.929      37.926      19.957               38.143               0.000               0.000         80867547.870   1.00000 
  2817.270          16.787    730.263      37.926      19.957               37.354               0.000               0.000         80867585.224   1.00000 
  2818.270          16.681    729.603      37.926      19.957               36.591               0.000               0.000         80867621.815   1.00000 
  2819.270          16.576    728.948      37.926      19.957               35.852               0.000               0.000         80867657.668   1.00000 
  2820.270          16.472    728.299      37.926      19.957               35.137               0.000               0.000         80867692.805   1.00000 
  2821.270          16.369    727.654      37.926      19.957               34.445               0.000               0.000         80867727.250   1.00000 
  2822.270          16.266    727.015      37.926      19.957               33.773               0.000               0.000         80867761.023   1.00000 
  2823.270          16.165    726.380      37.926      19.957               33.122               0.000               0.000         80867794.146   1.00000 
  2824.270          16.064    725.751      37.926      19.957               32.491               0.000               0.000         80867826.637   1.00000 
  2825.270          15.964    725.126      37.926      19.957               31.879               0.000               0.000         80867858.515   1.00000 
  2826.270          15.865    724.506      37.926      19.957               31.284               0.000               0.000         80867889.799   1.00000 
  2827.270          15.767    723.891      37.926      19.957               30.706               0.000               0.000         80867920.505   1.00000 
  2828.270          15.669    723.280      37.926      19.957               30.145               0.000               0.000         80867950.651   1.00000 
  2829.270          15.572    722.674      37.926      19.957               29.600               0.000               0.000         80867980.251   1.00000 
  2830.270          15.476    722.072      37.926      19.957               29.070               0.000               0.000         80868009.321   1.00000 
  2831.270          15.381    721.475      37.926      19.957               28.555               0.000               0.000         80868037.876   1.00000 
  2832.270          15.286    720.882      37.926      19.957               28.053               0.000               0.000         80868065.929   1.00000 
  2833.270          15.192    720.293      37.926      19.957               27.566               0.000               0.000         80868093.495   1.00000 
  2834.270          15.099    719.708      37.926      19.957               27.091               0.000               0.000         80868120.586   1.00000 
  2835.270          15.007    719.127      37.926      19.957               26.628               0.000               0.000         80868147.214   1.00000 
  2836.270          14.915    718.551      37.926      19.957               26.178               0.000               0.000         80868173.392   1.00000 
  2837.270          14.824    717.978      37.926      19.957               25.739               0.000               0.000         80868199.131   1.00000 
  2838.270          14.733    717.410      37.926      19.957               25.312               0.000               0.000         80868224.443   1.00000 
  2839.270          14.643    716.845      37.926      19.957               24.895               0.000               0.000         80868249.339   1.00000 
  2840.270          14.554    716.284      37.926      19.957               24.489               0.000               0.000         80868273.827   1.00000 
  2841.270          14.465    715.726      37.926      19.957               24.092               0.000               0.000         80868297.920   1.00000 
  2842.270          14.377    715.173      37.926      19.957               23.706               0.000               0.000         80868321.626   1.00000 
  2843.270          14.290    714.623      37.926      19.957               23.328               0.000               0.000         80868344.954   1.00000 
  2844.270          14.203    714.076      37.926      19.957               22.960               0.000               0.000         80868367.914   1.00000 
  2845.270          14.117    713.533      37.926      19.957               22.601               0.000               0.000         80868390.515   1.00000 
  2846.270          14.031    712.994      37.926      19.957               22.250               0.000               0.000         80868412.764   1.00000 
  2847.270          13.946    712.458      37.926      19.957               21.907               0.000               0.000         80868434.671   1.00000 
  2848.270          13.861    711.923      37.926      19.957               21.572               0.000               0.000         80868456.243   1.00000 
  2849.270          13.777    711.391      37.926      19.957               21.244               0.000               0.000         80868477.487   1.00000 
  2850.270          13.694    710.860      37.926      19.957               20.924               0.000               0.000         80868498.412   1.00000 
  2851.270          13.611    710.330      37.926      19.957               20.612               0.000               0.000         80868519.023   1.00000 
  2852.270          13.529    709.802      37.926      19.957               20.306               0.000               0.000         80868539.329   1.00000 
  2853.270          13.447    709.276      37.926      19.957               20.007               0.000               0.000         80868559.337   1.00000 
  2854.270          13.366    708.751      37.926      19.957               19.715               0.000               0.000         80868579.051   1.00000 
  2855.270          13.285    708.228      37.926      19.957               19.429               0.000               0.000         80868598.480   1.00000 
  2856.270          13.205    707.706      37.926      19.957               19.149               0.000               0.000         80868617.629   1.00000 
  2857.270          13.125    707.186      37.926      19.957               18.875               0.000               0.000         80868636.504   1.00000 
  2858.270          13.046    706.668      37.926      19.957               18.607               0.000               0.000         80868655.111   1.00000 
  2859.270          12.967    706.151      37.926      19.957               18.345               0.000               0.000         80868673.456   1.00000 
  2860.270          12.889    705.636      37.926      19.957               18.088               0.000               0.000         80868691.544   1.00000 
  2861.270          12.811    705.122      37.926      19.957               17.837               0.000               0.000         80868709.380   1.00000 
  2862.270          12.733    704.610      37.926      19.957               17.590               0.000               0.000         80868726.971   1.00000 
  2863.270          12.657    704.099      37.926      19.957               17.349               0.000               0.000         80868744.320   1.00000 
  2864.270          12.580    703.589      37.926      19.957               17.113               0.000               0.000         80868761.432   1.00000 
  2865.270          12.504    703.082      37.926      19.957               16.881               0.000               0.000         80868778.314   1.00000 
  2866.270          12.429    702.575      37.926      19.957               16.654               0.000               0.000         80868794.968   1.00000 
  2867.270          12.354    702.071      37.926      19.957               16.432               0.000               0.000         80868811.400   1.00000 
  2868.270          12.279    701.567      37.926      19.957               16.214               0.000               0.000         80868827.614   1.00000 
  2869.270          12.205    701.065      37.926      19.957               16.000               0.000               0.000         80868843.614   1.00000 
  2870.270          12.131    700.565      37.926      19.957               15.791               0.000               0.000         80868859.405   1.00000 
  2871.270          12.058    700.066      37.926      19.957               15.586               0.000               0.000         80868874.991   1.00000 
  2872.270          11.985    699.569      37.926      19.957               15.384               0.000               0.000         80868890.375   1.00000 
  2873.270          11.912    699.073      37.926      19.957               15.187               0.000               0.000         80868905.562   1.00000 
  2874.270          11.840    698.578      37.926      19.957               14.993               0.000               0.000         80868920.555   1.00000 
  2875.270          11.769    698.085      37.926      19.957               14.803               0.000               0.000         80868935.358   1.00000 
  2876.270          11.697    697.593      37.926      19.957               14.616               0.000               0.000         80868949.974   1.00000 
  2877.270          11.626    697.103      37.926      19.957               14.433               0.000               0.000         80868964.407   1.00000 
  2878.270          11.556    696.614      37.926      19.957               14.253               0.000               0.000         80868978.660   1.00000 
  2879.270          11.486    696.126      37.926      19.957               14.077               0.000               0.000         80868992.737   1.00000 
  2880.270          11.416    695.640      37.926      19.957               13.904               0.000               0.000         80869006.641   1.00000 
  2881.270          11.347    695.156      37.926      19.957               13.734               0.000               0.000         80869020.375   1.00000 
  2882.270          11.278    694.672      37.926      19.957               13.567               0.000               0.000         80869033.942   1.00000 
  2883.270          11.209    694.190      37.926      19.957               13.403               0.000               0.000         80869047.346   1.00000 
  2884.270          11.141    693.710      37.926      19.957               13.242               0.000               0.000         80869060.588   1.00000 
  2885.270          11.073    693.230      37.926      19.957               13.084               0.000               0.000         80869073.671   1.00000 
  2886.270          11.006    692.752      37.926      19.957               12.928               0.000               0.000         80869086.599   1.00000 
  2887.270          10.939    692.276      37.926      19.957               12.771               0.000               0.000         80869099.370   1.00000 
  2888.270          10.872    691.800      37.926      19.957               12.623               0.000               0.000         80869111.993   1.00000 
  2889.270          10.805    691.326      37.926      19.957               12.485               0.000               0.000         80869124.478   1.00000 
  2890.270          10.739    690.852      37.926      19.957               12.355               0.000               0.000         80869136.833   1.00000 
  2891.270          10.673    690.380      37.926      19.957               12.230               0.000               0.000         80869149.063   1.00000 
  2892.270          10.608    689.909      37.926      19.957               12.110               0.000               0.000         80869161.173   1.00000 
  2893.270          10.542    689.439      37.926      19.957               11.994               0.000               0.000         80869173.167   1.00000 
  2894.270          10.477    688.970      37.926      19.957               11.881               0.000               0.000         80869185.048   1.00000 
  2895.270          10.413    688.502      37.926      19.957               11.771               0.000               0.000         80869196.819   1.00000 
  2896.270          10.348    688.036      37.926      19.957               11.663               0.000               0.000         80869208.482   1.00000 
  2897.270          10.284    687.570      37.926      19.957               11.558               0.000               0.000         80869220.040   1.00000 
  2898.270          10.220    687.106      37.926      19.957               11.455               0.000               0.000         80869231.495   1.00000 
  2899.270          10.157    686.642      37.926      19.957               11.353               0.000               0.000         80869242.848   1.00000 
  2900.270          10.093    686.180      37.926      19.957               11.253               0.000               0.000         80869254.102   1.00000 
  2901.270          10.030    685.718      37.926      19.957               11.155               0.000               0.000         80869265.257   1.00000 
  2902.270           9.967    685.258      37.926      19.957               11.059               0.000               0.000         80869276.316   1.00000 
  2903.270           9.904    684.799      37.926      19.957               10.964               0.000               0.000         80869287.279   1.00000 
  2904.270           9.842    684.341      37.926      19.957               10.870               0.000               0.000         80869298.149   1.00000 
  2905.270           9.780    683.884      37.926      19.957               10.778               0.000               0.000         80869308.927   1.00000 
  2906.270           9.718    683.428      37.926      19.957               10.687               0.000               0.000         80869319.614   1.00000 
  2907.270           9.656    682.973      37.926      19.957               10.598               0.000               0.000         80869330.212   1.00000 
  2908.270           9.595    682.519      37.926      19.957               10.509               0.000               0.000         80869340.721   1.00000 
  2909.270           9.534    682.066      37.926      19.957               10.422               0.000               0.000         80869351.144   1.00000 
  2910.270           9.473    681.615      37.926      19.957               10.337               0.000               0.000         80869361.480   1.00000 
  2911.270           9.412    681.164      37.926      19.957               10.252               0.000               0.000         80869371.732   1.00000 
  2912.270           9.352    680.714      37.926      19.957               10.169               0.000               0.000         80869381.901   1.00000 
  2913.270           9.291    680.265      37.926      19.957               10.087               0.000               0.000         80869391.988   1.00000 
  2914.270           9.231    679.818      37.926      19.957               10.005               0.000               0.000         80869401.993   1.00000 
  2915.270           9.171    679.371      37.926      19.957                9.926               0.000               0.000         80869411.919   1.00000 
  2916.270           9.112    678.925      37.926      19.957                9.847               0.000               0.000         80869421.765   1.00000 
  2917.270           9.053    678.481      37.926      19.957                9.769               0.000               0.000         80869431.534   1.00000 
  2918.270           8.993    678.037      37.926      19.957                9.692               0.000               0.000         80869441.226   1.00000 
  2919.270           8.935    677.594      37.926      19.957                9.616               0.000               0.000         80869450.843   1.00000 
  2920.270           8.876    677.153      37.926      19.957                9.542               0.000               0.000         80869460.384   1.00000 
  2921.270           8.817    676.712      37.926      19.957                9.468               0.000               0.000         80869469.852   1.00000 
  2922.270           8.759    676.273      37.926      19.957                9.395               0.000               0.000         80869479.247   1.00000 
  2923.270           8.701    675.834      37.926      19.957                9.323               0.000               0.000         80869488.570   1.00000 
  2924.270           8.643    675.396      37.926      19.957                9.252               0.000               0.000         80869497.823   1.00000 
  2925.270           8.586    674.960      37.926      19.957                9.182               0.000               0.000         80869507.005   1.00000 
  2926.270           8.528    674.524      37.926      19.957                9.113               0.000               0.000         80869516.119   1.00000 
  2927.270           8.471    674.089      37.926      19.957                9.045               0.000               0.000         80869525.164   1.00000 
  2928.270           8.414    673.656      37.926      19.957                8.978               0.000               0.000         80869534.142   1.00000 
  2929.270           8.357    673.223      37.926      19.957                8.911               0.000               0.000         80869543.053   1.00000 
  2930.270           8.301    672.791      37.926      19.957                8.846               0.000               0.000         80869551.899   1.00000 
  2931.270           8.244    672.360      37.926      19.957                8.781               0.000               0.000         80869560.680   1.00000 
  2932.270           8.188    671.930      37.926      19.957                8.717               0.000               0.000         80869569.397   1.00000 
  2933.270           8.132    671.501      37.926      19.957                8.654               0.000               0.000         80869578.051   1.00000 
  2934.270           8.076    671.073      37.926      19.957                8.591               0.000               0.000         80869586.643   1.00000 
  2935.270           8.021    670.646      37.926      19.957                8.530               0.000               0.000         80869595.172   1.00000 
  2936.270           7.965    670.220      37.926      19.957                8.469               0.000               0.000         80869603.641   1.00000 
  2937.270           7.910    669.794      37.926      19.957                8.409               0.000               0.000         80869612.050   1.00000 
  2938.270           7.855    669.370      37.926      19.957                8.349               0.000               0.000         80869620.400   1.00000 
  2939.270           7.800    668.946      37.926      19.957                8.291               0.000               0.000         80869628.690   1.00000 
  2940.270           7.746    668.523      37.926      19.957                8.233               0.000               0.000         80869636.923   1.00000 
  2941.270           7.691    668.101      37.926      19.957                8.175               0.000               0.000         80869645.099   1.00000 
  2942.270           7.637    667.680      37.926      19.957                8.119               0.000               0.000         80869653.218   1.00000 
  2943.270           7.583    667.260      37.926      19.957                8.063               0.000               0.000         80869661.280   1.00000 
  2944.270           7.529    666.840      37.926      19.957                8.008               0.000               0.000         80869669.288   1.00000 
  2945.270           7.475    666.422      37.926      19.957                7.953               0.000               0.000         80869677.241   1.00000 
  2946.270           7.422    666.004      37.926      19.957                7.899               0.000               0.000         80869685.140   1.00000 
  2947.270           7.368    665.587      37.926      19.957                7.846               0.000               0.000         80869692.986   1.00000 
  2948.270           7.315    665.171      37.926      19.957                7.793               0.000               0.000         80869700.779   1.00000 
  2949.270           7.262    664.756      37.926      19.957                7.741               0.000               0.000         80869708.520   1.00000 
  2950.270           7.209    664.342      37.926      19.957                7.689               0.000               0.000         80869716.209   1.00000 
  2951.270           7.157    663.928      37.926      19.957                7.638               0.000               0.000         80869723.847   1.00000 
  2952.270           7.104    663.516      37.926      19.957                7.588               0.000               0.000         80869731.435   1.00000 
  2953.270           7.052    663.104      37.926      19.957                7.538               0.000               0.000         80869738.973   1.00000 
  2954.270           7.000    662.693      37.926      19.957                7.489               0.000               0.000         80869746.462   1.00000 
  2955.270           6.948    662.283      37.926      19.957                7.440               0.000               0.000         80869753.902   1.00000 
  2956.270           6.896    661.874      37.926      19.957                7.392               0.000               0.000         80869761.295   1.00000 
  2957.270           6.844    661.465      37.926      19.957                7.344               0.000               0.000         80869768.639   1.00000 
  2958.270           6.793    661.058      37.926      19.957                7.297               0.000               0.000         80869775.936   1.00000 
  2959.270           6.741    660.651      37.926      19.957                7.251               0.000               0.000         80869783.187   1.00000 
  2960.270           6.690    660.245      37.926      19.957                7.205               0.000               0.000         80869790.392   1.00000 
  2961.270           6.639    659.840      37.926      19.957                7.159               0.000               0.000         80869797.551   1.00000 
  2962.270           6.588    659.436      37.926      19.957                7.114               0.000               0.000         80869804.665   1.00000 
  2963.270           6.538    659.032      37.926      19.957                7.070               0.000               0.000         80869811.735   1.00000 
  2964.270           6.487    658.630      37.926      19.957                7.026               0.000               0.000         80869818.761   1.00000 
  2965.270           6.437    658.228      37.926      19.957                6.982               0.000               0.000         80869825.742   1.00000 
  2966.270           6.387    657.827      37.926      19.957                6.939               0.000               0.000         80869832.681   1.00000 
  2967.270           6.336    657.426      37.926      19.957                6.896               0.000               0.000         80869839.577   1.00000 
  2968.270           6.287    657.027      37.926      19.957                6.854               0.000               0.000         80869846.431   1.00000 
  2969.270           6.237    656.628      37.926      19.957                6.812               0.000               0.000         80869853.243   1.00000 
  2970.270           6.187    656.230      37.926      19.957                6.771               0.000               0.000         80869860.014   1.00000 
  2971.270           6.138    655.833      37.926      19.957                6.730               0.000               0.000         80869866.744   1.00000 
  2972.270           6.088    655.437      37.926      19.957                6.689               0.000               0.000         80869873.433   1.00000 
  2973.270           6.039    655.042      37.926      19.957                6.649               0.000               0.000         80869880.082   1.00000 
  2974.270           5.990    654.647      37.926      19.957                6.610               0.000               0.000         80869886.691   1.00000 
  2975.270           5.941    654.253      37.926      19.957                6.570               0.000               0.000         80869893.262   1.00000 
  2976.270           5.893    653.860      37.926      19.957                6.531               0.000               0.000         80869899.793   1.00000 
  2977.270           5.844    653.468      37.926      19.957                6.493               0.000               0.000         80869906.286   1.00000 
  2978.270           5.796    653.076      37.926      19.957                6.455               0.000               0.000         80869912.741   1.00000 
  2979.270           5.747    652.685      37.926      19.957                6.417               0.000               0.000         80869919.158   1.00000 
  2980.270           5.699    652.295      37.926      19.957                6.380               0.000               0.000         80869925.538   1.00000 
  2981.270           5.651    651.906      37.926      19.957                6.343               0.000               0.000         80869931.881   1.00000 
  2982.270           5.603    651.518      37.926      19.957                6.306               0.000               0.000         80869938.187   1.00000 
  2983.270           5.556    651.130      37.926      19.957                6.270               0.000               0.000         80869944.457   1.00000 
  2984.270           5.508    650.743      37.926      19.957                6.234               0.000               0.000         80869950.692   1.00000 
  2985.270           5.461    650.357      37.926      19.957                6.199               0.000               0.000         80869956.890   1.00000 
  2986.270           5.413    649.971      37.926      19.957                6.164               0.000               0.000         80869963.054   1.00000 
  2987.270           5.366    649.586      37.926      19.957                6.129               0.000               0.000         80869969.183   1.00000 
  2988.270           5.319    649.202      37.926      19.957                6.094               0.000               0.000         80869975.277   1.00000 
  2989.270           5.272    648.819      37.926      19.957                6.060               0.000               0.000         80869981.338   1.00000 
  2990.270           5.225    648.436      37.926      19.957                6.026               0.000               0.000         80869987.364   1.00000 
  2991.270           5.179    648.054      37.926      19.957                5.993               0.000               0.000         80869993.357   1.00000 
  2992.270           5.132    647.673      37.926      19.957                5.960               0.000               0.000         80869999.317   1.00000 
  2993.270           5.086    647.293      37.926      19.957                5.927               0.000               0.000         80870005.244   1.00000 
  2994.270           5.040    646.913      37.926      19.957                5.894               0.000               0.000         80870011.138   1.00000 
  2995.270           4.994    646.534      37.926      19.957                5.862               0.000               0.000         80870017.001   1.00000 
  2996.270           4.947    646.156      37.926      19.957                5.830               0.000               0.000         80870022.831   1.00000 
  2997.270           4.902    645.778      37.926      19.957                5.799               0.000               0.000         80870028.630   1.00000 
  2998.270           4.856    645.401      37.926      19.957                5.767               0.000               0.000         80870034.397   1.00000 
  2999.270           4.810    645.025      37.926      19.957                5.736               0.000               0.000         80870040.133   1.00000 
  3000.270           4.765    644.650      37.926      19.957                5.706               0.000               0.000         80870045.839   1.00000 
  3001.270           4.719    644.275      37.926      19.957                5.675               0.000               0.000         80870051.514   1.00000 
  3002.270           4.674    643.901      37.926      19.957                5.645               0.000               0.000         80870057.159   1.00000 
  3003.270           4.629    643.528      37.926      19.957                5.615               0.000               0.000         80870062.774   1.00000 
  3004.270           4.584    643.155      37.926      19.957                5.586               0.000               0.000         80870068.360   1.00000 
  3005.270           4.539    642.783      37.926      19.957                5.556               0.000               0.000         80870073.916   1.00000 
  3006.270           4.494    642.412      37.926      19.957                5.527               0.000               0.000         80870079.443   1.00000 
  3007.270           4.449    642.041      37.926      19.957                5.498               0.000               0.000         80870084.941   1.00000 
  3008.270           4.405    641.671      37.926      19.957                5.470               0.000               0.000         80870090.411   1.00000 
  3009.270           4.360    641.302      37.926      19.957                5.441               0.000               0.000         80870095.853   1.00000 
  3010.270           4.316    640.934      37.926      19.957                5.413               0.000               0.000         80870101.266   1.00000 
  3011.270           4.272    640.566      37.926      19.957                5.386               0.000               0.000         80870106.652   1.00000 
  3012.270           4.228    640.199      37.926      19.957                5.358               0.000               0.000         80870112.010   1.00000 
  3013.270           4.184    639.833      37.926      19.957                5.331               0.000               0.000         80870117.341   1.00000 
  3014.270           4.140    639.467      37.926      19.957                5.304               0.000               0.000         80870122.645   1.00000 
  3015.270           4.096    639.102      37.926      19.957                5.277               0.000               0.000         80870127.922   1.00000 
  3016.270           4.053    638.738      37.926      19.957                5.250               0.000               0.000         80870133.172   1.00000 
  3017.270           4.009    638.374      37.926      19.957                5.224               0.000               0.000         80870138.396   1.00000 
  3018.270           3.966    638.011      37.926      19.957                5.198               0.000               0.000         80870143.594   1.00000 
  3019.270           3.922    637.649      37.926      19.957                5.172               0.000               0.000         80870148.766   1.00000 
  3020.270           3.879    637.287      37.926      19.957                5.147               0.000               0.000         80870153.913   1.00000 
  3021.270           3.836    636.926      37.926      19.957                5.121               0.000               0.000         80870159.034   1.00000 
  3022.270           3.793    636.566      37.926      19.957                5.096               0.000               0.000         80870164.130   1.00000 
  3023.270           3.750    636.206      37.926      19.957                5.071               0.000               0.000         80870169.201   1.00000 
  3024.270           3.707    635.847      37.926      19.957                5.046               0.000               0.000         80870174.247   1.00000 
  3025.270           3.665    635.489      37.926      19.957                5.022               0.000               0.000         80870179.268   1.00000 
  3026.270           3.622    635.131      37.926      19.957                4.997               0.000               0.000         80870184.266   1.00000 
  3027.270           3.580    634.774      37.926      19.957                4.973               0.000               0.000         80870189.239   1.00000 
  3028.270           3.537    634.418      37.926      19.957                4.949               0.000               0.000         80870194.188   1.00000 
  3029.270           3.495    634.062      37.926      19.957                4.925               0.000               0.000         80870199.113   1.00000 
  3030.270           3.453    633.707      37.926      19.957                4.902               0.000               0.000         80870204.015   1.00000 
  3031.270           3.411    633.353      37.926      19.957                4.878               0.000               0.000         80870208.893   1.00000 
  3032.270           3.369    632.999      37.926      19.957                4.855               0.000               0.000         80870213.749   1.00000 
  3033.270           3.327    632.646      37.926      19.957                4.832               0.000               0.000         80870218.581   1.00000 
  3034.270           3.285    632.294      37.926      19.957                4.810               0.000               0.000         80870223.391   1.00000 
  3035.270           3.243    631.942      37.926      19.957                4.787               0.000               0.000         80870228.178   1.00000 
  3036.270           3.202    631.591      37.926      19.957                4.765               0.000               0.000         80870232.942   1.00000 
  3037.270           3.160    631.241      37.926      19.957                4.742               0.000               0.000         80870237.684   1.00000 
  3038.270           3.119    630.891      37.926      19.957                4.720               0.000               0.000         80870242.405   1.00000 
  3039.270           3.078    630.542      37.926      19.957                4.698               0.000               0.000         80870247.103   1.00000 
  3040.270           3.036    630.193      37.926      19.957                4.677               0.000               0.000         80870251.780   1.00000 
  3041.270           2.995    629.845      37.926      19.957                4.655               0.000               0.000         80870256.435   1.00000 
  3042.270           2.954    629.498      37.926      19.957                4.634               0.000               0.000         80870261.069   1.00000 
  3043.270           2.914    629.151      37.926      19.957                4.613               0.000               0.000         80870265.682   1.00000 
  3044.270           2.873    628.805      37.926      19.957                4.592               0.000               0.000         80870270.273   1.00000 
  3045.270           2.832    628.460      37.926      19.957                4.571               0.000               0.000         80870274.844   1.00000 
  3046.270           2.791    628.115      37.926      19.957                4.550               0.000               0.000         80870279.394   1.00000 
  3047.270           2.751    627.771      37.926      19.957                4.530               0.000               0.000         80870283.924   1.00000 
  3048.270           2.710    627.428      37.926      19.957                4.509               0.000               0.000         80870288.434   1.00000 
  3049.270           2.670    627.085      37.926      19.957                4.489               0.000               0.000         80870292.923   1.00000 
  3050.270           2.630    626.743      37.926      19.957                4.469               0.000               0.000         80870297.392   1.00000 
  3051.270           2.590    626.401      37.926      19.957                4.449               0.000               0.000         80870301.841   1.00000 
  3052.270           2.550    626.060      37.926      19.957                4.430               0.000               0.000         80870306.271   1.00000 
  3053.270           2.510    625.720      37.926      19.957                4.410               0.000               0.000         80870310.681   1.00000 
  3054.270           2.470    625.380      37.926      19.957                4.391               0.000               0.000         80870315.071   1.00000 
  3055.270           2.430    625.041      37.926      19.957                4.371               0.000               0.000         80870319.443   1.00000 
  3056.270           2.390    624.702      37.926      19.957                4.352               0.000               0.000         80870323.795   1.00000 
  3057.270           2.351    624.364      37.926      19.957                4.333               0.000               0.000         80870328.128   1.00000 
  3058.270           2.311    624.027      37.926      19.957                4.314               0.000               0.000         80870332.442   1.00000 
  3059.270           2.272    623.691      37.926      19.957                4.296               0.000               0.000         80870336.738   1.00000 
  3060.270           2.232    623.354      37.926      19.957                4.277               0.000               0.000         80870341.015   1.00000 
  3061.270           2.193    623.019      37.926      19.957                4.259               0.000               0.000         80870345.274   1.00000 
  3062.270           2.154    622.684      37.926      19.957                4.240               0.000               0.000         80870349.515   1.00000 
  3063.270           2.115    622.350      37.926      19.957                4.222               0.000               0.000         80870353.737   1.00000 
  3064.270           2.076    622.016      37.926      19.957                4.204               0.000               0.000         80870357.941   1.00000 
  3065.270           2.037    621.683      37.926      19.957                4.187               0.000               0.000         80870362.128   1.00000 
  3066.270           1.998    621.351      37.926      19.957                4.169               0.000               0.000         80870366.297   1.00000 
  3067.270           1.959    621.019      37.926      19.957                4.151               0.000               0.000         80870370.448   1.00000 
  3068.270           1.921    620.688      37.926      19.957                4.134               0.000               0.000         80870374.582   1.00000 
  3069.270           1.882    620.357      37.926      19.957                4.116               0.000               0.000         80870378.698   1.00000 
  3070.270           1.843    620.027      37.926      19.957                4.099               0.000               0.000         80870382.797   1.00000 
  3071.270           1.805    619.698      37.926      19.957                4.082               0.000               0.000         80870386.879   1.00000 
  3072.270           1.767    619.369      37.926      19.957                4.065               0.000               0.000         80870390.944   1.00000 
  3073.270           1.728    619.040      37.926      19.957                4.048               0.000               0.000         80870394.993   1.00000 
  3074.270           1.690    618.713      37.926      19.957                4.032               0.000               0.000         80870399.024   1.00000 
  3075.270           1.652    618.386      37.926      19.957                4.015               0.000               0.000         80870403.039   1.00000 
  3076.270           1.614    618.059      37.926      19.957                3.999               0.000               0.000         80870407.038   1.00000 
  3077.270           1.576    617.733      37.926      19.957                3.982               0.000               0.000         80870411.020   1.00000 
  3078.270           1.538    617.408      37.926      19.957                3.966               0.000               0.000         80870414.986   1.00000 
  3079.270           1.501    617.083      37.926      19.957                3.950               0.000               0.000         80870418.936   1.00000 
  3080.270           1.463    616.759      37.926      19.957                3.934               0.000               0.000         80870422.869   1.00000 
  3081.270           1.425    616.435      37.926      19.957                3.918               0.000               0.000         80870426.787   1.00000 
  3082.270           1.388    616.112      37.926      19.957                3.902               0.000               0.000         80870430.690   1.00000 
  3083.270           1.350    615.790      37.926      19.957                3.886               0.000               0.000         80870434.576   1.00000 
  3084.270           1.313    615.468      37.926      19.957                3.871               0.000               0.000         80870438.447   1.00000 
  3085.270           1.275    615.146      37.926      19.957                3.855               0.000               0.000         80870442.302   1.00000 
  3086.270           1.238    614.826      37.926      19.957                3.840               0.000               0.000         80870446.142   1.00000 
  3087.270           1.201    614.506      37.926      19.957                3.825               0.000               0.000         80870449.967   1.00000 
  3088.270           1.164    614.186      37.926      19.957                3.810               0.000               0.000         80870453.777   1.00000 
  3089.270           1.127    613.867      37.926      19.957                3.795               0.000               0.000         80870457.572   1.00000 
  3090.270           1.090    613.548      37.926      19.957                3.780               0.000               0.000         80870461.352   1.00000 
  3091.270           1.053    613.230      37.926      19.957                3.765               0.000               0.000         80870465.117   1.00000 
  3092.270           1.016    612.913      37.926      19.957                3.750               0.000               0.000         80870468.867   1.00000 
  3093.270           0.980    612.596      37.926      19.957                3.736               0.000               0.000         80870472.603   1.00000 
  3094.270           0.943    612.280      37.926      19.957                3.721               0.000               0.000         80870476.324   1.00000 
  3095.270           0.907    611.964      37.926      19.957                3.707               0.000               0.000         80870480.030   1.00000 
  3096.270           0.870    611.649      37.926      19.957                3.692               0.000               0.000         80870483.723   1.00000 
  3097.270           0.834    611.335      37.926      19.957                3.678               0.000               0.000         80870487.401   1.00000 
  3098.270           0.797    611.021      37.926      19.957                3.664               0.000               0.000         80870491.065   1.00000 
  3099.270           0.761    610.707      37.926      19.957                3.650               0.000               0.000         80870494.715   1.00000 
  3100.270           0.725    610.394      37.926      19.957                3.636               0.000               0.000         80870498.351   1.00000 
  3101.270           0.689    610.082      37.926      19.957                3.622               0.000               0.000         80870501.974   1.00000 
  3102.270           0.653    609.770      37.926      19.957                3.609               0.000               0.000         80870505.582   1.00000 
  3103.270           0.617    609.459      37.926      19.957                3.595               0.000               0.000         80870509.177   1.00000 
  3104.270           0.581    609.148      37.926      19.957                3.581               0.000               0.000         80870512.758   1.00000 
  3105.270           0.545    608.838      37.926      19.957                3.568               0.000               0.000         80870516.326   1.00000 
  3106.270           0.509    608.528      37.926      19.957                3.554               0.000               0.000         80870519.881   1.00000 
  3107.270           0.474    608.219      37.926      19.957                3.541               0.000               0.000         80870523.422   1.00000 
  3108.270           0.438    607.910      37.926      19.957                3.528               0.000               0.000         80870526.950   1.00000 
  3109.270           0.403    607.602      37.926      19.957                3.515               0.000               0.000         80870530.465   1.00000 
  3110.270           0.367    607.294      37.926      19.957                3.502               0.000               0.000         80870533.966   1.00000 
  3111.270           0.332    606.987      37.926      19.957                3.489               0.000               0.000         80870537.455   1.00000 
  3112.270           0.296    606.681      37.926      19.957                3.476               0.000               0.000         80870540.931   1.00000 
  3113.270           0.261    606.375      37.926      19.957                3.463               0.000               0.000         80870544.395   1.00000 
  3114.270           0.226    606.069      37.926      19.957                3.451               0.000               0.000         80870547.845   1.00000 
  3115.270           0.191    605.764      37.926      19.957                3.438               0.000               0.000         80870551.283   1.00000 
  3116.270           0.156    605.460      37.926      19.957                3.425               0.000               0.000         80870554.708   1.00000 
  3117.270           0.121    605.156      37.926      19.957                3.413               0.000               0.000         80870558.121   1.00000 
  3118.270           0.086    604.853      37.926      19.957                3.401               0.000               0.000         80870561.522   1.00000 
  3119.270           0.051    604.550      37.926      19.957                3.388               0.000               0.000         80870564.910   1.00000 
  3120.270           0.016    604.247      37.926      19.957                3.376               0.000               0.000         80870568.286   1.00000 
  3121.270           0.000    603.946      37.926      19.957                3.361               0.000               0.000         80870571.648   1.00000 
