#_______________________________________________________________________________
#    ######   ####     ##             #####   #####     ##    #    #    ## 
#    #       #        #  #            #    #  #    #   #  #   ##  ##   #  #
#    #####    ####   ######           #    #  #####   ######  # ## #  ######
#    #            #  #    #           #    #  #    #  #    #  #    #  #    #
#____######__#####___#____#___________#####___#____#__#____#__#____#__#____#____
#
#              ESA Debris Risk Assessment and Mitigation Analysis
#
#                      ---- DRAMA ( SESAM 2.1.5 ) ----
#                                      ESA 2018
#
#                              aerothermal history file
#-------------------------------------------------------------------------------
# Filename      : sara.EDR.4e7a4b59-cee7-44f5-ae91-a119ddf2194d_AeroThermalHistory.txt
# RunID         : sara
# ObjectID      : 4e7a4b59-cee7-44f5-ae91-a119ddf2194d
# ObjectName    : EDR
# ReferenceArea : 0.021372 [m^2]
# Content       : This file contains the aerothermal data of the object,
#                 computed by the DRAMA 3 Re-entry Analysis.
# Documentation : DRAMA Software User Manual, section OPERATIONS MANUAL / Normal operation / SARA / SARA Simulation Output / Re-entry simulation output
# Note          : The convective heat and the integrated heat values in this file take into account the visibility factor
#
#-------------------------------------------------------------------------------------------------------------------------------------------------------------------
#  Time [s]  Altitude [km]   Temp [K]   Mass [kg]   Thick [mm]  Convective Heat [W]  Radiative Heat [W]  Oxidation Heat [W]  Integrated Heat [J] VisibilityFactor [-]
#-------------------------------------------------------------------------------------------------------------------------------------------------------------------
  2354.100          89.986    300.000       2.795       7.211            13813.192               0.000               0.000                0.000   1.00000 
  2354.200          89.980    300.561       2.795       7.211            13822.927               0.000               0.000             1382.293   1.00000 
  2354.650          89.954    303.092       2.795       7.211            13868.198               0.000               0.000             7622.982   1.00000 
  2355.650          89.895    308.753       2.795       7.211            13972.419               0.000               0.000            21595.401   1.00000 
  2356.650          89.836    314.444       2.795       7.211            14085.025               0.000               0.000            35680.426   1.00000 
  2357.650          89.777    320.165       2.795       7.211            14198.357               0.000               0.000            49878.783   1.00000 
  2358.650          89.718    325.917       2.795       7.211            14312.414               0.000               0.000            64191.197   1.00000 
  2359.650          89.659    331.698       2.795       7.211            14427.210               0.000               0.000            78618.407   1.00000 
  2360.650          89.600    337.510       2.795       7.211            14542.751               0.000               0.000            93161.158   1.00000 
  2361.650          89.540    343.352       2.795       7.211            14659.041               0.000               0.000           107820.199   1.00000 
  2362.650          89.481    349.224       2.795       7.211            14776.090               0.000               0.000           122596.289   1.00000 
  2363.650          89.421    355.126       2.795       7.211            14893.901               0.000               0.000           137490.189   1.00000 
  2364.650          89.361    361.057       2.795       7.211            15012.483               0.000               0.000           152502.672   1.00000 
  2365.650          89.301    367.015       2.795       7.211            15131.843               0.000               0.000           167634.515   1.00000 
  2366.650          89.240    372.998       2.795       7.211            15251.986               0.000               0.000           182886.501   1.00000 
  2367.650          89.180    379.008       2.795       7.211            15372.911               0.000               0.000           198259.412   1.00000 
  2368.650          89.119    385.040       2.795       7.211            15494.601               0.000               0.000           213754.013   1.00000 
  2369.650          89.059    391.094       2.795       7.211            15617.142               0.000               0.000           229371.156   1.00000 
  2370.650          88.998    397.170       2.795       7.211            15740.533               0.000               0.000           245111.688   1.00000 
  2371.650          88.937    403.267       2.795       7.211            15864.702               0.000               0.000           260976.390   1.00000 
  2372.650          88.875    409.384       2.795       7.211            15989.694               0.000               0.000           276966.084   1.00000 
  2373.650          88.814    415.520       2.795       7.211            16115.517               0.000               0.000           293081.600   1.00000 
  2374.650          88.752    421.678       2.795       7.211            16242.178               0.000               0.000           309323.779   1.00000 
  2375.650          88.690    427.860       2.795       7.211            16369.687               0.000               0.000           325693.465   1.00000 
  2376.650          88.628    434.066       2.795       7.211            16498.046               0.000               0.000           342191.511   1.00000 
  2377.650          88.566    440.293       2.795       7.211            16627.265               0.000               0.000           358818.777   1.00000 
  2378.650          88.504    446.530       2.795       7.211            16757.351               0.000               0.000           375576.128   1.00000 
  2379.650          88.441    452.776       2.795       7.211            16888.309               0.000               0.000           392464.437   1.00000 
  2380.650          88.379    459.032       2.795       7.211            17020.148               0.000               0.000           409484.586   1.00000 
  2381.650          88.316    465.261       2.795       7.211            17152.873               0.000               0.000           426637.459   1.00000 
  2382.650          88.253    471.463       2.795       7.211            17286.491               0.000               0.000           443923.951   1.00000 
  2383.650          88.189    477.638       2.795       7.211            17421.013               0.000               0.000           461344.963   1.00000 
  2384.650          88.126    483.747       2.795       7.211            17556.438               0.000               0.000           478901.401   1.00000 
  2385.650          88.062    489.782       2.795       7.211            17692.780               0.000               0.000           496594.181   1.00000 
  2386.650          87.998    495.747       2.795       7.211            17830.045               0.000               0.000           514424.226   1.00000 
  2387.650          87.934    501.666       2.795       7.211            17968.234               0.000               0.000           532392.460   1.00000 
  2388.650          87.870    507.566       2.795       7.211            18107.363               0.000               0.000           550499.823   1.00000 
  2389.650          87.805    513.448       2.795       7.211            18247.435               0.000               0.000           568747.258   1.00000 
  2390.650          87.740    519.321       2.795       7.211            18388.455               0.000               0.000           587135.714   1.00000 
  2391.650          87.675    525.270       2.795       7.211            18530.438               0.000               0.000           605666.151   1.00000 
  2392.650          87.610    531.298       2.795       7.211            18673.385               0.000               0.000           624339.536   1.00000 
  2393.650          87.544    537.406       2.795       7.211            18817.304               0.000               0.000           643156.840   1.00000 
  2394.650          87.479    543.612       2.795       7.211            18962.210               0.000               0.000           662119.050   1.00000 
  2395.650          87.413    549.926       2.795       7.211            19108.104               0.000               0.000           681227.154   1.00000 
  2396.650          87.346    556.351       2.795       7.211            19254.997               0.000               0.000           700482.151   1.00000 
  2397.650          87.280    562.862       2.795       7.211            19402.903               0.000               0.000           719885.055   1.00000 
  2398.650          87.213    569.433       2.795       7.211            19551.825               0.000               0.000           739436.879   1.00000 
  2399.650          87.146    576.063       2.795       7.211            19701.775               0.000               0.000           759138.655   1.00000 
  2400.650          87.079    582.712       2.795       7.211            19852.768               0.000               0.000           778991.422   1.00000 
  2401.650          87.012    589.328       2.795       7.211            20004.808               0.000               0.000           798996.231   1.00000 
  2402.650          86.944    595.915       2.795       7.211            20157.912               0.000               0.000           819154.143   1.00000 
  2403.650          86.876    602.468       2.795       7.211            20312.092               0.000               0.000           839466.235   1.00000 
  2404.650          86.807    608.985       2.795       7.211            20467.359               0.000               0.000           859933.594   1.00000 
  2405.650          86.739    615.468       2.795       7.211            20623.731               0.000               0.000           880557.325   1.00000 
  2406.650          86.670    621.920       2.795       7.211            20781.220               0.000               0.000           901338.545   1.00000 
  2407.650          86.601    628.343       2.795       7.211            20939.841               0.000               0.000           922278.386   1.00000 
  2408.650          86.532    634.740       2.795       7.211            21099.623               0.000               0.000           943378.009   1.00000 
  2409.650          86.462    641.111       2.795       7.211            21260.572               0.000               0.000           964638.581   1.00000 
  2410.650          86.392    647.456       2.795       7.211            21422.703               0.000               0.000           986061.284   1.00000 
  2411.650          86.322    653.778       2.795       7.211            21586.071               0.000               0.000          1007647.356   1.00000 
  2412.650          86.251    660.077       2.795       7.211            21750.672               0.000               0.000          1029398.028   1.00000 
  2413.650          86.180    666.360       2.795       7.211            21916.522               0.000               0.000          1051314.549   1.00000 
  2414.650          86.109    672.629       2.795       7.211            22083.682               0.000               0.000          1073398.232   1.00000 
  2415.650          86.038    678.883       2.795       7.211            22252.179               0.000               0.000          1095650.411   1.00000 
  2416.650          85.966    685.136       2.795       7.211            22417.473               0.000               0.000          1118067.884   1.00000 
  2417.650          85.894    691.385       2.795       7.211            22575.609               0.000               0.000          1140643.493   1.00000 
  2418.650          85.821    697.632       2.795       7.211            22735.746               0.000               0.000          1163379.239   1.00000 
  2419.650          85.749    703.908       2.795       7.211            22896.929               0.000               0.000          1186276.168   1.00000 
  2420.650          85.676    710.225       2.795       7.211            23059.122               0.000               0.000          1209335.290   1.00000 
  2421.650          85.602    716.582       2.795       7.211            23222.301               0.000               0.000          1232557.591   1.00000 
  2422.650          85.528    723.124       2.795       7.211            23386.482               0.000               0.000          1255944.072   1.00000 
  2423.650          85.454    729.986       2.795       7.211            23551.664               0.000               0.000          1279495.736   1.00000 
  2424.650          85.380    737.214       2.795       7.211            23717.858               0.000               0.000          1303213.594   1.00000 
  2425.650          85.305    744.684       2.795       7.211            23885.114               0.000               0.000          1327098.708   1.00000 
  2426.650          85.230    752.280       2.795       7.211            24053.376               0.000               0.000          1351152.084   1.00000 
  2427.650          85.155    760.007       2.795       7.211            24222.693               0.000               0.000          1375374.777   1.00000 
  2428.650          85.079    767.785       2.795       7.211            24393.077               0.000               0.000          1399767.855   1.00000 
  2429.650          85.002    775.604       2.795       7.211            24564.502               0.000               0.000          1424332.357   1.00000 
  2430.650          84.926    783.457       2.795       7.211            24736.977               0.000               0.000          1449069.333   1.00000 
  2431.650          84.849    791.327       2.795       7.211            24910.541               0.000               0.000          1473979.874   1.00000 
  2432.650          84.772    799.215       2.795       7.211            25085.201               0.000               0.000          1499065.075   1.00000 
  2433.650          84.694    807.119       2.795       7.211            25260.957               0.000               0.000          1524326.032   1.00000 
  2434.650          84.616    815.037       2.795       7.211            25437.811               0.000               0.000          1549763.842   1.00000 
  2435.650          84.537    822.969       2.795       7.211            25615.737               0.000               0.000          1575379.580   1.00000 
  2436.650          84.458    830.912       2.795       7.211            25794.782               0.000               0.000          1601174.362   1.00000 
  2437.650          84.379    838.866       2.795       7.211            25974.988               0.000               0.000          1627149.350   1.00000 
  2438.650          84.300    846.763       2.795       7.211            26156.313               0.000               0.000          1653305.662   1.00000 
  2439.650          84.219    850.000       2.759       7.109            26338.763               0.000               0.000          1679644.425   1.00000 
  2440.650          84.139    850.000       2.697       6.934            26522.216               0.000               0.000          1706166.641   1.00000 
  2441.650          84.058    850.000       2.635       6.758            26706.441               0.000               0.000          1732873.083   1.00000 
  2442.650          83.977    850.000       2.572       6.582            26891.360               0.000               0.000          1759764.443   1.00000 
  2443.650          83.895    850.000       2.509       6.406            27077.033               0.000               0.000          1786841.476   1.00000 
  2444.650          83.813    850.000       2.445       6.229            27263.367               0.000               0.000          1814104.843   1.00000 
  2445.650          83.730    850.000       2.381       6.051            27450.366               0.000               0.000          1841555.210   1.00000 
  2446.650          83.647    850.000       2.316       5.873            27637.996               0.000               0.000          1869193.205   1.00000 
  2447.650          83.563    850.000       2.251       5.695            27826.213               0.000               0.000          1897019.419   1.00000 
  2448.650          83.479    850.000       2.186       5.516            28014.975               0.000               0.000          1925034.394   1.00000 
  2449.650          83.395    850.000       2.120       5.337            28204.265               0.000               0.000          1953238.659   1.00000 
  2450.650          83.310    850.000       2.053       5.158            28393.974               0.000               0.000          1981632.633   1.00000 
  2451.650          83.225    850.000       1.986       4.978            28584.093               0.000               0.000          2010216.726   1.00000 
  2452.650          83.139    850.000       1.919       4.798            28774.558               0.000               0.000          2038991.285   1.00000 
  2453.650          83.053    850.000       1.851       4.617            28965.322               0.000               0.000          2067956.606   1.00000 
  2454.650          82.966    850.000       1.782       4.436            29156.321               0.000               0.000          2097112.927   1.00000 
  2455.650          82.878    850.000       1.713       4.254            29347.466               0.000               0.000          2126460.393   1.00000 
  2456.650          82.791    850.000       1.644       4.073            29538.713               0.000               0.000          2155999.106   1.00000 
  2457.650          82.702    850.000       1.574       3.890            29729.833               0.000               0.000          2185728.940   1.00000 
  2458.650          82.613    850.000       1.504       3.708            29920.873               0.000               0.000          2215649.813   1.00000 
  2459.650          82.524    850.000       1.433       3.525            30111.698               0.000               0.000          2245761.510   1.00000 
  2460.650          82.434    850.000       1.362       3.342            30302.183               0.000               0.000          2276063.694   1.00000 
  2461.650          82.344    850.000       1.290       3.158            30492.201               0.000               0.000          2306555.894   1.00000 
  2462.650          82.253    850.000       1.218       2.974            30681.607               0.000               0.000          2337237.502   1.00000 
  2463.650          82.161    850.000       1.145       2.790            30870.246               0.000               0.000          2368107.747   1.00000 
  2464.650          82.069    850.000       1.072       2.606            31057.941               0.000               0.000          2399165.688   1.00000 
  2465.650          81.977    850.000       0.998       2.421            31244.505               0.000               0.000          2430410.194   1.00000 
  2466.650          81.884    850.000       0.924       2.236            31429.749               0.000               0.000          2461839.943   1.00000 
  2467.650          81.790    850.000       0.849       2.050            31613.322               0.000               0.000          2493453.264   1.00000 
  2468.650          81.695    850.000       0.774       1.865            31795.065               0.000               0.000          2525248.329   1.00000 
  2469.650          81.600    850.000       0.699       1.679            31974.661               0.000               0.000          2557222.990   1.00000 
  2470.650          81.505    850.000       0.623       1.493            32151.747               0.000               0.000          2589374.738   1.00000 
  2471.650          81.409    850.000       0.547       1.307            32325.966               0.000               0.000          2621700.704   1.00000 
  2472.650          81.312    850.000       0.470       1.121            32496.884               0.000               0.000          2654197.588   1.00000 
  2473.650          81.214    850.000       0.393       0.934            32664.004               0.000               0.000          2686861.592   1.00000 
  2474.650          81.116    850.000       0.315       0.748            32826.792               0.000               0.000          2719688.384   1.00000 
  2475.650          81.018    850.000       0.237       0.562            32984.597               0.000               0.000          2752672.981   1.00000 
  2476.650          80.918    850.000       0.159       0.375            33136.687               0.000               0.000          2785809.668   1.00000 
  2477.650          80.818    850.000       0.080       0.188            33282.219               0.000               0.000          2819091.887   1.00000 
  2478.650          80.717    850.000       0.001       0.002            33420.207               0.000               0.000          2852512.094   1.00000 
  2479.650          80.616    850.000       0.000       0.000            33549.498               0.000               0.000          2886061.592   1.00000 
