#_______________________________________________________________________________
#    ######   ####     ##             #####   #####     ##    #    #    ##
#    #       #        #  #            #    #  #    #   #  #   ##  ##   #  #
#    #####    ####   ######           #    #  #####   ######  # ## #  ######
#    #            #  #    #           #    #  #    #  #    #  #    #  #    #
#____######__#####___#____#___________#####___#____#__#____#__#____#__#____#____
#
#              ESA Debris Risk Assessment and Mitigation Analysis
#
#                      ---- DRAMA ( SESAM 2.1.5 ) ----
#                                      ESA 2018 
#
#                              trajectory history file
#-------------------------------------------------------------------------------
# Filename      : sara.IntRing.c3301475-8229-4bb1-b60e-0685f572310b_Trajectory.txt
# RunID         : sara
# ObjectID      : c3301475-8229-4bb1-b60e-0685f572310b
# ObjectName    : IntRing
# Content       : This file contains the trajectory state data of the object,
#                 computed by the DRAMA 3 Re-entry Analysis.
# Documentation : DRAMA Software User Manual, section OPERATIONS MANUAL / Normal operation / SARA / SARA Simulation Output / Re-entry simulation output
#
#--------------------------------------------------------------------------------------------------------------------------------------------------------------------------------------------
#  Time [s]  Altitude [km]  Lat [deg]  Lon [deg]  Velocity [km/s]   Downrange [km]       Drag       Lift       Side    Knudsen       Mach  Flight Path [deg]  Heading [deg]  Density [kg/m^2]
#--------------------------------------------------------------------------------------------------------------------------------------------------------------------------------------------
  2354.100          89.986     -3.397    -23.804            7.337        17024.229      0.717      0.000      0.000    0.02623   26.78776           -0.45747      100.29077         3.425e-06 
  2354.200          89.980     -3.398    -23.798            7.336        17024.952      0.717      0.000      0.000    0.02620   26.78683           -0.45757      100.29034         3.428e-06 
  2354.650          89.954     -3.403    -23.769            7.335        17028.208      0.716      0.000      0.000    0.02609   26.78248           -0.45805      100.28840         3.442e-06 
  2355.650          89.895     -3.415    -23.705            7.332        17035.441      0.716      0.000      0.000    0.02584   26.77247           -0.45917      100.28409         3.476e-06 
  2356.650          89.836     -3.427    -23.641            7.329        17042.671      0.715      0.000      0.000    0.02558   26.76159           -0.46034      100.27977         3.513e-06 
  2357.650          89.778     -3.438    -23.577            7.326        17049.897      0.714      0.000      0.000    0.02531   26.75062           -0.46157      100.27543         3.550e-06 
  2358.650          89.718     -3.450    -23.513            7.323        17057.121      0.713      0.000      0.000    0.02505   26.73951           -0.46287      100.27108         3.587e-06 
  2359.650          89.659     -3.461    -23.449            7.319        17064.342      0.712      0.000      0.000    0.02479   26.72830           -0.46422      100.26672         3.625e-06 
  2360.650          89.600     -3.473    -23.385            7.316        17071.559      0.711      0.000      0.000    0.02453   26.71698           -0.46564      100.26235         3.663e-06 
  2361.650          89.540     -3.485    -23.321            7.313        17078.774      0.711      0.000      0.000    0.02427   26.70553           -0.46712      100.25796         3.702e-06 
  2362.650          89.481     -3.496    -23.257            7.309        17085.985      0.710      0.000      0.000    0.02401   26.69398           -0.46866      100.25356         3.742e-06 
  2363.650          89.421     -3.508    -23.193            7.306        17093.193      0.709      0.000      0.000    0.02376   26.68229           -0.47027      100.24914         3.782e-06 
  2364.650          89.361     -3.519    -23.130            7.303        17100.397      0.708      0.000      0.000    0.02351   26.67049           -0.47194      100.24472         3.822e-06 
  2365.650          89.300     -3.531    -23.066            7.299        17107.599      0.708      0.000      0.000    0.02326   26.65858           -0.47368      100.24028         3.864e-06 
  2366.650          89.240     -3.543    -23.002            7.296        17114.797      0.707      0.000      0.000    0.02301   26.64653           -0.47548      100.23582         3.905e-06 
  2367.650          89.179     -3.554    -22.938            7.293        17121.992      0.706      0.000      0.000    0.02277   26.63434           -0.47735      100.23136         3.948e-06 
  2368.650          89.118     -3.566    -22.875            7.289        17129.183      0.706      0.000      0.000    0.02252   26.62197           -0.47929      100.22688         3.990e-06 
  2369.650          89.057     -3.577    -22.811            7.286        17136.371      0.705      0.000      0.000    0.02228   26.60955           -0.48129      100.22239         4.034e-06 
  2370.650          88.996     -3.589    -22.747            7.282        17143.556      0.704      0.000      0.000    0.02204   26.59707           -0.48337      100.21788         4.078e-06 
  2371.650          88.934     -3.600    -22.684            7.278        17150.737      0.704      0.000      0.000    0.02180   26.58438           -0.48551      100.21337         4.123e-06 
  2372.650          88.873     -3.612    -22.620            7.275        17157.915      0.703      0.000      0.000    0.02156   26.57156           -0.48772      100.20884         4.169e-06 
  2373.650          88.811     -3.623    -22.557            7.271        17165.090      0.702      0.000      0.000    0.02133   26.55860           -0.49000      100.20429         4.215e-06 
  2374.650          88.748     -3.635    -22.493            7.268        17172.260      0.702      0.000      0.000    0.02109   26.54551           -0.49235      100.19974         4.262e-06 
  2375.650          88.686     -3.646    -22.430            7.264        17179.427      0.701      0.000      0.000    0.02086   26.53228           -0.49478      100.19517         4.309e-06 
  2376.650          88.623     -3.658    -22.366            7.260        17186.591      0.701      0.000      0.000    0.02063   26.51890           -0.49727      100.19059         4.358e-06 
  2377.650          88.560     -3.669    -22.303            7.256        17193.751      0.700      0.000      0.000    0.02040   26.50538           -0.49984      100.18600         4.407e-06 
  2378.650          88.496     -3.681    -22.239            7.253        17200.907      0.700      0.000      0.000    0.02017   26.49172           -0.50249      100.18140         4.457e-06 
  2379.650          88.432     -3.692    -22.176            7.249        17208.060      0.699      0.000      0.000    0.01994   26.47791           -0.50521      100.17678         4.508e-06 
  2380.650          88.368     -3.703    -22.113            7.245        17215.208      0.698      0.000      0.000    0.01972   26.46395           -0.50800      100.17215         4.560e-06 
  2381.650          88.304     -3.715    -22.049            7.241        17222.353      0.698      0.000      0.000    0.01949   26.44984           -0.51087      100.16751         4.612e-06 
  2382.650          88.239     -3.726    -21.986            7.237        17229.495      0.698      0.000      0.000    0.01927   26.43558           -0.51381      100.16286         4.665e-06 
  2383.650          88.174     -3.738    -21.923            7.233        17236.632      0.697      0.000      0.000    0.01905   26.42116           -0.51684      100.15820         4.720e-06 
  2384.650          88.109     -3.749    -21.860            7.229        17243.765      0.697      0.000      0.000    0.01883   26.40658           -0.51994      100.15352         4.775e-06 
  2385.650          88.043     -3.760    -21.797            7.225        17250.895      0.696      0.000      0.000    0.01861   26.39184           -0.52312      100.14883         4.831e-06 
  2386.650          87.977     -3.772    -21.733            7.221        17258.020      0.696      0.000      0.000    0.01839   26.37694           -0.52639      100.14413         4.888e-06 
  2387.650          87.910     -3.783    -21.670            7.216        17265.142      0.695      0.000      0.000    0.01818   26.36187           -0.52973      100.13942         4.946e-06 
  2388.650          87.843     -3.794    -21.607            7.212        17272.259      0.695      0.000      0.000    0.01796   26.34663           -0.53315      100.13469         5.005e-06 
  2389.650          87.776     -3.806    -21.544            7.208        17279.372      0.694      0.000      0.000    0.01775   26.33123           -0.53666      100.12995         5.066e-06 
  2390.650          87.708     -3.817    -21.481            7.204        17286.481      0.694      0.000      0.000    0.01754   26.31564           -0.54025      100.12521         5.127e-06 
  2391.650          87.640     -3.828    -21.418            7.199        17293.586      0.694      0.000      0.000    0.01733   26.29989           -0.54393      100.12045         5.189e-06 
  2392.650          87.572     -3.840    -21.355            7.195        17300.687      0.693      0.000      0.000    0.01712   26.28395           -0.54769      100.11567         5.253e-06 
  2393.650          87.503     -3.851    -21.292            7.191        17307.783      0.693      0.000      0.000    0.01691   26.26783           -0.55154      100.11089         5.318e-06 
  2394.650          87.433     -3.862    -21.230            7.186        17314.875      0.693      0.000      0.000    0.01670   26.25152           -0.55548      100.10610         5.384e-06 
  2395.650          87.363     -3.873    -21.167            7.182        17321.963      0.692      0.000      0.000    0.01650   26.23503           -0.55950      100.10129         5.451e-06 
  2396.650          87.293     -3.885    -21.104            7.177        17329.046      0.692      0.000      0.000    0.01629   26.21835           -0.56362      100.09647         5.520e-06 
  2397.650          87.222     -3.896    -21.041            7.172        17336.125      0.692      0.000      0.000    0.01609   26.20147           -0.56782      100.09164         5.590e-06 
  2398.650          87.151     -3.907    -20.979            7.168        17343.199      0.692      0.000      0.000    0.01589   26.18439           -0.57212      100.08680         5.661e-06 
  2399.650          87.079     -3.918    -20.916            7.163        17350.269      0.691      0.000      0.000    0.01569   26.16711           -0.57651      100.08195         5.733e-06 
  2400.650          87.007     -3.929    -20.853            7.158        17357.334      0.691      0.000      0.000    0.01549   26.14963           -0.58099      100.07709         5.808e-06 
  2401.650          86.934     -3.941    -20.791            7.153        17364.395      0.691      0.000      0.000    0.01529   26.13194           -0.58557      100.07222         5.883e-06 
  2402.650          86.860     -3.952    -20.728            7.148        17371.450      0.691      0.000      0.000    0.01509   26.11403           -0.59024      100.06733         5.960e-06 
  2403.650          86.787     -3.963    -20.666            7.143        17378.501      0.690      0.000      0.000    0.01489   26.09591           -0.59502      100.06244         6.039e-06 
  2404.650          86.712     -3.974    -20.603            7.138        17385.547      0.690      0.000      0.000    0.01470   26.07758           -0.59989      100.05753         6.120e-06 
  2405.650          86.637     -3.985    -20.541            7.133        17392.588      0.690      0.000      0.000    0.01450   26.05901           -0.60486      100.05261         6.202e-06 
  2406.650          86.562     -3.996    -20.478            7.128        17399.625      0.690      0.000      0.000    0.01431   26.04023           -0.60993      100.04768         6.285e-06 
  2407.650          86.485     -4.007    -20.416            7.123        17406.656      0.690      0.000      0.000    0.01412   26.02121           -0.61510      100.04274         6.371e-06 
  2408.650          86.409     -4.018    -20.354            7.118        17413.682      0.689      0.000      0.000    0.01393   26.00195           -0.62038      100.03779         6.459e-06 
  2409.650          86.331     -4.029    -20.292            7.112        17420.703      0.689      0.000      0.000    0.01374   25.98246           -0.62576      100.03283         6.548e-06 
  2410.650          86.253     -4.040    -20.229            7.107        17427.719      0.689      0.000      0.000    0.01355   25.96272           -0.63124      100.02786         6.640e-06 
  2411.650          86.175     -4.051    -20.167            7.102        17434.729      0.689      0.000      0.000    0.01336   25.94274           -0.63684      100.02288         6.733e-06 
  2412.650          86.095     -4.062    -20.105            7.096        17441.734      0.689      0.000      0.000    0.01317   25.92250           -0.64254      100.01789         6.829e-06 
  2413.650          86.015     -4.073    -20.043            7.091        17448.734      0.689      0.000      0.000    0.01299   25.90201           -0.64836      100.01289         6.927e-06 
  2414.650          85.935     -4.084    -19.981            7.085        17455.728      0.689      0.000      0.000    0.01281   25.87326           -0.65429      100.00788         7.023e-06 
  2415.650          85.854     -4.095    -19.919            7.079        17462.717      0.689      0.000      0.000    0.01264   25.84012           -0.66033      100.00285         7.118e-06 
  2416.650          85.772     -4.106    -19.857            7.072        17469.699      0.689      0.000      0.000    0.01247   25.80606           -0.66650       99.99782         7.216e-06 
  2417.650          85.689     -4.117    -19.795            7.066        17476.675      0.689      0.000      0.000    0.01230   25.77099           -0.67280       99.99278         7.316e-06 
  2418.650          85.606     -4.128    -19.733            7.059        17483.645      0.688      0.000      0.000    0.01213   25.73486           -0.67923       99.98773         7.419e-06 
  2419.650          85.522     -4.139    -19.672            7.052        17490.608      0.688      0.000      0.000    0.01196   25.69761           -0.68580       99.98268         7.523e-06 
  2420.650          85.437     -4.150    -19.610            7.045        17497.564      0.688      0.000      0.000    0.01179   25.65910           -0.69251       99.97761         7.630e-06 
  2421.650          85.351     -4.161    -19.548            7.037        17504.513      0.688      0.000      0.000    0.01162   25.61929           -0.69938       99.97253         7.740e-06 
  2422.650          85.265     -4.172    -19.487            7.029        17511.453      0.688      0.000      0.000    0.01146   25.57813           -0.70640       99.96745         7.851e-06 
  2423.650          85.178     -4.183    -19.425            7.020        17518.386      0.688      0.000      0.000    0.01129   25.53546           -0.71360       99.96236         7.966e-06 
  2424.650          85.090     -4.194    -19.364            7.011        17525.310      0.688      0.000      0.000    0.01113   25.49118           -0.72097       99.95726         8.083e-06 
  2425.650          85.002     -4.204    -19.303            7.002        17532.225      0.688      0.000      0.000    0.01097   25.44517           -0.72852       99.95215         8.202e-06 
  2426.650          84.912     -4.215    -19.241            6.992        17539.131      0.688      0.000      0.000    0.01081   25.39728           -0.73627       99.94704         8.324e-06 
  2427.650          84.822     -4.226    -19.180            6.982        17546.027      0.688      0.000      0.000    0.01065   25.34736           -0.74423       99.94192         8.450e-06 
  2428.650          84.731     -4.237    -19.119            6.970        17552.912      0.688      0.000      0.000    0.01049   25.29521           -0.75240       99.93680         8.578e-06 
  2429.650          84.639     -4.247    -19.058            6.959        17559.786      0.688      0.000      0.000    0.01033   25.24066           -0.76080       99.93167         8.709e-06 
  2430.650          84.546     -4.258    -18.997            6.946        17566.648      0.688      0.000      0.000    0.01017   25.18342           -0.76945       99.92654         8.844e-06 
  2431.650          84.452     -4.269    -18.936            6.933        17573.498      0.688      0.000      0.000    0.01002   25.12322           -0.77837       99.92140         8.981e-06 
  2432.650          84.358     -4.279    -18.876            6.919        17580.334      0.688      0.000      0.000    0.00986   25.05979           -0.78756       99.91626         9.122e-06 
  2433.650          84.262     -4.290    -18.815            6.904        17587.155      0.688      0.000      0.000    0.00971   24.99275           -0.79705       99.91112         9.267e-06 
  2434.650          84.166     -4.301    -18.755            6.888        17593.962      0.688      0.000      0.000    0.00956   24.92167           -0.80686       99.90597         9.415e-06 
  2435.650          84.068     -4.311    -18.695            6.870        17600.752      0.688      0.000      0.000    0.00940   24.84605           -0.81702       99.90083         9.567e-06 
  2436.650          83.970     -4.322    -18.635            6.851        17607.523      0.688      0.000      0.000    0.00925   24.76517           -0.82755       99.89568         9.722e-06 
  2437.650          83.870     -4.332    -18.575            6.830        17614.276      0.688      0.000      0.000    0.00910   24.67842           -0.83850       99.89054         9.882e-06 
  2438.650          83.770     -4.343    -18.515            6.808        17621.007      0.688      0.000      0.000    0.00896   24.58485           -0.84989       99.88540         1.005e-05 
  2439.650          83.668     -4.353    -18.455            6.783        17627.715      0.688      0.000      0.000    0.00881   24.48331           -0.86177       99.88027         1.021e-05 
  2440.650          83.566     -4.363    -18.396            6.756        17634.397      0.688      0.000      0.000    0.00866   24.37238           -0.87420       99.87514         1.039e-05 
  2441.650          83.462     -4.374    -18.337            6.725        17641.051      0.688      0.000      0.000    0.00852   24.25021           -0.88724       99.87003         1.056e-05 
  2442.650          83.357     -4.384    -18.278            6.691        17647.672      0.688      0.000      0.000    0.00837   24.11442           -0.90096       99.86492         1.075e-05 
  2443.650          83.252     -4.394    -18.220            6.651        17654.257      0.688      0.000      0.000    0.00823   23.96167           -0.91547       99.85984         1.093e-05 
  2444.650          83.145     -4.404    -18.162            6.606        17660.801      0.688      0.000      0.000    0.00809   23.78740           -0.93089       99.85478         1.112e-05 
  2445.650          83.037     -4.414    -18.104            6.552        17667.295      0.688      0.000      0.000    0.00795   23.58495           -0.94737       99.84974         1.132e-05 
  2446.650          82.928     -4.424    -18.047            6.488        17673.732      0.688      0.000      0.000    0.00781   23.34415           -0.96515       99.84475         1.152e-05 
  2447.650          82.819     -4.434    -17.991            6.407        17680.096      0.688      0.000      0.000    0.00767   23.04829           -0.98453       99.83981         1.173e-05 
  2448.650          82.708     -4.444    -17.935            6.301        17686.369      0.688      0.000      0.000    0.00754   22.66727           -1.00601       99.83495         1.194e-05 
  2449.650          82.598     -4.453    -17.880            6.152        17692.516      0.688      0.000      0.000    0.00740   22.13884           -1.03043       99.83021         1.216e-05 
  2450.650          82.488     -4.462    -17.827            5.911        17698.469      0.688      0.000      0.000    0.00727   21.29947           -1.05957       99.82570         1.238e-05 
  2451.650          82.382     -4.471    -17.778            5.361        17704.025      0.688      0.000      0.000    0.00715   19.44074           -1.09922       99.82187         1.259e-05 
