#_______________________________________________________________________________
#    ######   ####     ##             #####   #####     ##    #    #    ## 
#    #       #        #  #            #    #  #    #   #  #   ##  ##   #  #
#    #####    ####   ######           #    #  #####   ######  # ## #  ######
#    #            #  #    #           #    #  #    #  #    #  #    #  #    #
#____######__#####___#____#___________#####___#____#__#____#__#____#__#____#____
#
#              ESA Debris Risk Assessment and Mitigation Analysis
#
#                      ---- DRAMA ( SESAM 2.1.5 ) ----
#                                      ESA 2018
#
#                              aerothermal history file
#-------------------------------------------------------------------------------
# Filename      : PySara.OBA.1639538e-29da-4716-9d3c-53b7b487923a_AeroThermalHistory.txt
# RunID         : PySara
# ObjectID      : 1639538e-29da-4716-9d3c-53b7b487923a
# ObjectName    : OBA
# ReferenceArea : 0.023668 [m^2]
# Content       : This file contains the aerothermal data of the object,
#                 computed by the DRAMA 3 Re-entry Analysis.
# Documentation : DRAMA Software User Manual, section OPERATIONS MANUAL / Normal operation / SARA / SARA Simulation Output / Re-entry simulation output
# Note          : The convective heat and the integrated heat values in this file take into account the visibility factor
#
#-------------------------------------------------------------------------------------------------------------------------------------------------------------------
#  Time [s]  Altitude [km]   Temp [K]   Mass [kg]   Thick [mm]  Convective Heat [W]  Radiative Heat [W]  Oxidation Heat [W]  Integrated Heat [J] VisibilityFactor [-]
#-------------------------------------------------------------------------------------------------------------------------------------------------------------------
  2551.100          87.789    300.000       2.300       4.726            21845.528               0.000               0.000                0.000   1.00000 
  2551.200          87.783    301.078       2.300       4.726            21856.663               0.000               0.000             2185.666   1.00000 
  2551.650          87.757    305.939       2.300       4.726            21908.403               0.000               0.000            12044.448   1.00000 
  2552.650          87.697    316.773       2.300       4.726            22027.255               0.000               0.000            34071.703   1.00000 
  2553.650          87.636    327.615       2.300       4.726            22155.276               0.000               0.000            56226.978   1.00000 
  2554.650          87.576    338.464       2.300       4.726            22283.716               0.000               0.000            78510.695   1.00000 
  2555.650          87.516    349.320       2.300       4.726            22412.589               0.000               0.000           100923.283   1.00000 
  2556.650          87.455    360.182       2.300       4.726            22541.905               0.000               0.000           123465.189   1.00000 
  2557.650          87.394    371.042       2.300       4.726            22671.678               0.000               0.000           146136.867   1.00000 
  2558.650          87.333    381.895       2.300       4.726            22801.920               0.000               0.000           168938.786   1.00000 
  2559.650          87.272    392.731       2.300       4.726            22932.642               0.000               0.000           191871.428   1.00000 
  2560.650          87.211    403.548       2.300       4.726            23063.858               0.000               0.000           214935.287   1.00000 
  2561.650          87.149    414.338       2.300       4.726            23195.581               0.000               0.000           238130.868   1.00000 
  2562.650          87.088    425.105       2.300       4.726            23327.822               0.000               0.000           261458.690   1.00000 
  2563.650          87.026    435.859       2.300       4.726            23460.596               0.000               0.000           284919.286   1.00000 
  2564.650          86.964    446.589       2.300       4.726            23593.914               0.000               0.000           308513.200   1.00000 
  2565.650          86.901    457.265       2.300       4.726            23727.790               0.000               0.000           332240.990   1.00000 
  2566.650          86.839    467.844       2.300       4.726            23862.237               0.000               0.000           356103.227   1.00000 
  2567.650          86.776    478.265       2.300       4.726            23997.268               0.000               0.000           380100.496   1.00000 
  2568.650          86.713    488.462       2.300       4.726            24132.897               0.000               0.000           404233.392   1.00000 
  2569.650          86.649    498.382       2.300       4.726            24269.135               0.000               0.000           428502.528   1.00000 
  2570.650          86.586    508.117       2.300       4.726            24405.998               0.000               0.000           452908.526   1.00000 
  2571.650          86.522    517.734       2.300       4.726            24543.498               0.000               0.000           477452.024   1.00000 
  2572.650          86.458    527.362       2.300       4.726            24681.649               0.000               0.000           502133.673   1.00000 
  2573.650          86.393    537.129       2.300       4.726            24820.464               0.000               0.000           526954.137   1.00000 
  2574.650          86.329    547.065       2.300       4.726            24959.957               0.000               0.000           551914.094   1.00000 
  2575.650          86.264    557.210       2.300       4.726            25100.141               0.000               0.000           577014.235   1.00000 
  2576.650          86.198    567.517       2.300       4.726            25241.030               0.000               0.000           602255.265   1.00000 
  2577.650          86.133    577.906       2.300       4.726            25382.637               0.000               0.000           627637.902   1.00000 
  2578.650          86.067    588.269       2.300       4.726            25524.977               0.000               0.000           653162.879   1.00000 
  2579.650          86.001    598.491       2.300       4.726            25668.062               0.000               0.000           678830.941   1.00000 
  2580.650          85.934    608.569       2.300       4.726            25811.906               0.000               0.000           704642.847   1.00000 
  2581.650          85.867    618.502       2.300       4.726            25956.523               0.000               0.000           730599.370   1.00000 
  2582.650          85.800    628.302       2.300       4.726            26101.927               0.000               0.000           756701.297   1.00000 
  2583.650          85.732    637.979       2.300       4.726            26248.131               0.000               0.000           782949.428   1.00000 
  2584.650          85.664    647.540       2.300       4.726            26395.148               0.000               0.000           809344.576   1.00000 
  2585.650          85.596    656.989       2.300       4.726            26542.992               0.000               0.000           835887.568   1.00000 
  2586.650          85.527    666.337       2.300       4.726            26691.677               0.000               0.000           862579.245   1.00000 
  2587.650          85.458    675.598       2.300       4.726            26841.215               0.000               0.000           889420.460   1.00000 
  2588.650          85.389    684.782       2.300       4.726            26991.621               0.000               0.000           916412.081   1.00000 
  2589.650          85.319    693.915       2.300       4.726            27142.907               0.000               0.000           943554.988   1.00000 
  2590.650          85.248    703.006       2.300       4.726            27295.086               0.000               0.000           970850.074   1.00000 
  2591.650          85.178    712.139       2.300       4.726            27448.173               0.000               0.000           998298.247   1.00000 
  2592.650          85.106    721.313       2.300       4.726            27602.178               0.000               0.000          1025900.425   1.00000 
  2593.650          85.035    731.020       2.300       4.726            27757.116               0.000               0.000          1053657.541   1.00000 
  2594.650          84.963    741.416       2.300       4.726            27912.999               0.000               0.000          1081570.541   1.00000 
  2595.650          84.890    752.126       2.300       4.726            28069.841               0.000               0.000          1109640.382   1.00000 
  2596.650          84.817    763.046       2.300       4.726            28227.655               0.000               0.000          1137868.037   1.00000 
  2597.650          84.744    774.015       2.300       4.726            28386.456               0.000               0.000          1166254.494   1.00000 
  2598.650          84.670    785.010       2.300       4.726            28546.259               0.000               0.000          1194800.752   1.00000 
  2599.650          84.595    795.990       2.300       4.726            28707.076               0.000               0.000          1223507.828   1.00000 
  2600.650          84.520    806.954       2.300       4.726            28868.922               0.000               0.000          1252376.751   1.00000 
  2601.650          84.445    817.896       2.300       4.726            29031.812               0.000               0.000          1281408.563   1.00000 
  2602.650          84.369    828.816       2.300       4.726            29195.759               0.000               0.000          1310604.321   1.00000 
  2603.650          84.292    839.707       2.300       4.726            29360.776               0.000               0.000          1339965.097   1.00000 
  2604.650          84.215    850.000       2.297       4.719            29526.878               0.000               0.000          1369491.975   1.00000 
  2605.650          84.138    850.000       2.228       4.569            29694.014               0.000               0.000          1399185.989   1.00000 
  2606.650          84.059    850.000       2.159       4.419            29860.697               0.000               0.000          1429046.686   1.00000 
  2607.650          83.981    850.000       2.089       4.269            30026.553               0.000               0.000          1459073.239   1.00000 
  2608.650          83.901    850.000       2.019       4.118            30191.378               0.000               0.000          1489264.617   1.00000 
  2609.650          83.822    850.000       1.949       3.967            30354.943               0.000               0.000          1519619.560   1.00000 
  2610.650          83.741    850.000       1.878       3.816            30516.990               0.000               0.000          1550136.550   1.00000 
  2611.650          83.660    850.000       1.807       3.665            30677.227               0.000               0.000          1580813.777   1.00000 
  2612.650          83.578    850.000       1.735       3.513            30835.322               0.000               0.000          1611649.099   1.00000 
  2613.650          83.496    850.000       1.663       3.361            30990.899               0.000               0.000          1642639.999   1.00000 
  2614.650          83.413    850.000       1.590       3.208            31143.527               0.000               0.000          1673783.526   1.00000 
  2615.650          83.330    850.000       1.518       3.056            31292.710               0.000               0.000          1705076.235   1.00000 
  2616.650          83.246    850.000       1.444       2.903            31437.875               0.000               0.000          1736514.110   1.00000 
  2617.650          83.161    850.000       1.371       2.750            31578.358               0.000               0.000          1768092.468   1.00000 
  2618.650          83.075    850.000       1.297       2.597            31713.384               0.000               0.000          1799805.852   1.00000 
  2619.650          82.989    850.000       1.223       2.444            31842.037               0.000               0.000          1831647.889   1.00000 
  2620.650          82.902    850.000       1.148       2.291            31963.237               0.000               0.000          1863611.125   1.00000 
  2621.650          82.815    850.000       1.073       2.138            32075.685               0.000               0.000          1895686.810   1.00000 
  2622.650          82.726    850.000       0.998       1.985            32177.817               0.000               0.000          1927864.627   1.00000 
  2623.650          82.637    850.000       0.923       1.832            32267.717               0.000               0.000          1960132.344   1.00000 
  2624.650          82.547    850.000       0.848       1.679            32343.016               0.000               0.000          1992475.359   1.00000 
  2625.650          82.457    850.000       0.772       1.527            32400.729               0.000               0.000          2024876.089   1.00000 
  2626.650          82.366    850.000       0.696       1.374            32437.042               0.000               0.000          2057313.130   1.00000 
  2627.650          82.273    850.000       0.621       1.223            32446.958               0.000               0.000          2089760.088   1.00000 
  2628.650          82.181    850.000       0.545       1.072            32423.774               0.000               0.000          2122183.863   1.00000 
  2629.650          82.087    850.000       0.469       0.922            32358.205               0.000               0.000          2154542.067   1.00000 
  2630.650          81.992    850.000       0.394       0.773            32236.854               0.000               0.000          2186778.921   1.00000 
  2631.650          81.897    850.000       0.320       0.625            32039.380               0.000               0.000          2218818.300   1.00000 
  2632.650          81.801    850.000       0.246       0.480            31732.646               0.000               0.000          2250550.947   1.00000 
  2633.650          81.704    850.000       0.173       0.337            31257.016               0.000               0.000          2281807.963   1.00000 
  2634.650          81.607    850.000       0.102       0.199            30487.225               0.000               0.000          2312295.187   1.00000 
  2635.650          81.509    850.000       0.035       0.068            29076.293               0.000               0.000          2341371.480   1.00000 
  2636.650          81.413    850.000       0.000       0.000            25093.956               0.000               0.000          2366465.436   1.00000 
