#_______________________________________________________________________________
#    ######   ####     ##             #####   #####     ##    #    #    ##
#    #       #        #  #            #    #  #    #   #  #   ##  ##   #  #
#    #####    ####   ######           #    #  #####   ######  # ## #  ######
#    #            #  #    #           #    #  #    #  #    #  #    #  #    #
#____######__#####___#____#___________#####___#____#__#____#__#____#__#____#____
#
#              ESA Debris Risk Assessment and Mitigation Analysis
#
#                      ---- DRAMA ( SESAM 2.1.5 ) ----
#                                      ESA 2018 
#
#                              trajectory history file
#-------------------------------------------------------------------------------
# Filename      : sara.TCU.ec89d4c6-20df-4070-b733-9f1552d41c7e_Trajectory.txt
# RunID         : sara
# ObjectID      : ec89d4c6-20df-4070-b733-9f1552d41c7e
# ObjectName    : TCU
# Content       : This file contains the trajectory state data of the object,
#                 computed by the DRAMA 3 Re-entry Analysis.
# Documentation : DRAMA Software User Manual, section OPERATIONS MANUAL / Normal operation / SARA / SARA Simulation Output / Re-entry simulation output
#
#--------------------------------------------------------------------------------------------------------------------------------------------------------------------------------------------
#  Time [s]  Altitude [km]  Lat [deg]  Lon [deg]  Velocity [km/s]   Downrange [km]       Drag       Lift       Side    Knudsen       Mach  Flight Path [deg]  Heading [deg]  Density [kg/m^2]
#--------------------------------------------------------------------------------------------------------------------------------------------------------------------------------------------
   903.200          76.419     72.580    178.974            7.546         6903.219      1.905      0.000      0.000    0.00563   26.24982           -1.00219      175.26341         3.219e-05 
   903.300          76.406     72.573    178.976            7.545         6903.962      1.905      0.000      0.000    0.00562   26.24574           -1.00278      175.26596         3.224e-05 
   903.750          76.347     72.544    178.984            7.541         6907.308      1.905      0.000      0.000    0.00558   26.22673           -1.00543      175.27741         3.251e-05 
   904.750          76.214     72.477    179.002            7.532         6914.736      1.905      0.000      0.000    0.00547   26.18279           -1.01144      175.30271         3.313e-05 
   905.750          76.081     72.411    179.020            7.523         6922.156      1.905      0.000      0.000    0.00536   26.13506           -1.01762      175.32782         3.381e-05 
   906.750          75.947     72.344    179.038            7.514         6929.566      1.905      0.000      0.000    0.00525   26.08675           -1.02397      175.35275         3.450e-05 
   907.750          75.812     72.278    179.056            7.504         6936.968      1.905      0.000      0.000    0.00515   26.03784           -1.03049      175.37749         3.521e-05 
   908.750          75.677     72.212    179.073            7.495         6944.361      1.905      0.000      0.000    0.00504   25.98832           -1.03719      175.40206         3.595e-05 
   909.750          75.541     72.146    179.091            7.485         6951.744      1.905      0.000      0.000    0.00494   25.93818           -1.04407      175.42645         3.669e-05 
   910.750          75.404     72.080    179.108            7.475         6959.118      1.905      0.000      0.000    0.00484   25.88740           -1.05113      175.45066         3.746e-05 
   911.750          75.266     72.014    179.125            7.465         6966.483      1.905      0.000      0.000    0.00474   25.83598           -1.05838      175.47470         3.825e-05 
   912.750          75.128     71.948    179.142            7.455         6973.837      1.905      0.000      0.000    0.00464   25.78389           -1.06582      175.49857         3.905e-05 
   913.750          74.989     71.882    179.158            7.445         6981.182      1.905      0.000      0.000    0.00454   25.73113           -1.07346      175.52227         3.988e-05 
   914.750          74.849     71.816    179.175            7.434         6988.516      1.905      0.000      0.000    0.00445   25.67769           -1.08129      175.54580         4.073e-05 
   915.750          74.709     71.751    179.191            7.423         6995.840      1.905      0.000      0.000    0.00436   25.62353           -1.08933      175.56916         4.160e-05 
   916.750          74.567     71.685    179.207            7.412         7003.154      1.905      0.000      0.000    0.00427   25.56866           -1.09758      175.59236         4.250e-05 
   917.750          74.425     71.620    179.223            7.401         7010.456      1.905      0.000      0.000    0.00417   25.51306           -1.10604      175.61540         4.341e-05 
   918.750          74.281     71.555    179.239            7.390         7017.748      1.905      0.000      0.000    0.00409   25.45671           -1.11471      175.63827         4.435e-05 
   919.750          74.137     71.489    179.255            7.378         7025.029      1.905      0.000      0.000    0.00400   25.39961           -1.12360      175.66098         4.532e-05 
   920.750          73.992     71.424    179.270            7.366         7032.298      1.905      0.000      0.000    0.00391   25.34173           -1.13272      175.68354         4.632e-05 
   921.750          73.846     71.359    179.285            7.354         7039.555      1.905      0.000      0.000    0.00383   25.28306           -1.14207      175.70594         4.734e-05 
   922.750          73.699     71.294    179.300            7.342         7046.801      1.905      0.000      0.000    0.00375   25.22358           -1.15165      175.72819         4.838e-05 
   923.750          73.551     71.229    179.316            7.329         7054.034      1.905      0.000      0.000    0.00366   25.16328           -1.16147      175.75028         4.946e-05 
   924.750          73.402     71.165    179.330            7.316         7061.256      1.905      0.000      0.000    0.00358   25.10213           -1.17153      175.77222         5.057e-05 
   925.750          73.251     71.100    179.345            7.303         7068.464      1.905      0.000      0.000    0.00351   25.04013           -1.18184      175.79401         5.171e-05 
   926.750          73.100     71.036    179.360            7.290         7075.660      1.905      0.000      0.000    0.00343   24.97726           -1.19241      175.81566         5.288e-05 
   927.750          72.948     70.971    179.374            7.276         7082.843      1.905      0.000      0.000    0.00335   24.91350           -1.20323      175.83715         5.409e-05 
   928.750          72.795     70.907    179.388            7.263         7090.013      1.905      0.000      0.000    0.00328   24.84863           -1.21432      175.85851         5.533e-05 
   929.750          72.640     70.843    179.402            7.248         7097.168      1.905      0.000      0.000    0.00320   24.78117           -1.22569      175.87971         5.660e-05 
   930.750          72.485     70.779    179.416            7.232         7104.309      1.905      0.000      0.000    0.00313   24.71071           -1.23735      175.90078         5.792e-05 
   931.750          72.328     70.715    179.430            7.216         7111.435      1.905      0.000      0.000    0.00306   24.63699           -1.24932      175.92170         5.927e-05 
   932.750          72.170     70.652    179.444            7.198         7118.543      1.905      0.000      0.000    0.00299   24.55968           -1.26163      175.94249         6.066e-05 
   933.750          72.011     70.588    179.457            7.179         7125.634      1.905      0.000      0.000    0.00292   24.47848           -1.27429      175.96313         6.209e-05 
   934.750          71.851     70.525    179.471            7.159         7132.706      1.905      0.000      0.000    0.00285   24.39296           -1.28734      175.98363         6.357e-05 
   935.750          71.689     70.461    179.484            7.138         7139.758      1.905      0.000      0.000    0.00279   24.29867           -1.30079      176.00399         6.506e-05 
   936.750          71.527     70.398    179.497            7.115         7146.788      1.905      0.000      0.000    0.00272   24.19613           -1.31468      176.02422         6.659e-05 
   937.750          71.363     70.336    179.510            7.090         7153.795      1.905      0.000      0.000    0.00266   24.08786           -1.32904      176.04431         6.816e-05 
   938.750          71.198     70.273    179.523            7.064         7160.777      1.905      0.000      0.000    0.00260   23.97318           -1.34391      176.06425         6.977e-05 
   939.750          71.031     70.211    179.536            7.035         7167.731      1.905      0.000      0.000    0.00254   23.85132           -1.35934      176.08407         7.143e-05 
   940.750          70.864     70.149    179.548            7.004         7174.656      1.905      0.000      0.000    0.00248   23.72133           -1.37537      176.10374         7.315e-05 
   941.750          70.695     70.087    179.560            6.970         7181.549      1.905      0.000      0.000    0.00242   23.58212           -1.39205      176.12328         7.491e-05 
   942.750          70.525     70.025    179.573            6.932         7188.407      1.905      0.000      0.000    0.00236   23.43234           -1.40947      176.14269         7.672e-05 
   943.750          70.354     69.964    179.585            6.891         7195.227      1.905      0.000      0.000    0.00231   23.27037           -1.42768      176.16196         7.858e-05 
