#_______________________________________________________________________________
#    ######   ####     ##             #####   #####     ##    #    #    ## 
#    #       #        #  #            #    #  #    #   #  #   ##  ##   #  #
#    #####    ####   ######           #    #  #####   ######  # ## #  ######
#    #            #  #    #           #    #  #    #  #    #  #    #  #    #
#____######__#####___#____#___________#####___#____#__#____#__#____#__#____#____
#
#              ESA Debris Risk Assessment and Mitigation Analysis
#
#                      ---- DRAMA ( SESAM 2.1.5 ) ----
#                                      ESA 2018
#
#                              aerothermal history file
#-------------------------------------------------------------------------------
# Filename      : sara.IntRing.90350550-8915-4d5e-b55c-e9e1debb8f7f_AeroThermalHistory.txt
# RunID         : sara
# ObjectID      : 90350550-8915-4d5e-b55c-e9e1debb8f7f
# ObjectName    : IntRing
# ReferenceArea : 0.624913 [m^2]
# Content       : This file contains the aerothermal data of the object,
#                 computed by the DRAMA 3 Re-entry Analysis.
# Documentation : DRAMA Software User Manual, section OPERATIONS MANUAL / Normal operation / SARA / SARA Simulation Output / Re-entry simulation output
# Note          : The convective heat and the integrated heat values in this file take into account the visibility factor
#
#-------------------------------------------------------------------------------------------------------------------------------------------------------------------
#  Time [s]  Altitude [km]   Temp [K]   Mass [kg]   Thick [mm]  Convective Heat [W]  Radiative Heat [W]  Oxidation Heat [W]  Integrated Heat [J] VisibilityFactor [-]
#-------------------------------------------------------------------------------------------------------------------------------------------------------------------
   769.100          90.478    300.000       9.814       1.873           135150.799               0.000               0.000                0.000   1.00000 
   769.200          90.469    301.562       9.814       1.873           135236.230               0.000               0.000            13523.623   1.00000 
   769.650          90.430    308.606       9.814       1.873           135633.027               0.000               0.000            74558.485   1.00000 
   770.650          90.343    324.311       9.814       1.873           136543.768               0.000               0.000           211102.253   1.00000 
   771.650          90.255    340.008       9.814       1.873           137522.886               0.000               0.000           348625.139   1.00000 
   772.650          90.167    355.695       9.814       1.873           138502.876               0.000               0.000           487128.015   1.00000 
   773.650          90.080    371.366       9.814       1.873           139484.838               0.000               0.000           626612.853   1.00000 
   774.650          89.992    386.998       9.814       1.873           140468.382               0.000               0.000           767081.235   1.00000 
   775.650          89.904    402.567       9.814       1.873           141453.563               0.000               0.000           908534.798   1.00000 
   776.650          89.815    418.060       9.814       1.873           142440.506               0.000               0.000          1050975.304   1.00000 
   777.650          89.727    433.483       9.814       1.873           143429.208               0.000               0.000          1194404.512   1.00000 
   778.650          89.638    448.849       9.814       1.873           144419.785               0.000               0.000          1338824.297   1.00000 
   779.650          89.549    464.076       9.814       1.873           145412.327               0.000               0.000          1484236.624   1.00000 
   780.650          89.459    479.006       9.814       1.873           146406.892               0.000               0.000          1630643.516   1.00000 
   781.650          89.370    493.479       9.814       1.873           147403.554               0.000               0.000          1778047.070   1.00000 
   782.650          89.280    507.382       9.814       1.873           148402.389               0.000               0.000          1926449.459   1.00000 
   783.650          89.190    521.016       9.814       1.873           149403.450               0.000               0.000          2075852.909   1.00000 
   784.650          89.099    534.691       9.814       1.873           150406.233               0.000               0.000          2226259.142   1.00000 
   785.650          89.008    548.632       9.814       1.873           151412.461               0.000               0.000          2377671.603   1.00000 
   786.650          88.917    562.955       9.814       1.873           152420.809               0.000               0.000          2530092.412   1.00000 
   787.650          88.826    577.489       9.814       1.873           153431.544               0.000               0.000          2683523.956   1.00000 
   788.650          88.734    592.011       9.814       1.873           154444.866               0.000               0.000          2837968.822   1.00000 
   789.650          88.642    606.219       9.814       1.873           155460.842               0.000               0.000          2993429.664   1.00000 
   790.650          88.550    620.103       9.814       1.873           156479.536               0.000               0.000          3149909.200   1.00000 
   791.650          88.457    633.689       9.814       1.873           157501.012               0.000               0.000          3307410.212   1.00000 
   792.650          88.364    647.006       9.814       1.873           158525.335               0.000               0.000          3465935.547   1.00000 
   793.650          88.270    660.067       9.814       1.873           159552.566               0.000               0.000          3625488.113   1.00000 
   794.650          88.176    672.903       9.814       1.873           160582.768               0.000               0.000          3786070.881   1.00000 
   795.650          88.081    685.537       9.814       1.873           161616.003               0.000               0.000          3947686.884   1.00000 
   796.650          87.986    698.035       9.814       1.873           162652.335               0.000               0.000          4110339.219   1.00000 
   797.650          87.891    710.468       9.814       1.873           163691.822               0.000               0.000          4274031.041   1.00000 
   798.650          87.795    722.938       9.814       1.873           164734.531               0.000               0.000          4438765.572   1.00000 
   799.650          87.699    736.248       9.814       1.873           165780.535               0.000               0.000          4604546.107   1.00000 
   800.650          87.602    750.584       9.814       1.873           166829.906               0.000               0.000          4771376.013   1.00000 
   801.650          87.505    765.240       9.814       1.873           167882.721               0.000               0.000          4939258.734   1.00000 
   802.650          87.407    779.948       9.814       1.873           168939.065               0.000               0.000          5108197.799   1.00000 
   803.650          87.308    794.610       9.814       1.873           169999.030               0.000               0.000          5278196.829   1.00000 
   804.650          87.210    809.176       9.814       1.873           171062.719               0.000               0.000          5449259.548   1.00000 
   805.650          87.110    823.638       9.814       1.873           172130.246               0.000               0.000          5621389.794   1.00000 
   806.650          87.010    837.984       9.814       1.873           173201.740               0.000               0.000          5794591.534   1.00000 
   807.650          86.909    850.000       9.757       1.862           174277.350               0.000               0.000          5968868.884   1.00000 
   808.650          86.808    850.000       9.374       1.788           175354.432               0.000               0.000          6144223.316   1.00000 
   809.650          86.706    850.000       8.988       1.714           176415.338               0.000               0.000          6320638.654   1.00000 
   810.650          86.603    850.000       8.600       1.640           177454.762               0.000               0.000          6498093.415   1.00000 
   811.650          86.500    850.000       8.209       1.565           178469.077               0.000               0.000          6676562.492   1.00000 
   812.650          86.396    850.000       7.816       1.489           179454.092               0.000               0.000          6856016.585   1.00000 
   813.650          86.292    850.000       7.420       1.414           180404.934               0.000               0.000          7036421.519   1.00000 
   814.650          86.187    850.000       7.022       1.338           181315.902               0.000               0.000          7217737.421   1.00000 
   815.650          86.081    850.000       6.622       1.261           182180.363               0.000               0.000          7399917.784   1.00000 
   816.650          85.974    850.000       6.220       1.184           182975.815               0.000               0.000          7582893.600   1.00000 
   817.650          85.867    850.000       5.816       1.107           183599.853               0.000               0.000          7766493.452   1.00000 
   818.650          85.759    850.000       5.411       1.030           184152.345               0.000               0.000          7950645.797   1.00000 
   819.650          85.650    850.000       5.005       0.952           184610.186               0.000               0.000          8135255.983   1.00000 
   820.650          85.540    850.000       4.598       0.874           184955.747               0.000               0.000          8320211.730   1.00000 
   821.650          85.430    850.000       4.191       0.797           185166.462               0.000               0.000          8505378.192   1.00000 
   822.650          85.319    850.000       3.783       0.719           185214.417               0.000               0.000          8690592.609   1.00000 
   823.650          85.207    850.000       3.376       0.641           185062.997               0.000               0.000          8875655.605   1.00000 
   824.650          85.094    850.000       2.969       0.564           184663.283               0.000               0.000          9060318.889   1.00000 
   825.650          84.980    850.000       2.565       0.487           183948.606               0.000               0.000          9244267.495   1.00000 
   826.650          84.866    850.000       2.163       0.411           182824.350               0.000               0.000          9427091.845   1.00000 
   827.650          84.750    850.000       1.766       0.335           181150.070               0.000               0.000          9608241.914   1.00000 
   828.650          84.635    850.000       1.374       0.261           178703.710               0.000               0.000          9786945.624   1.00000 
   829.650          84.518    850.000       0.992       0.188           175101.969               0.000               0.000          9962047.593   1.00000 
   830.650          84.401    850.000       0.623       0.118           169595.067               0.000               0.000         10131642.660   1.00000 
   831.650          84.284    850.000       0.278       0.053           160362.684               0.000               0.000         10292005.345   1.00000 
   832.650          84.169    850.000       0.000       0.000           140478.582               0.000               0.000         10432483.927   1.00000 
