#_______________________________________________________________________________
#    ######   ####     ##             #####   #####     ##    #    #    ## 
#    #       #        #  #            #    #  #    #   #  #   ##  ##   #  #
#    #####    ####   ######           #    #  #####   ######  # ## #  ######
#    #            #  #    #           #    #  #    #  #    #  #    #  #    #
#____######__#####___#____#___________#####___#____#__#____#__#____#__#____#____
#
#              ESA Debris Risk Assessment and Mitigation Analysis
#
#                      ---- DRAMA ( SESAM 2.1.5 ) ----
#                                      ESA 2018
#
#                              aerothermal history file
#-------------------------------------------------------------------------------
# Filename      : sara.SVM.8966457237276172576_cabd6692-2d4e-46c3-a962-8c7758ba78f6_AeroThermalHistory.txt
# RunID         : sara
# ObjectID      : cabd6692-2d4e-46c3-a962-8c7758ba78f6
# ObjectName    : SVM
# ReferenceArea : 1.22991 [m^2]
# Content       : This file contains the aerothermal data of the object,
#                 computed by the DRAMA 3 Re-entry Analysis.
# Documentation : DRAMA Software User Manual, section OPERATIONS MANUAL / Normal operation / SARA / SARA Simulation Output / Re-entry simulation output
# Note          : The convective heat and the integrated heat values in this file take into account the visibility factor
#
#-------------------------------------------------------------------------------------------------------------------------------------------------------------------
#  Time [s]  Altitude [km]   Temp [K]   Mass [kg]   Thick [mm]  Convective Heat [W]  Radiative Heat [W]  Oxidation Heat [W]  Integrated Heat [J] VisibilityFactor [-]
#-------------------------------------------------------------------------------------------------------------------------------------------------------------------
   643.550         100.116    712.086      43.515       8.531           169979.986               0.000               0.000         24997019.656   0.89823 
   643.650         100.110    712.286      43.515       8.531           170104.227               0.000               0.000         25014030.079   0.89823 
   644.100         100.079    713.193      43.515       8.531           170682.585               0.000               0.000         25090837.242   0.89823 
   645.100         100.012    715.228      43.515       8.531           172015.857               0.000               0.000         25262853.099   0.89823 
   646.100          99.944    717.304      43.515       8.531           173459.444               0.000               0.000         25436312.543   0.89823 
   647.100          99.877    719.421      43.515       8.531           174915.023               0.000               0.000         25611227.566   0.89823 
   648.100          99.809    721.580      43.515       8.531           176383.045               0.000               0.000         25787610.611   0.89823 
   649.100          99.741    723.784      43.515       8.531           177863.486               0.000               0.000         25965474.097   0.89823 
   650.100          99.673    726.033      43.515       8.531           179356.027               0.000               0.000         26144830.124   0.89823 
   651.100          99.604    728.331      43.515       8.531           180861.042               0.000               0.000         26325691.166   0.89823 
   652.100          99.536    730.678      43.515       8.531           182378.732               0.000               0.000         26508069.898   0.89823 
   653.100          99.467    733.077      43.515       8.531           183908.724               0.000               0.000         26691978.622   0.89823 
   654.100          99.399    735.530      43.515       8.531           185451.291               0.000               0.000         26877429.913   0.89823 
   655.100          99.330    738.004      43.515       8.531           187006.920               0.000               0.000         27064436.832   0.89823 
   656.100          99.261    740.502      43.515       8.531           188575.160               0.000               0.000         27253011.993   0.89823 
   657.100          99.192    743.023      43.515       8.531           190156.158               0.000               0.000         27443168.151   0.89823 
   658.100          99.122    745.566      43.515       8.531           191750.717               0.000               0.000         27634918.868   0.89823 
   659.100          99.053    748.132      43.515       8.531           193358.282               0.000               0.000         27828277.150   0.89823 
   660.100          98.983    750.722      43.515       8.531           194979.012               0.000               0.000         28023256.162   0.89823 
   661.100          98.914    753.335      43.515       8.531           196613.527               0.000               0.000         28219869.689   0.89823 
   662.100          98.844    755.971      43.515       8.531           198261.647               0.000               0.000         28418131.335   0.89823 
   663.100          98.774    758.619      43.515       8.531           199922.328               0.000               0.000         28618053.663   0.89823 
   664.100          98.704    761.280      43.515       8.531           201593.823               0.000               0.000         28819647.486   0.89823 
   665.100          98.633    763.953      43.515       8.531           203286.450               0.000               0.000         29022933.936   0.89823 
   666.100          98.563    766.640      43.515       8.531           204992.926               0.000               0.000         29227926.862   0.89823 
   667.100          98.492    769.339      43.515       8.531           206711.038               0.000               0.000         29434637.900   0.89823 
   668.100          98.422    772.051      43.515       8.531           208443.883               0.000               0.000         29643081.783   0.89823 
   669.100          98.351    774.775      43.515       8.531           210191.104               0.000               0.000         29853272.887   0.89823 
   670.100          98.280    777.510      43.515       8.531           211952.837               0.000               0.000         30065225.725   0.89823 
   671.100          98.208    780.254      43.515       8.531           213729.425               0.000               0.000         30278955.150   0.89823 
   672.100          98.137    783.008      43.515       8.531           215520.851               0.000               0.000         30494476.001   0.89823 
   673.100          98.066    785.772      43.515       8.531           217327.077               0.000               0.000         30711803.078   0.89823 
   674.100          97.994    788.544      43.515       8.531           219148.242               0.000               0.000         30930951.319   0.89823 
   675.100          97.922    791.326      43.515       8.531           220984.609               0.000               0.000         31151935.928   0.89823 
   676.100          97.850    794.118      43.515       8.531           222836.008               0.000               0.000         31374771.936   0.89823 
   677.100          97.778    796.918      43.515       8.531           224702.537               0.000               0.000         31599474.474   0.89823 
   678.100          97.706    799.727      43.515       8.531           226584.354               0.000               0.000         31826058.827   0.89823 
   679.100          97.634    802.545      43.515       8.531           228481.464               0.000               0.000         32054540.291   0.89823 
   680.100          97.561    805.371      43.515       8.531           230396.092               0.000               0.000         32284936.383   0.89823 
   681.100          97.488    808.206      43.515       8.531           232328.953               0.000               0.000         32517265.336   0.89823 
   682.100          97.416    811.049      43.515       8.531           234266.785               0.000               0.000         32751532.121   0.89823 
   683.100          97.343    813.901      43.515       8.531           236223.635               0.000               0.000         32987755.756   0.89823 
   684.100          97.269    816.761      43.515       8.531           238197.865               0.000               0.000         33225953.622   0.89823 
   685.100          97.196    819.628      43.515       8.531           240187.673               0.000               0.000         33466141.295   0.89823 
   686.100          97.123    822.504      43.515       8.531           242190.680               0.000               0.000         33708331.975   0.89823 
   687.100          97.049    825.387      43.515       8.531           244211.979               0.000               0.000         33952543.954   0.89823 
   688.100          96.976    828.277      43.515       8.531           246250.699               0.000               0.000         34198794.653   0.89823 
   689.100          96.902    831.175      43.515       8.531           248303.104               0.000               0.000         34447097.756   0.89823 
   690.100          96.828    834.080      43.515       8.531           250371.176               0.000               0.000         34697468.932   0.89823 
   691.100          96.753    836.988      43.515       8.531           252455.112               0.000               0.000         34949924.044   0.89823 
   692.100          96.679    839.890      43.515       8.531           254554.983               0.000               0.000         35204479.028   0.89823 
   693.100          96.605    842.788      43.515       8.531           256670.676               0.000               0.000         35461149.703   0.89823 
   694.100          96.530    845.680      43.515       8.531           258802.256               0.000               0.000         35719951.960   0.89823 
   695.100          96.455    848.568      43.515       8.531           260949.951               0.000               0.000         35980901.910   0.89823 
   696.100          96.380    850.000      43.337       8.495           263113.843               0.000               0.000         36244015.753   0.89823 
   697.100          96.305    850.000      42.979       8.425           265293.786               0.000               0.000         36509309.539   0.89823 
   698.100          96.230    850.000      42.617       8.353           267489.925               0.000               0.000         36776799.465   0.89823 
   699.100          96.155    850.000      42.248       8.279           269702.520               0.000               0.000         37046501.984   0.89823 
   700.100          96.079    850.000      41.874       8.205           271931.678               0.000               0.000         37318433.662   0.89823 
   701.100          96.003    850.000      41.494       8.130           274177.315               0.000               0.000         37592610.977   0.89823 
   702.100          95.928    850.000      41.109       8.053           276439.600               0.000               0.000         37869050.578   0.89823 
   703.100          95.852    850.000      40.718       7.976           278718.858               0.000               0.000         38147769.436   0.89823 
   704.100          95.775    850.000      40.321       7.897           281015.239               0.000               0.000         38428784.675   0.89823 
   705.100          95.699    850.000      39.919       7.817           283328.802               0.000               0.000         38712113.476   0.89823 
   706.100          95.623    850.000      39.510       7.737           285659.718               0.000               0.000         38997773.195   0.89823 
   707.100          95.546    850.000      39.096       7.654           288008.389               0.000               0.000         39285781.584   0.89823 
   708.100          95.469    850.000      38.675       7.571           290375.031               0.000               0.000         39576156.615   0.89823 
   709.100          95.392    850.000      38.249       7.487           292759.869               0.000               0.000         39868916.483   0.89823 
   710.100          95.315    850.000      37.817       7.401           295163.214               0.000               0.000         40164079.697   0.89823 
   711.100          95.238    850.000      37.379       7.315           297585.486               0.000               0.000         40461665.183   0.89823 
   712.100          95.161    850.000      36.934       7.227           300027.001               0.000               0.000         40761692.185   0.89823 
   713.100          95.083    850.000      36.483       7.138           302488.096               0.000               0.000         41064180.281   0.89823 
   714.100          95.005    850.000      36.027       7.047           304969.437               0.000               0.000         41369149.718   0.89823 
   715.100          94.928    850.000      35.563       6.956           307471.522               0.000               0.000         41676621.240   0.89823 
   716.100          94.849    850.000      35.094       6.863           309993.917               0.000               0.000         41986615.157   0.89823 
   717.100          94.771    850.000      34.618       6.769           312536.125               0.000               0.000         42299151.282   0.89823 
   718.100          94.693    850.000      34.136       6.674           315097.276               0.000               0.000         42614248.558   0.89823 
   719.100          94.614    850.000      33.647       6.577           317677.355               0.000               0.000         42931925.913   0.89823 
   720.100          94.536    850.000      33.152       6.479           320276.901               0.000               0.000         43252202.813   0.89823 
   721.100          94.457    850.000      32.650       6.380           322896.113               0.000               0.000         43575098.927   0.89823 
   722.100          94.378    850.000      32.142       6.280           325535.196               0.000               0.000         43900634.123   0.89823 
   723.100          94.299    850.000      31.626       6.178           328194.242               0.000               0.000         44228828.364   0.89823 
   724.100          94.220    850.000      31.105       6.076           330873.420               0.000               0.000         44559701.784   0.89823 
   725.100          94.140    850.000      30.576       5.971           333572.557               0.000               0.000         44893274.340   0.89823 
   726.100          94.061    850.000      30.041       5.866           336292.638               0.000               0.000         45229566.979   0.89823 
   727.100          93.981    850.000      29.498       5.759           339034.487               0.000               0.000         45568601.466   0.89823 
   728.100          93.901    850.000      28.949       5.651           341796.496               0.000               0.000         45910397.962   0.89823 
   729.100          93.821    850.000      28.393       5.541           344579.575               0.000               0.000         46254977.537   0.89823 
   730.100          93.740    850.000      27.830       5.431           347384.010               0.000               0.000         46602361.548   0.89823 
   731.100          93.660    850.000      27.259       5.318           350209.977               0.000               0.000         46952571.525   0.89823 
   732.100          93.579    850.000      26.682       5.205           353057.651               0.000               0.000         47305629.176   0.89823 
   733.100          93.499    850.000      26.097       5.090           355927.080               0.000               0.000         47661556.255   0.89823 
   734.100          93.418    850.000      25.505       4.974           358818.397               0.000               0.000         48020374.652   0.89823 
   735.100          93.337    850.000      24.906       4.856           361731.930               0.000               0.000         48382106.582   0.89823 
   736.100          93.255    850.000      24.299       4.737           364667.860               0.000               0.000         48746774.441   0.89823 
   737.100          93.174    850.000      23.685       4.616           367626.371               0.000               0.000         49114400.812   0.89823 
   738.100          93.092    850.000      23.064       4.494           370607.603               0.000               0.000         49485008.415   0.89823 
   739.100          93.011    850.000      22.435       4.371           373611.495               0.000               0.000         49858619.911   0.89823 
   740.100          92.929    850.000      21.798       4.246           376636.590               0.000               0.000         50235256.501   0.89823 
   741.100          92.847    850.000      21.154       4.120           379687.006               0.000               0.000         50614943.507   0.89823 
   742.100          92.764    850.000      20.502       3.992           382762.566               0.000               0.000         50997706.074   0.89823 
   743.100          92.682    850.000      19.842       3.863           385859.969               0.000               0.000         51383566.043   0.89823 
   744.100          92.599    850.000      19.175       3.732           388980.990               0.000               0.000         51772547.033   0.89823 
   745.100          92.517    850.000      18.499       3.600           392125.853               0.000               0.000         52164672.886   0.89823 
   746.100          92.434    850.000      17.816       3.466           395294.913               0.000               0.000         52559967.799   0.89823 
   747.100          92.351    850.000      17.124       3.331           398488.374               0.000               0.000         52958456.173   0.89823 
   748.100          92.267    850.000      16.425       3.194           401706.445               0.000               0.000         53360162.617   0.89823 
   749.100          92.184    850.000      15.717       3.056           404949.341               0.000               0.000         53765111.958   0.89823 
   750.100          92.100    850.000      15.001       2.916           408217.046               0.000               0.000         54173329.004   0.89823 
   751.100          92.016    850.000      14.277       2.775           411509.908               0.000               0.000         54584838.912   0.89823 
   752.100          91.932    850.000      13.545       2.632           414828.295               0.000               0.000         54999667.207   0.89823 
   753.100          91.848    850.000      12.804       2.488           418172.455               0.000               0.000         55417839.662   0.89823 
   754.100          91.764    850.000      12.055       2.342           421542.646               0.000               0.000         55839382.308   0.89823 
   755.100          91.680    850.000      11.297       2.194           424939.134               0.000               0.000         56264321.442   0.89823 
   756.100          91.595    850.000      10.531       2.045           428362.076               0.000               0.000         56692683.519   0.89823 
   757.100          91.510    850.000       9.756       1.894           431813.354               0.000               0.000         57124496.872   0.89823 
   758.100          91.425    850.000       8.972       1.741           435286.516               0.000               0.000         57559783.388   0.89823 
   759.100          91.340    850.000       8.180       1.587           438790.552               0.000               0.000         57998573.939   0.89823 
   760.100          91.254    850.000       7.378       1.431           442324.669               0.000               0.000         58440898.608   0.89823 
   761.100          91.169    850.000       6.568       1.274           445884.759               0.000               0.000         58886783.367   0.89823 
   762.100          91.083    850.000       5.749       1.115           449473.269               0.000               0.000         59336256.636   0.89823 
   763.100          90.997    850.000       4.921       0.954           453090.406               0.000               0.000         59789347.042   0.89823 
   764.100          90.911    850.000       4.083       0.791           456736.567               0.000               0.000         60246083.609   0.89823 
   765.100          90.825    850.000       3.237       0.627           460412.215               0.000               0.000         60706495.824   0.89823 
   766.100          90.738    850.000       2.381       0.461           464117.712               0.000               0.000         61170613.536   0.89823 
   767.100          90.652    850.000       1.516       0.294           467853.429               0.000               0.000         61638466.966   0.89823 
   768.100          90.565    850.000       0.641       0.124           471619.744               0.000               0.000         62110086.709   0.89823 
   769.100          90.478    850.000       0.000       0.000           475417.040               0.000               0.000         62585503.749   0.89823 
