#_______________________________________________________________________________
#    ######   ####     ##             #####   #####     ##    #    #    ## 
#    #       #        #  #            #    #  #    #   #  #   ##  ##   #  #
#    #####    ####   ######           #    #  #####   ######  # ## #  ######
#    #            #  #    #           #    #  #    #  #    #  #    #  #    #
#____######__#####___#____#___________#####___#____#__#____#__#____#__#____#____
#
#              ESA Debris Risk Assessment and Mitigation Analysis
#
#                      ---- DRAMA ( SESAM 2.1.5 ) ----
#                                      ESA 2018
#
#                              aerothermal history file
#-------------------------------------------------------------------------------
# Filename      : sara.SADM1.bb42edf0-7c27-4377-bfb8-3846f78f70cc_AeroThermalHistory.txt
# RunID         : sara
# ObjectID      : bb42edf0-7c27-4377-bfb8-3846f78f70cc
# ObjectName    : SADM1
# ReferenceArea : 0.13289 [m^2]
# Content       : This file contains the aerothermal data of the object,
#                 computed by the DRAMA 3 Re-entry Analysis.
# Documentation : DRAMA Software User Manual, section OPERATIONS MANUAL / Normal operation / SARA / SARA Simulation Output / Re-entry simulation output
# Note          : The convective heat and the integrated heat values in this file take into account the visibility factor
#
#-------------------------------------------------------------------------------------------------------------------------------------------------------------------
#  Time [s]  Altitude [km]   Temp [K]   Mass [kg]   Thick [mm]  Convective Heat [W]  Radiative Heat [W]  Oxidation Heat [W]  Integrated Heat [J] VisibilityFactor [-]
#-------------------------------------------------------------------------------------------------------------------------------------------------------------------
   769.100          90.478    300.000       8.595       5.246            54818.320               0.000               0.000                0.000   1.00000 
   769.200          90.469    300.724       8.595       5.246            54865.210               0.000               0.000             5486.521   1.00000 
   769.650          90.430    303.993       8.595       5.246            55083.274               0.000               0.000            30273.994   1.00000 
   770.650          90.342    311.313       8.595       5.246            55585.452               0.000               0.000            85859.446   1.00000 
   771.650          90.255    318.679       8.595       5.246            56128.014               0.000               0.000           141987.460   1.00000 
   772.650          90.167    326.090       8.595       5.246            56673.874               0.000               0.000           198661.334   1.00000 
   773.650          90.079    333.546       8.595       5.246            57223.477               0.000               0.000           255884.811   1.00000 
   774.650          89.991    341.048       8.595       5.246            57776.663               0.000               0.000           313661.474   1.00000 
   775.650          89.903    348.595       8.595       5.246            58333.450               0.000               0.000           371994.924   1.00000 
   776.650          89.815    356.187       8.595       5.246            58893.886               0.000               0.000           430888.810   1.00000 
   777.650          89.726    363.820       8.595       5.246            59457.967               0.000               0.000           490346.777   1.00000 
   778.650          89.637    371.493       8.595       5.246            60025.738               0.000               0.000           550372.516   1.00000 
   779.650          89.548    379.203       8.595       5.246            60597.233               0.000               0.000           610969.748   1.00000 
   780.650          89.459    386.945       8.595       5.246            61172.471               0.000               0.000           672142.219   1.00000 
   781.650          89.369    394.719       8.595       5.246            61751.480               0.000               0.000           733893.700   1.00000 
   782.650          89.280    402.523       8.595       5.246            62334.290               0.000               0.000           796227.989   1.00000 
   783.650          89.190    410.354       8.595       5.246            62920.917               0.000               0.000           859148.906   1.00000 
   784.650          89.100    418.212       8.595       5.246            63511.148               0.000               0.000           922660.054   1.00000 
   785.650          89.009    426.101       8.595       5.246            64105.700               0.000               0.000           986765.754   1.00000 
   786.650          88.919    434.024       8.595       5.246            64704.022               0.000               0.000          1051469.775   1.00000 
   787.650          88.828    441.977       8.595       5.246            65306.214               0.000               0.000          1116775.989   1.00000 
   788.650          88.737    449.940       8.595       5.246            65912.360               0.000               0.000          1182688.349   1.00000 
   789.650          88.646    457.913       8.595       5.246            66522.486               0.000               0.000          1249210.835   1.00000 
   790.650          88.554    465.857       8.595       5.246            67136.618               0.000               0.000          1316347.453   1.00000 
   791.650          88.463    473.751       8.595       5.246            67754.780               0.000               0.000          1384102.233   1.00000 
   792.650          88.371    481.588       8.595       5.246            68376.999               0.000               0.000          1452479.232   1.00000 
   793.650          88.279    489.294       8.595       5.246            69003.299               0.000               0.000          1521482.531   1.00000 
   794.650          88.186    496.879       8.595       5.246            69633.707               0.000               0.000          1591116.238   1.00000 
   795.650          88.094    504.389       8.595       5.246            70268.247               0.000               0.000          1661384.485   1.00000 
   796.650          88.001    511.864       8.595       5.246            70906.947               0.000               0.000          1732291.432   1.00000 
   797.650          87.908    519.304       8.595       5.246            71549.838               0.000               0.000          1803841.270   1.00000 
   798.650          87.814    526.839       8.595       5.246            72196.949               0.000               0.000          1876038.219   1.00000 
   799.650          87.721    534.494       8.595       5.246            72848.313               0.000               0.000          1948886.532   1.00000 
   800.650          87.627    542.280       8.595       5.246            73503.964               0.000               0.000          2022390.496   1.00000 
   801.650          87.533    550.230       8.595       5.246            74163.942               0.000               0.000          2096554.438   1.00000 
   802.650          87.439    558.350       8.595       5.246            74828.286               0.000               0.000          2171382.724   1.00000 
   803.650          87.344    566.588       8.595       5.246            75497.043               0.000               0.000          2246879.767   1.00000 
   804.650          87.249    574.915       8.595       5.246            76170.263               0.000               0.000          2323050.030   1.00000 
   805.650          87.154    583.297       8.595       5.246            76848.002               0.000               0.000          2399898.032   1.00000 
   806.650          87.058    591.622       8.595       5.246            77530.323               0.000               0.000          2477428.354   1.00000 
   807.650          86.963    599.892       8.595       5.246            78217.296               0.000               0.000          2555645.651   1.00000 
   808.650          86.867    608.100       8.595       5.246            78909.003               0.000               0.000          2634554.653   1.00000 
   809.650          86.770    616.245       8.595       5.246            79605.532               0.000               0.000          2714160.185   1.00000 
   810.650          86.674    624.335       8.595       5.246            80306.986               0.000               0.000          2794467.171   1.00000 
   811.650          86.577    632.373       8.595       5.246            81013.479               0.000               0.000          2875480.650   1.00000 
   812.650          86.480    640.364       8.595       5.246            81725.142               0.000               0.000          2957205.792   1.00000 
   813.650          86.382    648.308       8.595       5.246            82442.123               0.000               0.000          3039647.915   1.00000 
   814.650          86.285    656.208       8.595       5.246            83164.588               0.000               0.000          3122812.502   1.00000 
   815.650          86.187    664.069       8.595       5.246            83892.725               0.000               0.000          3206705.227   1.00000 
   816.650          86.088    671.900       8.595       5.246            84626.752               0.000               0.000          3291331.979   1.00000 
   817.650          85.990    679.702       8.595       5.246            85366.916               0.000               0.000          3376698.895   1.00000 
   818.650          85.891    687.489       8.595       5.246            86058.406               0.000               0.000          3462757.301   1.00000 
   819.650          85.791    695.266       8.595       5.246            86757.619               0.000               0.000          3549514.920   1.00000 
   820.650          85.692    703.051       8.595       5.246            87461.116               0.000               0.000          3636976.035   1.00000 
   821.650          85.592    710.894       8.595       5.246            88168.808               0.000               0.000          3725144.843   1.00000 
   822.650          85.491    718.793       8.595       5.246            88880.867               0.000               0.000          3814025.710   1.00000 
   823.650          85.391    727.040       8.595       5.246            89596.905               0.000               0.000          3903622.615   1.00000 
   824.650          85.290    735.801       8.595       5.246            90317.630               0.000               0.000          3993940.245   1.00000 
   825.650          85.189    745.025       8.595       5.246            91042.693               0.000               0.000          4084982.938   1.00000 
   826.650          85.087    754.435       8.595       5.246            91772.251               0.000               0.000          4176755.189   1.00000 
   827.650          84.985    764.016       8.595       5.246            92506.363               0.000               0.000          4269261.552   1.00000 
   828.650          84.883    773.654       8.595       5.246            93245.108               0.000               0.000          4362506.660   1.00000 
   829.650          84.780    783.343       8.595       5.246            93988.557               0.000               0.000          4456495.217   1.00000 
   830.650          84.677    793.052       8.595       5.246            94736.799               0.000               0.000          4551232.016   1.00000 
   831.650          84.574    802.778       8.595       5.246            95490.012               0.000               0.000          4646722.028   1.00000 
   832.650          84.470    812.520       8.595       5.246            96247.853               0.000               0.000          4742969.880   1.00000 
   833.650          84.366    822.274       8.595       5.246            97010.858               0.000               0.000          4839980.738   1.00000 
   834.650          84.261    832.038       8.595       5.246            97778.949               0.000               0.000          4937759.688   1.00000 
   835.650          84.156    841.810       8.595       5.246            98552.287               0.000               0.000          5036311.974   1.00000 
   836.650          84.051    850.000       8.560       5.224            99330.889               0.000               0.000          5135642.864   1.00000 
   837.650          83.945    850.000       8.327       5.077           100114.408               0.000               0.000          5235757.272   1.00000 
   838.650          83.839    850.000       8.093       4.930           100902.159               0.000               0.000          5336659.431   1.00000 
   839.650          83.732    850.000       7.857       4.781           101693.783               0.000               0.000          5438353.214   1.00000 
   840.650          83.626    850.000       7.618       4.631           102489.216               0.000               0.000          5540842.430   1.00000 
   841.650          83.518    850.000       7.378       4.481           103288.330               0.000               0.000          5644130.760   1.00000 
   842.650          83.410    850.000       7.135       4.329           104091.190               0.000               0.000          5748221.950   1.00000 
   843.650          83.302    850.000       6.891       4.177           104897.593               0.000               0.000          5853119.543   1.00000 
   844.650          83.194    850.000       6.644       4.023           105707.427               0.000               0.000          5958826.969   1.00000 
   845.650          83.085    850.000       6.396       3.869           106520.522               0.000               0.000          6065347.491   1.00000 
   846.650          82.975    850.000       6.145       3.713           107336.851               0.000               0.000          6172684.342   1.00000 
   847.650          82.865    850.000       5.893       3.557           108156.196               0.000               0.000          6280840.539   1.00000 
   848.650          82.755    850.000       5.638       3.400           108978.444               0.000               0.000          6389818.983   1.00000 
   849.650          82.644    850.000       5.381       3.242           109803.149               0.000               0.000          6499622.133   1.00000 
   850.650          82.532    850.000       5.123       3.083           110630.415               0.000               0.000          6610252.548   1.00000 
   851.650          82.421    850.000       4.862       2.922           111459.874               0.000               0.000          6721712.422   1.00000 
   852.650          82.308    850.000       4.599       2.762           112291.249               0.000               0.000          6834003.671   1.00000 
   853.650          82.196    850.000       4.334       2.600           113124.230               0.000               0.000          6947127.902   1.00000 
   854.650          82.082    850.000       4.067       2.437           113958.440               0.000               0.000          7061086.342   1.00000 
   855.650          81.969    850.000       3.797       2.273           114793.459               0.000               0.000          7175879.802   1.00000 
   856.650          81.854    850.000       3.526       2.108           115628.960               0.000               0.000          7291508.762   1.00000 
   857.650          81.739    850.000       3.253       1.943           116464.152               0.000               0.000          7407972.914   1.00000 
   858.650          81.624    850.000       2.977       1.776           117298.711               0.000               0.000          7525271.625   1.00000 
   859.650          81.508    850.000       2.700       1.609           118131.748               0.000               0.000          7643403.373   1.00000 
   860.650          81.392    850.000       2.420       1.441           118962.509               0.000               0.000          7762365.882   1.00000 
   861.650          81.275    850.000       2.139       1.272           119790.012               0.000               0.000          7882155.894   1.00000 
   862.650          81.157    850.000       1.855       1.102           120613.270               0.000               0.000          8002769.164   1.00000 
   863.650          81.039    850.000       1.569       0.931           121431.314               0.000               0.000          8124200.479   1.00000 
   864.650          80.921    850.000       1.281       0.759           122242.831               0.000               0.000          8246443.309   1.00000 
   865.650          80.801    850.000       0.991       0.587           123046.470               0.000               0.000          8369489.780   1.00000 
   866.650          80.682    850.000       0.700       0.414           123840.659               0.000               0.000          8493330.438   1.00000 
   867.650          80.561    850.000       0.406       0.240           124623.534               0.000               0.000          8617953.972   1.00000 
   868.650          80.440    850.000       0.110       0.065           125393.289               0.000               0.000          8743347.261   1.00000 
   869.650          80.318    850.000       0.000       0.000           126147.713               0.000               0.000          8869494.974   1.00000 
