#_______________________________________________________________________________
#    ######   ####     ##             #####   #####     ##    #    #    ## 
#    #       #        #  #            #    #  #    #   #  #   ##  ##   #  #
#    #####    ####   ######           #    #  #####   ######  # ## #  ######
#    #            #  #    #           #    #  #    #  #    #  #    #  #    #
#____######__#####___#____#___________#####___#____#__#____#__#____#__#____#____
#
#              ESA Debris Risk Assessment and Mitigation Analysis
#
#                      ---- DRAMA ( SESAM 2.1.5 ) ----
#                                      ESA 2018
#
#                              aerothermal history file
#-------------------------------------------------------------------------------
# Filename      : PySara.GRAS-GEU.a4291dde-6a9e-492c-8841-36b2c33bf895_AeroThermalHistory.txt
# RunID         : PySara
# ObjectID      : a4291dde-6a9e-492c-8841-36b2c33bf895
# ObjectName    : GRAS-GEU
# ReferenceArea : 0.055255 [m^2]
# Content       : This file contains the aerothermal data of the object,
#                 computed by the DRAMA 3 Re-entry Analysis.
# Documentation : DRAMA Software User Manual, section OPERATIONS MANUAL / Normal operation / SARA / SARA Simulation Output / Re-entry simulation output
# Note          : The convective heat and the integrated heat values in this file take into account the visibility factor
#
#-------------------------------------------------------------------------------------------------------------------------------------------------------------------
#  Time [s]  Altitude [km]   Temp [K]   Mass [kg]   Thick [mm]  Convective Heat [W]  Radiative Heat [W]  Oxidation Heat [W]  Integrated Heat [J] VisibilityFactor [-]
#-------------------------------------------------------------------------------------------------------------------------------------------------------------------
  2750.200          70.465    300.000       5.230       7.008           111139.960               0.000               0.000                0.000   1.00000 
  2750.300          70.452    302.413       5.230       7.008           111151.089               0.000               0.000            11115.109   1.00000 
  2750.750          70.389    313.266       5.230       7.008           111201.203               0.000               0.000            61155.650   1.00000 
  2751.750          70.250    337.287       5.230       7.008           111306.390               0.000               0.000           172462.040   1.00000 
  2752.750          70.109    361.066       5.230       7.008           111404.163               0.000               0.000           283866.203   1.00000 
  2753.750          69.968    384.586       5.230       7.008           111486.066               0.000               0.000           395352.268   1.00000 
  2754.750          69.826    407.782       5.230       7.008           111551.915               0.000               0.000           506904.183   1.00000 
  2755.750          69.683    430.614       5.230       7.008           111601.483               0.000               0.000           618505.666   1.00000 
  2756.750          69.539    453.129       5.230       7.008           111634.534               0.000               0.000           730140.199   1.00000 
  2757.750          69.394    475.181       5.230       7.008           111650.812               0.000               0.000           841791.011   1.00000 
  2758.750          69.247    496.262       5.230       7.008           111650.058               0.000               0.000           953441.069   1.00000 
  2759.750          69.100    516.054       5.230       7.008           111631.996               0.000               0.000          1065073.066   1.00000 
  2760.750          68.952    535.318       5.230       7.008           111596.344               0.000               0.000          1176669.409   1.00000 
  2761.750          68.802    554.964       5.230       7.008           111542.798               0.000               0.000          1288212.207   1.00000 
  2762.750          68.651    575.175       5.230       7.008           111471.047               0.000               0.000          1399683.254   1.00000 
  2763.750          68.499    595.397       5.230       7.008           111380.767               0.000               0.000          1511064.021   1.00000 
  2764.750          68.345    614.875       5.230       7.008           111271.620               0.000               0.000          1622335.641   1.00000 
  2765.750          68.191    633.623       5.230       7.008           111143.250               0.000               0.000          1733478.891   1.00000 
  2766.750          68.034    651.737       5.230       7.008           110995.288               0.000               0.000          1844474.180   1.00000 
  2767.750          67.877    669.268       5.230       7.008           110827.352               0.000               0.000          1955301.532   1.00000 
  2768.750          67.717    686.308       5.230       7.008           110639.047               0.000               0.000          2065940.579   1.00000 
  2769.750          67.557    702.971       5.230       7.008           110429.961               0.000               0.000          2176370.539   1.00000 
  2770.750          67.394    719.474       5.230       7.008           110199.666               0.000               0.000          2286570.206   1.00000 
  2771.750          67.230    736.613       5.230       7.008           109947.722               0.000               0.000          2396517.928   1.00000 
  2772.750          67.065    755.406       5.230       7.008           109673.675               0.000               0.000          2506191.603   1.00000 
  2773.750          66.898    774.586       5.230       7.008           109377.053               0.000               0.000          2615568.656   1.00000 
  2774.750          66.729    793.657       5.230       7.008           109057.376               0.000               0.000          2724626.032   1.00000 
  2775.750          66.558    812.490       5.230       7.008           108714.147               0.000               0.000          2833340.178   1.00000 
  2776.750          66.385    831.072       5.230       7.008           108346.857               0.000               0.000          2941687.036   1.00000 
  2777.750          66.211    849.388       5.230       7.008           107954.990               0.000               0.000          3049642.026   1.00000 
  2778.750          66.034    850.000       4.979       6.649           107538.012               0.000               0.000          3157180.037   1.00000 
  2779.750          65.856    850.000       4.719       6.281           107025.299               0.000               0.000          3264205.336   1.00000 
  2780.750          65.676    850.000       4.462       5.917           106395.700               0.000               0.000          3370601.036   1.00000 
  2781.750          65.494    850.000       4.206       5.559           105638.347               0.000               0.000          3476239.383   1.00000 
  2782.750          65.310    850.000       3.952       5.207           104741.953               0.000               0.000          3580981.337   1.00000 
  2783.750          65.124    850.000       3.702       4.861           103694.448               0.000               0.000          3684675.785   1.00000 
  2784.750          64.936    850.000       3.454       4.521           102482.987               0.000               0.000          3787158.772   1.00000 
  2785.750          64.747    850.000       3.209       4.188           101094.091               0.000               0.000          3888252.863   1.00000 
  2786.750          64.556    850.000       2.969       3.862            99513.840               0.000               0.000          3987766.703   1.00000 
  2787.750          64.363    850.000       2.733       3.545            97727.777               0.000               0.000          4085494.480   1.00000 
  2788.750          64.168    850.000       2.502       3.236            95721.056               0.000               0.000          4181215.536   1.00000 
  2789.750          63.972    850.000       2.277       2.936            93478.697               0.000               0.000          4274694.233   1.00000 
  2790.750          63.774    850.000       2.057       2.646            90985.975               0.000               0.000          4365680.208   1.00000 
  2791.750          63.575    850.000       1.845       2.367            88228.951               0.000               0.000          4453909.158   1.00000 
  2792.750          63.374    850.000       1.641       2.099            85195.214               0.000               0.000          4539104.373   1.00000 
  2793.750          63.173    850.000       1.444       1.844            81874.868               0.000               0.000          4620979.241   1.00000 
  2794.750          62.970    850.000       1.257       1.601            78261.817               0.000               0.000          4699241.058   1.00000 
  2795.750          62.767    850.000       1.079       1.372            74355.393               0.000               0.000          4773596.451   1.00000 
  2796.750          62.563    850.000       0.912       1.157            70162.325               0.000               0.000          4843758.776   1.00000 
  2797.750          62.359    850.000       0.756       0.958            65698.071               0.000               0.000          4909456.847   1.00000 
  2798.750          62.155    850.000       0.612       0.774            60991.776               0.000               0.000          4970448.623   1.00000 
  2799.750          61.952    850.000       0.480       0.606            56087.160               0.000               0.000          5026535.783   1.00000 
  2800.750          61.749    850.000       0.361       0.455            51043.018               0.000               0.000          5077578.801   1.00000 
  2801.750          61.548    850.000       0.255       0.320            45934.282               0.000               0.000          5123513.084   1.00000 
  2802.750          61.348    850.000       0.161       0.202            40850.069               0.000               0.000          5164363.153   1.00000 
  2803.750          61.150    850.000       0.079       0.100            35888.907               0.000               0.000          5200252.060   1.00000 
  2804.750          60.955    850.000       0.010       0.012            31151.082               0.000               0.000          5231403.142   1.00000 
  2805.750          60.763    850.000       0.000       0.000            26728.932               0.000               0.000          5258132.075   1.00000 
