#_______________________________________________________________________________
#    ######   ####     ##             #####   #####     ##    #    #    ## 
#    #       #        #  #            #    #  #    #   #  #   ##  ##   #  #
#    #####    ####   ######           #    #  #####   ######  # ## #  ######
#    #            #  #    #           #    #  #    #  #    #  #    #  #    #
#____######__#####___#____#___________#####___#____#__#____#__#____#__#____#____
#
#              ESA Debris Risk Assessment and Mitigation Analysis
#
#                      ---- DRAMA ( SESAM 2.1.5 ) ----
#                                      ESA 2018
#
#                              aerothermal history file
#-------------------------------------------------------------------------------
# Filename      : PySara.ASCATDPU1.da9d6c91-6d62-4349-a53f-1129d18d391d_AeroThermalHistory.txt
# RunID         : PySara
# ObjectID      : da9d6c91-6d62-4349-a53f-1129d18d391d
# ObjectName    : ASCATDPU1
# ReferenceArea : 0.030186 [m^2]
# Content       : This file contains the aerothermal data of the object,
#                 computed by the DRAMA 3 Re-entry Analysis.
# Documentation : DRAMA Software User Manual, section OPERATIONS MANUAL / Normal operation / SARA / SARA Simulation Output / Re-entry simulation output
# Note          : The convective heat and the integrated heat values in this file take into account the visibility factor
#
#-------------------------------------------------------------------------------------------------------------------------------------------------------------------
#  Time [s]  Altitude [km]   Temp [K]   Mass [kg]   Thick [mm]  Convective Heat [W]  Radiative Heat [W]  Oxidation Heat [W]  Integrated Heat [J] VisibilityFactor [-]
#-------------------------------------------------------------------------------------------------------------------------------------------------------------------
  2750.200          70.465    300.000       3.740       7.013            89967.392               0.000               0.000                0.000   1.00000 
  2750.300          70.452    302.733       3.740       7.013            89993.845               0.000               0.000             8999.385   1.00000 
  2750.750          70.389    315.030       3.740       7.013            90115.873               0.000               0.000            49551.528   1.00000 
  2751.750          70.249    342.288       3.740       7.013            90390.649               0.000               0.000           139942.176   1.00000 
  2752.750          70.109    369.294       3.740       7.013            90677.854               0.000               0.000           230620.030   1.00000 
  2753.750          69.967    396.007       3.740       7.013            90956.709               0.000               0.000           321576.740   1.00000 
  2754.750          69.825    422.333       3.740       7.013            91226.974               0.000               0.000           412803.713   1.00000 
  2755.750          69.682    448.269       3.740       7.013            91488.368               0.000               0.000           504292.082   1.00000 
  2756.750          69.537    473.735       3.740       7.013            91740.600               0.000               0.000           596032.682   1.00000 
  2757.750          69.391    498.146       3.740       7.013            91983.366               0.000               0.000           688016.048   1.00000 
  2758.750          69.245    520.942       3.740       7.013            92216.347               0.000               0.000           780232.395   1.00000 
  2759.750          69.097    543.374       3.740       7.013            92439.213               0.000               0.000           872671.609   1.00000 
  2760.750          68.948    566.504       3.740       7.013            92651.626               0.000               0.000           965323.235   1.00000 
  2761.750          68.798    590.145       3.740       7.013            92853.227               0.000               0.000          1058176.462   1.00000 
  2762.750          68.646    613.163       3.740       7.013            93043.646               0.000               0.000          1151220.108   1.00000 
  2763.750          68.494    635.246       3.740       7.013            93222.499               0.000               0.000          1244442.607   1.00000 
  2764.750          68.340    656.526       3.740       7.013            93389.390               0.000               0.000          1337831.996   1.00000 
  2765.750          68.184    677.095       3.740       7.013            93543.901               0.000               0.000          1431375.898   1.00000 
  2766.750          68.028    697.103       3.740       7.013            93685.608               0.000               0.000          1525061.506   1.00000 
  2767.750          67.869    716.791       3.740       7.013            93814.064               0.000               0.000          1618875.570   1.00000 
  2768.750          67.710    736.972       3.740       7.013            93928.810               0.000               0.000          1712804.380   1.00000 
  2769.750          67.549    759.576       3.740       7.013            94029.368               0.000               0.000          1806833.749   1.00000 
  2770.750          67.386    782.716       3.740       7.013            94115.249               0.000               0.000          1900948.998   1.00000 
  2771.750          67.222    805.741       3.740       7.013            94185.941               0.000               0.000          1995134.939   1.00000 
  2772.750          67.057    828.521       3.740       7.013            94240.920               0.000               0.000          2089375.859   1.00000 
  2773.750          66.890    850.000       3.729       6.992            94279.643               0.000               0.000          2183655.502   1.00000 
  2774.750          66.721    850.000       3.500       6.526            94299.632               0.000               0.000          2277955.134   1.00000 
  2775.750          66.550    850.000       3.270       6.066            94257.376               0.000               0.000          2372212.510   1.00000 
  2776.750          66.378    850.000       3.041       5.612            94140.363               0.000               0.000          2466352.873   1.00000 
  2777.750          66.204    850.000       2.812       5.163            93940.783               0.000               0.000          2560293.656   1.00000 
  2778.750          66.029    850.000       2.584       4.721            93650.030               0.000               0.000          2653943.687   1.00000 
  2779.750          65.852    850.000       2.357       4.285            93258.626               0.000               0.000          2747202.312   1.00000 
  2780.750          65.673    850.000       2.131       3.856            92756.118               0.000               0.000          2839958.430   1.00000 
  2781.750          65.492    850.000       1.907       3.434            92130.982               0.000               0.000          2932089.412   1.00000 
  2782.750          65.310    850.000       1.684       3.019            91370.512               0.000               0.000          3023459.924   1.00000 
  2783.750          65.127    850.000       1.464       2.613            90460.705               0.000               0.000          3113920.629   1.00000 
  2784.750          64.941    850.000       1.247       2.215            89386.143               0.000               0.000          3203306.772   1.00000 
  2785.750          64.755    850.000       1.033       1.826            88129.965               0.000               0.000          3291436.737   1.00000 
  2786.750          64.566    850.000       0.822       1.447            86673.884               0.000               0.000          3378110.622   1.00000 
  2787.750          64.377    850.000       0.615       1.079            84997.941               0.000               0.000          3463108.562   1.00000 
  2788.750          64.185    850.000       0.414       0.723            83080.458               0.000               0.000          3546189.020   1.00000 
  2789.750          63.993    850.000       0.218       0.379            80898.112               0.000               0.000          3627087.132   1.00000 
  2790.750          63.800    850.000       0.028       0.048            78426.170               0.000               0.000          3705513.302   1.00000 
  2791.750          63.605    850.000       0.000       0.000            75638.971               0.000               0.000          3781152.273   1.00000 
