#_______________________________________________________________________________
#    ######   ####     ##             #####   #####     ##    #    #    ## 
#    #       #        #  #            #    #  #    #   #  #   ##  ##   #  #
#    #####    ####   ######           #    #  #####   ######  # ## #  ######
#    #            #  #    #           #    #  #    #  #    #  #    #  #    #
#____######__#####___#____#___________#####___#____#__#____#__#____#__#____#____
#
#              ESA Debris Risk Assessment and Mitigation Analysis
#
#                      ---- DRAMA ( SESAM 2.1.5 ) ----
#                                      ESA 2018
#
#                              aerothermal history file
#-------------------------------------------------------------------------------
# Filename      : PySara.EDR.9a311fa3-eaf6-4892-9222-ba5f054d70f3_AeroThermalHistory.txt
# RunID         : PySara
# ObjectID      : 9a311fa3-eaf6-4892-9222-ba5f054d70f3
# ObjectName    : EDR
# ReferenceArea : 0.04268 [m^2]
# Content       : This file contains the aerothermal data of the object,
#                 computed by the DRAMA 3 Re-entry Analysis.
# Documentation : DRAMA Software User Manual, section OPERATIONS MANUAL / Normal operation / SARA / SARA Simulation Output / Re-entry simulation output
# Note          : The convective heat and the integrated heat values in this file take into account the visibility factor
#
#-------------------------------------------------------------------------------------------------------------------------------------------------------------------
#  Time [s]  Altitude [km]   Temp [K]   Mass [kg]   Thick [mm]  Convective Heat [W]  Radiative Heat [W]  Oxidation Heat [W]  Integrated Heat [J] VisibilityFactor [-]
#-------------------------------------------------------------------------------------------------------------------------------------------------------------------
  2551.100          87.789    300.000       5.590       7.003            31900.308               0.000               0.000                0.000   1.00000 
  2551.200          87.783    300.648       5.590       7.003            31917.179               0.000               0.000             3191.718   1.00000 
  2551.650          87.757    303.568       5.590       7.003            31995.597               0.000               0.000            17589.737   1.00000 
  2552.650          87.696    310.086       5.590       7.003            32175.923               0.000               0.000            49765.659   1.00000 
  2553.650          87.636    316.624       5.590       7.003            32370.444               0.000               0.000            82136.103   1.00000 
  2554.650          87.576    323.180       5.590       7.003            32565.889               0.000               0.000           114701.993   1.00000 
  2555.650          87.516    329.755       5.590       7.003            32762.267               0.000               0.000           147464.260   1.00000 
  2556.650          87.455    336.349       5.590       7.003            32959.588               0.000               0.000           180423.848   1.00000 
  2557.650          87.394    342.962       5.590       7.003            33157.859               0.000               0.000           213581.707   1.00000 
  2558.650          87.333    349.594       5.590       7.003            33357.092               0.000               0.000           246938.798   1.00000 
  2559.650          87.272    356.245       5.590       7.003            33557.294               0.000               0.000           280496.093   1.00000 
  2560.650          87.211    362.911       5.590       7.003            33758.477               0.000               0.000           314254.570   1.00000 
  2561.650          87.149    369.592       5.590       7.003            33960.650               0.000               0.000           348215.220   1.00000 
  2562.650          87.088    376.286       5.590       7.003            34163.822               0.000               0.000           382379.042   1.00000 
  2563.650          87.026    382.991       5.590       7.003            34368.004               0.000               0.000           416747.046   1.00000 
  2564.650          86.964    389.706       5.590       7.003            34573.206               0.000               0.000           451320.253   1.00000 
  2565.650          86.902    396.428       5.590       7.003            34779.438               0.000               0.000           486099.690   1.00000 
  2566.650          86.840    403.158       5.590       7.003            34986.709               0.000               0.000           521086.399   1.00000 
  2567.650          86.777    409.894       5.590       7.003            35195.032               0.000               0.000           556281.431   1.00000 
  2568.650          86.714    416.636       5.590       7.003            35404.415               0.000               0.000           591685.847   1.00000 
  2569.650          86.651    423.386       5.590       7.003            35614.870               0.000               0.000           627300.717   1.00000 
  2570.650          86.588    430.147       5.590       7.003            35826.408               0.000               0.000           663127.125   1.00000 
  2571.650          86.525    436.919       5.590       7.003            36039.038               0.000               0.000           699166.163   1.00000 
  2572.650          86.461    443.693       5.590       7.003            36252.773               0.000               0.000           735418.937   1.00000 
  2573.650          86.398    450.460       5.590       7.003            36467.623               0.000               0.000           771886.560   1.00000 
  2574.650          86.334    457.222       5.590       7.003            36683.600               0.000               0.000           808570.159   1.00000 
  2575.650          86.269    463.950       5.590       7.003            36900.714               0.000               0.000           845470.873   1.00000 
  2576.650          86.205    470.629       5.590       7.003            37118.976               0.000               0.000           882589.849   1.00000 
  2577.650          86.141    477.262       5.590       7.003            37338.400               0.000               0.000           919928.249   1.00000 
  2578.650          86.076    483.810       5.590       7.003            37558.995               0.000               0.000           957487.245   1.00000 
  2579.650          86.011    490.257       5.590       7.003            37780.775               0.000               0.000           995268.019   1.00000 
  2580.650          85.945    496.608       5.590       7.003            38003.749               0.000               0.000          1033271.769   1.00000 
  2581.650          85.880    502.899       5.590       7.003            38227.932               0.000               0.000          1071499.700   1.00000 
  2582.650          85.814    509.154       5.590       7.003            38453.334               0.000               0.000          1109953.034   1.00000 
  2583.650          85.748    515.375       5.590       7.003            38679.968               0.000               0.000          1148633.002   1.00000 
  2584.650          85.682    521.603       5.590       7.003            38907.846               0.000               0.000          1187540.848   1.00000 
  2585.650          85.615    527.903       5.590       7.003            39136.981               0.000               0.000          1226677.829   1.00000 
  2586.650          85.549    534.277       5.590       7.003            39367.384               0.000               0.000          1266045.213   1.00000 
  2587.650          85.482    540.731       5.590       7.003            39599.070               0.000               0.000          1305644.283   1.00000 
  2588.650          85.414    547.288       5.590       7.003            39832.050               0.000               0.000          1345476.333   1.00000 
  2589.650          85.347    553.950       5.590       7.003            40066.337               0.000               0.000          1385542.671   1.00000 
  2590.650          85.279    560.713       5.590       7.003            40301.945               0.000               0.000          1425844.616   1.00000 
  2591.650          85.211    567.526       5.590       7.003            40538.887               0.000               0.000          1466383.503   1.00000 
  2592.650          85.143    574.389       5.590       7.003            40777.176               0.000               0.000          1507160.679   1.00000 
  2593.650          85.074    581.284       5.590       7.003            41016.825               0.000               0.000          1548177.503   1.00000 
  2594.650          85.005    588.129       5.590       7.003            41257.848               0.000               0.000          1589435.351   1.00000 
  2595.650          84.936    594.928       5.590       7.003            41500.258               0.000               0.000          1630935.609   1.00000 
  2596.650          84.866    601.680       5.590       7.003            41744.072               0.000               0.000          1672679.681   1.00000 
  2597.650          84.797    608.380       5.590       7.003            41989.306               0.000               0.000          1714668.987   1.00000 
  2598.650          84.727    615.030       5.590       7.003            42235.976               0.000               0.000          1756904.963   1.00000 
  2599.650          84.656    621.634       5.590       7.003            42484.099               0.000               0.000          1799389.062   1.00000 
  2600.650          84.586    628.196       5.590       7.003            42733.692               0.000               0.000          1842122.753   1.00000 
  2601.650          84.515    634.716       5.590       7.003            42984.772               0.000               0.000          1885107.526   1.00000 
  2602.650          84.443    641.198       5.590       7.003            43237.358               0.000               0.000          1928344.884   1.00000 
  2603.650          84.372    647.641       5.590       7.003            43491.467               0.000               0.000          1971836.351   1.00000 
  2604.650          84.300    654.047       5.590       7.003            43747.118               0.000               0.000          2015583.469   1.00000 
  2605.650          84.227    660.418       5.590       7.003            44004.328               0.000               0.000          2059587.797   1.00000 
  2606.650          84.155    666.762       5.590       7.003            44263.117               0.000               0.000          2103850.914   1.00000 
  2607.650          84.082    673.079       5.590       7.003            44523.504               0.000               0.000          2148374.418   1.00000 
  2608.650          84.009    679.370       5.590       7.003            44785.509               0.000               0.000          2193159.928   1.00000 
  2609.650          83.935    685.650       5.590       7.003            45049.151               0.000               0.000          2238209.079   1.00000 
  2610.650          83.861    691.919       5.590       7.003            45314.451               0.000               0.000          2283523.530   1.00000 
  2611.650          83.787    698.177       5.590       7.003            45581.429               0.000               0.000          2329104.958   1.00000 
  2612.650          83.712    704.461       5.590       7.003            45850.106               0.000               0.000          2374955.064   1.00000 
  2613.650          83.637    710.778       5.590       7.003            46120.503               0.000               0.000          2421075.567   1.00000 
  2614.650          83.562    717.128       5.590       7.003            46392.642               0.000               0.000          2467468.209   1.00000 
  2615.650          83.486    723.676       5.590       7.003            46666.545               0.000               0.000          2514134.754   1.00000 
  2616.650          83.410    730.538       5.590       7.003            46942.236               0.000               0.000          2561076.990   1.00000 
  2617.650          83.333    737.758       5.590       7.003            47219.736               0.000               0.000          2608296.726   1.00000 
  2618.650          83.256    745.189       5.590       7.003            47499.069               0.000               0.000          2655795.795   1.00000 
  2619.650          83.179    752.736       5.590       7.003            47780.259               0.000               0.000          2703576.054   1.00000 
  2620.650          83.101    760.405       5.590       7.003            48063.331               0.000               0.000          2751639.385   1.00000 
  2621.650          83.023    768.109       5.590       7.003            48348.309               0.000               0.000          2799987.694   1.00000 
  2622.650          82.945    775.845       5.590       7.003            48635.219               0.000               0.000          2848622.913   1.00000 
  2623.650          82.866    783.604       5.590       7.003            48924.086               0.000               0.000          2897546.999   1.00000 
  2624.650          82.787    791.373       5.590       7.003            49214.938               0.000               0.000          2946761.937   1.00000 
  2625.650          82.707    799.151       5.590       7.003            49507.801               0.000               0.000          2996269.739   1.00000 
  2626.650          82.627    806.936       5.590       7.003            49802.703               0.000               0.000          3046072.441   1.00000 
  2627.650          82.546    814.728       5.590       7.003            50099.672               0.000               0.000          3096172.113   1.00000 
  2628.650          82.465    822.525       5.590       7.003            50398.737               0.000               0.000          3146570.850   1.00000 
  2629.650          82.384    830.325       5.590       7.003            50699.927               0.000               0.000          3197270.776   1.00000 
  2630.650          82.302    838.128       5.590       7.003            51003.273               0.000               0.000          3248274.050   1.00000 
  2631.650          82.219    845.876       5.590       7.003            51308.806               0.000               0.000          3299582.856   1.00000 
  2632.650          82.137    850.000       5.534       6.929            51616.558               0.000               0.000          3351199.414   1.00000 
  2633.650          82.053    850.000       5.414       6.768            51926.208               0.000               0.000          3403125.622   1.00000 
  2634.650          81.970    850.000       5.292       6.606            52237.282               0.000               0.000          3455362.904   1.00000 
  2635.650          81.885    850.000       5.169       6.443            52549.682               0.000               0.000          3507912.586   1.00000 
  2636.650          81.801    850.000       5.046       6.280            52863.362               0.000               0.000          3560775.948   1.00000 
  2637.650          81.715    850.000       4.922       6.117            53178.271               0.000               0.000          3613954.220   1.00000 
  2638.650          81.630    850.000       4.797       5.953            53494.354               0.000               0.000          3667448.573   1.00000 
  2639.650          81.544    850.000       4.672       5.788            53811.548               0.000               0.000          3721260.121   1.00000 
  2640.650          81.457    850.000       4.545       5.623            54129.786               0.000               0.000          3775389.907   1.00000 
  2641.650          81.370    850.000       4.418       5.458            54448.992               0.000               0.000          3829838.899   1.00000 
  2642.650          81.282    850.000       4.290       5.292            54769.085               0.000               0.000          3884607.984   1.00000 
  2643.650          81.194    850.000       4.161       5.125            55089.973               0.000               0.000          3939697.957   1.00000 
  2644.650          81.105    850.000       4.032       4.958            55411.557               0.000               0.000          3995109.514   1.00000 
  2645.650          81.016    850.000       3.901       4.790            55733.728               0.000               0.000          4050843.243   1.00000 
  2646.650          80.926    850.000       3.770       4.622            56056.364               0.000               0.000          4106899.607   1.00000 
  2647.650          80.836    850.000       3.638       4.453            56379.332               0.000               0.000          4163278.939   1.00000 
  2648.650          80.745    850.000       3.505       4.284            56702.487               0.000               0.000          4219981.426   1.00000 
  2649.650          80.653    850.000       3.372       4.114            57025.666               0.000               0.000          4277007.092   1.00000 
  2650.650          80.561    850.000       3.237       3.944            57348.693               0.000               0.000          4334355.785   1.00000 
  2651.650          80.469    850.000       3.102       3.774            57671.372               0.000               0.000          4392027.157   1.00000 
  2652.650          80.375    850.000       2.966       3.603            57993.487               0.000               0.000          4450020.644   1.00000 
  2653.650          80.281    850.000       2.829       3.431            58314.799               0.000               0.000          4508335.444   1.00000 
  2654.650          80.187    850.000       2.691       3.259            58635.046               0.000               0.000          4566970.490   1.00000 
  2655.650          80.092    850.000       2.553       3.087            58953.936               0.000               0.000          4625924.426   1.00000 
  2656.650          79.996    850.000       2.414       2.914            59271.147               0.000               0.000          4685195.572   1.00000 
  2657.650          79.900    850.000       2.274       2.740            59586.322               0.000               0.000          4744781.895   1.00000 
  2658.650          79.803    850.000       2.133       2.566            59899.068               0.000               0.000          4804680.963   1.00000 
  2659.650          79.706    850.000       1.991       2.392            60208.953               0.000               0.000          4864889.916   1.00000 
  2660.650          79.607    850.000       1.849       2.218            60515.487               0.000               0.000          4925405.403   1.00000 
  2661.650          79.508    850.000       1.706       2.043            60818.133               0.000               0.000          4986223.536   1.00000 
  2662.650          79.409    850.000       1.562       1.868            61116.285               0.000               0.000          5047339.820   1.00000 
  2663.650          79.308    850.000       1.417       1.692            61409.264               0.000               0.000          5108749.085   1.00000 
  2664.650          79.207    850.000       1.272       1.516            61696.313               0.000               0.000          5170445.398   1.00000 
  2665.650          79.106    850.000       1.126       1.340            61976.573               0.000               0.000          5232421.971   1.00000 
  2666.650          79.003    850.000       0.979       1.163            62249.079               0.000               0.000          5294671.050   1.00000 
  2667.650          78.900    850.000       0.832       0.987            62512.739               0.000               0.000          5357183.789   1.00000 
  2668.650          78.796    850.000       0.684       0.810            62766.302               0.000               0.000          5419950.091   1.00000 
  2669.650          78.691    850.000       0.535       0.633            63008.314               0.000               0.000          5482958.404   1.00000 
  2670.650          78.586    850.000       0.386       0.456            63237.104               0.000               0.000          5546195.508   1.00000 
  2671.650          78.480    850.000       0.236       0.279            63450.763               0.000               0.000          5609646.270   1.00000 
  2672.650          78.373    850.000       0.086       0.101            63647.092               0.000               0.000          5673293.362   1.00000 
  2673.650          78.265    850.000       0.000       0.000            63823.550               0.000               0.000          5737116.913   1.00000 
