#_______________________________________________________________________________
#    ######   ####     ##             #####   #####     ##    #    #    ## 
#    #       #        #  #            #    #  #    #   #  #   ##  ##   #  #
#    #####    ####   ######           #    #  #####   ######  # ## #  ######
#    #            #  #    #           #    #  #    #  #    #  #    #  #    #
#____######__#####___#____#___________#####___#____#__#____#__#____#__#____#____
#
#              ESA Debris Risk Assessment and Mitigation Analysis
#
#                      ---- DRAMA ( SESAM 2.1.5 ) ----
#                                      ESA 2018
#
#                              aerothermal history file
#-------------------------------------------------------------------------------
# Filename      : sara.EPRM.3d51e22b-0cbb-418c-b31d-4c8cc35d2a61_AeroThermalHistory.txt
# RunID         : sara
# ObjectID      : 3d51e22b-0cbb-418c-b31d-4c8cc35d2a61
# ObjectName    : EPRM
# ReferenceArea : 0.0925 [m^2]
# Content       : This file contains the aerothermal data of the object,
#                 computed by the DRAMA 3 Re-entry Analysis.
# Documentation : DRAMA Software User Manual, section OPERATIONS MANUAL / Normal operation / SARA / SARA Simulation Output / Re-entry simulation output
# Note          : The convective heat and the integrated heat values in this file take into account the visibility factor
#
#-------------------------------------------------------------------------------------------------------------------------------------------------------------------
#  Time [s]  Altitude [km]   Temp [K]   Mass [kg]   Thick [mm]  Convective Heat [W]  Radiative Heat [W]  Oxidation Heat [W]  Integrated Heat [J] VisibilityFactor [-]
#-------------------------------------------------------------------------------------------------------------------------------------------------------------------
  2482.100          87.844    300.000       9.710       7.004            51572.782               0.000               0.000                0.000   1.00000 
  2482.200          87.838    300.603       9.710       7.004            51599.963               0.000               0.000             5159.996   1.00000 
  2482.650          87.810    303.321       9.710       7.004            51726.309               0.000               0.000            28436.835   1.00000 
  2483.650          87.748    309.387       9.710       7.004            52016.816               0.000               0.000            80453.651   1.00000 
  2484.650          87.686    315.472       9.710       7.004            52330.193               0.000               0.000           132783.844   1.00000 
  2485.650          87.624    321.577       9.710       7.004            52645.027               0.000               0.000           185428.872   1.00000 
  2486.650          87.561    327.700       9.710       7.004            52961.358               0.000               0.000           238390.230   1.00000 
  2487.650          87.498    333.841       9.710       7.004            53279.201               0.000               0.000           291669.431   1.00000 
  2488.650          87.436    340.002       9.710       7.004            53598.550               0.000               0.000           345267.982   1.00000 
  2489.650          87.372    346.181       9.710       7.004            53919.452               0.000               0.000           399187.434   1.00000 
  2490.650          87.309    352.378       9.710       7.004            54241.908               0.000               0.000           453429.342   1.00000 
  2491.650          87.246    358.595       9.710       7.004            54565.937               0.000               0.000           507995.279   1.00000 
  2492.650          87.182    364.826       9.710       7.004            54891.575               0.000               0.000           562886.854   1.00000 
  2493.650          87.119    371.071       9.710       7.004            55218.822               0.000               0.000           618105.677   1.00000 
  2494.650          87.055    377.330       9.710       7.004            55547.716               0.000               0.000           673653.392   1.00000 
  2495.650          86.991    383.600       9.710       7.004            55878.282               0.000               0.000           729531.674   1.00000 
  2496.650          86.927    389.880       9.710       7.004            56210.531               0.000               0.000           785742.205   1.00000 
  2497.650          86.862    396.170       9.710       7.004            56544.505               0.000               0.000           842286.710   1.00000 
  2498.650          86.798    402.468       9.710       7.004            56880.226               0.000               0.000           899166.936   1.00000 
  2499.650          86.733    408.774       9.710       7.004            57217.730               0.000               0.000           956384.666   1.00000 
  2500.650          86.668    415.087       9.710       7.004            57557.046               0.000               0.000          1013941.712   1.00000 
  2501.650          86.603    421.409       9.710       7.004            57898.204               0.000               0.000          1071839.916   1.00000 
  2502.650          86.537    427.743       9.710       7.004            58241.265               0.000               0.000          1130081.181   1.00000 
  2503.650          86.472    434.088       9.710       7.004            58586.238               0.000               0.000          1188667.418   1.00000 
  2504.650          86.406    440.443       9.710       7.004            58933.180               0.000               0.000          1247600.598   1.00000 
  2505.650          86.340    446.794       9.710       7.004            59282.166               0.000               0.000          1306882.764   1.00000 
  2506.650          86.274    453.143       9.710       7.004            59633.188               0.000               0.000          1366515.952   1.00000 
  2507.650          86.207    459.488       9.710       7.004            59986.339               0.000               0.000          1426502.291   1.00000 
  2508.650          86.140    465.791       9.710       7.004            60341.709               0.000               0.000          1486843.999   1.00000 
  2509.650          86.074    472.054       9.710       7.004            60699.269               0.000               0.000          1547543.269   1.00000 
  2510.650          86.006    478.279       9.710       7.004            61059.153               0.000               0.000          1608602.422   1.00000 
  2511.650          85.939    484.417       9.710       7.004            61399.698               0.000               0.000          1670002.119   1.00000 
  2512.650          85.872    490.467       9.710       7.004            61736.661               0.000               0.000          1731738.780   1.00000 
  2513.650          85.804    496.432       9.710       7.004            62076.933               0.000               0.000          1793815.713   1.00000 
  2514.650          85.736    502.344       9.710       7.004            62418.789               0.000               0.000          1856234.502   1.00000 
  2515.650          85.667    508.225       9.710       7.004            62762.374               0.000               0.000          1918996.876   1.00000 
  2516.650          85.599    514.074       9.710       7.004            63107.661               0.000               0.000          1982104.537   1.00000 
  2517.650          85.530    519.911       9.710       7.004            63454.621               0.000               0.000          2045559.158   1.00000 
  2518.650          85.461    525.811       9.710       7.004            63803.307               0.000               0.000          2109362.465   1.00000 
  2519.650          85.392    531.775       9.710       7.004            64153.708               0.000               0.000          2173516.173   1.00000 
  2520.650          85.322    537.805       9.710       7.004            64505.924               0.000               0.000          2238022.097   1.00000 
  2521.650          85.252    543.920       9.710       7.004            64859.974               0.000               0.000          2302882.072   1.00000 
  2522.650          85.182    550.125       9.710       7.004            65215.886               0.000               0.000          2368097.957   1.00000 
  2523.650          85.112    556.425       9.710       7.004            65573.576               0.000               0.000          2433671.533   1.00000 
  2524.650          85.041    562.793       9.710       7.004            65933.145               0.000               0.000          2499604.678   1.00000 
  2525.650          84.970    569.205       9.710       7.004            66294.675               0.000               0.000          2565899.354   1.00000 
  2526.650          84.899    575.661       9.710       7.004            66658.140               0.000               0.000          2632557.494   1.00000 
  2527.650          84.828    582.125       9.710       7.004            67023.488               0.000               0.000          2699580.982   1.00000 
  2528.650          84.756    588.546       9.710       7.004            67390.878               0.000               0.000          2766971.860   1.00000 
  2529.650          84.684    594.926       9.710       7.004            67760.345               0.000               0.000          2834732.205   1.00000 
  2530.650          84.612    601.263       9.710       7.004            68131.865               0.000               0.000          2902864.071   1.00000 
  2531.650          84.539    607.554       9.710       7.004            68505.334               0.000               0.000          2971369.405   1.00000 
  2532.650          84.466    613.802       9.710       7.004            68880.938               0.000               0.000          3040250.343   1.00000 
  2533.650          84.393    620.006       9.710       7.004            69258.781               0.000               0.000          3109509.124   1.00000 
  2534.650          84.319    626.173       9.710       7.004            69638.689               0.000               0.000          3179147.813   1.00000 
  2535.650          84.245    632.303       9.710       7.004            70020.848               0.000               0.000          3249168.661   1.00000 
  2536.650          84.171    638.398       9.710       7.004            70405.326               0.000               0.000          3319573.987   1.00000 
  2537.650          84.096    644.459       9.710       7.004            70792.182               0.000               0.000          3390366.169   1.00000 
  2538.650          84.021    650.485       9.710       7.004            71181.027               0.000               0.000          3461547.196   1.00000 
  2539.650          83.946    656.480       9.710       7.004            71572.317               0.000               0.000          3533119.513   1.00000 
  2540.650          83.871    662.447       9.710       7.004            71966.084               0.000               0.000          3605085.597   1.00000 
  2541.650          83.795    668.389       9.710       7.004            72362.284               0.000               0.000          3677447.880   1.00000 
  2542.650          83.718    674.308       9.710       7.004            72760.859               0.000               0.000          3750208.740   1.00000 
  2543.650          83.642    680.206       9.710       7.004            73161.972               0.000               0.000          3823370.712   1.00000 
  2544.650          83.565    686.094       9.710       7.004            73565.646               0.000               0.000          3896936.358   1.00000 
  2545.650          83.487    691.972       9.710       7.004            73971.908               0.000               0.000          3970908.266   1.00000 
  2546.650          83.410    697.840       9.710       7.004            74380.795               0.000               0.000          4045289.061   1.00000 
  2547.650          83.332    703.731       9.710       7.004            74792.331               0.000               0.000          4120081.391   1.00000 
  2548.650          83.253    709.651       9.710       7.004            75206.598               0.000               0.000          4195287.990   1.00000 
  2549.650          83.174    715.599       9.710       7.004            75623.647               0.000               0.000          4270911.637   1.00000 
  2550.650          83.095    721.673       9.710       7.004            76043.474               0.000               0.000          4346955.110   1.00000 
  2551.650          83.015    728.014       9.710       7.004            76466.143               0.000               0.000          4423421.253   1.00000 
  2552.650          82.935    734.656       9.710       7.004            76891.723               0.000               0.000          4500312.977   1.00000 
  2553.650          82.855    741.577       9.710       7.004            77320.315               0.000               0.000          4577633.292   1.00000 
  2554.650          82.774    748.598       9.710       7.004            77751.952               0.000               0.000          4655385.243   1.00000 
  2555.650          82.693    755.724       9.710       7.004            78186.483               0.000               0.000          4733571.726   1.00000 
  2556.650          82.611    762.927       9.710       7.004            78624.152               0.000               0.000          4812195.878   1.00000 
  2557.650          82.529    770.158       9.710       7.004            79065.011               0.000               0.000          4891260.889   1.00000 
  2558.650          82.447    777.417       9.710       7.004            79509.112               0.000               0.000          4970770.001   1.00000 
  2559.650          82.364    784.692       9.710       7.004            79956.512               0.000               0.000          5050726.513   1.00000 
  2560.650          82.280    791.975       9.710       7.004            80407.268               0.000               0.000          5131133.782   1.00000 
  2561.650          82.196    799.265       9.710       7.004            80861.400               0.000               0.000          5211995.182   1.00000 
  2562.650          82.112    806.562       9.710       7.004            81318.957               0.000               0.000          5293314.140   1.00000 
  2563.650          82.027    813.864       9.710       7.004            81780.058               0.000               0.000          5375094.198   1.00000 
  2564.650          81.942    821.171       9.710       7.004            82244.821               0.000               0.000          5457339.018   1.00000 
  2565.650          81.856    828.481       9.710       7.004            82713.226               0.000               0.000          5540052.245   1.00000 
  2566.650          81.770    835.794       9.710       7.004            83185.276               0.000               0.000          5623237.520   1.00000 
  2567.650          81.683    843.079       9.710       7.004            83661.216               0.000               0.000          5706898.736   1.00000 
  2568.650          81.596    850.000       9.702       6.998            84141.020               0.000               0.000          5791039.756   1.00000 
  2569.650          81.509    850.000       9.506       6.849            84624.660               0.000               0.000          5875664.416   1.00000 
  2570.650          81.421    850.000       9.308       6.700            85111.050               0.000               0.000          5960775.466   1.00000 
  2571.650          81.332    850.000       9.110       6.550            85599.976               0.000               0.000          6046375.442   1.00000 
  2572.650          81.243    850.000       8.910       6.400            86091.374               0.000               0.000          6132466.816   1.00000 
  2573.650          81.153    850.000       8.708       6.249            86585.214               0.000               0.000          6219052.030   1.00000 
  2574.650          81.063    850.000       8.506       6.097            87081.452               0.000               0.000          6306133.482   1.00000 
  2575.650          80.972    850.000       8.302       5.945            87579.981               0.000               0.000          6393713.464   1.00000 
  2576.650          80.881    850.000       8.097       5.792            88080.718               0.000               0.000          6481794.182   1.00000 
  2577.650          80.789    850.000       7.891       5.638            88583.539               0.000               0.000          6570377.721   1.00000 
  2578.650          80.697    850.000       7.684       5.484            89088.276               0.000               0.000          6659465.997   1.00000 
  2579.650          80.604    850.000       7.475       5.329            89594.830               0.000               0.000          6749060.827   1.00000 
  2580.650          80.510    850.000       7.265       5.174            90103.041               0.000               0.000          6839163.868   1.00000 
  2581.650          80.416    850.000       7.054       5.018            90612.739               0.000               0.000          6929776.607   1.00000 
  2582.650          80.322    850.000       6.841       4.862            91123.733               0.000               0.000          7020900.340   1.00000 
  2583.650          80.226    850.000       6.627       4.705            91635.819               0.000               0.000          7112536.159   1.00000 
  2584.650          80.131    850.000       6.412       4.547            92148.771               0.000               0.000          7204684.930   1.00000 
  2585.650          80.034    850.000       6.196       4.389            92662.299               0.000               0.000          7297347.229   1.00000 
  2586.650          79.937    850.000       5.978       4.230            93176.226               0.000               0.000          7390523.455   1.00000 
  2587.650          79.839    850.000       5.759       4.070            93690.243               0.000               0.000          7484213.698   1.00000 
  2588.650          79.741    850.000       5.539       3.910            94203.949               0.000               0.000          7578417.647   1.00000 
  2589.650          79.642    850.000       5.318       3.750            94717.028               0.000               0.000          7673134.675   1.00000 
  2590.650          79.543    850.000       5.095       3.589            95229.091               0.000               0.000          7768363.766   1.00000 
  2591.650          79.442    850.000       4.871       3.427            95739.688               0.000               0.000          7864103.453   1.00000 
  2592.650          79.342    850.000       4.645       3.265            96248.396               0.000               0.000          7960351.850   1.00000 
  2593.650          79.240    850.000       4.419       3.102            96754.721               0.000               0.000          8057106.571   1.00000 
  2594.650          79.138    850.000       4.191       2.939            97258.044               0.000               0.000          8154364.615   1.00000 
  2595.650          79.035    850.000       3.962       2.775            97757.782               0.000               0.000          8252122.397   1.00000 
  2596.650          78.931    850.000       3.731       2.611            98253.265               0.000               0.000          8350375.662   1.00000 
  2597.650          78.827    850.000       3.500       2.446            98743.758               0.000               0.000          8449119.420   1.00000 
  2598.650          78.722    850.000       3.267       2.280            99228.452               0.000               0.000          8548347.872   1.00000 
  2599.650          78.616    850.000       3.033       2.115            99706.459               0.000               0.000          8648054.332   1.00000 
  2600.650          78.509    850.000       2.798       1.948           100176.801               0.000               0.000          8748231.132   1.00000 
  2601.650          78.402    850.000       2.561       1.782           100638.395               0.000               0.000          8848869.528   1.00000 
  2602.650          78.294    850.000       2.324       1.615           101090.052               0.000               0.000          8949959.579   1.00000 
  2603.650          78.185    850.000       2.085       1.447           101530.439               0.000               0.000          9051490.018   1.00000 
  2604.650          78.075    850.000       1.846       1.280           101958.058               0.000               0.000          9153448.077   1.00000 
  2605.650          77.964    850.000       1.605       1.111           102371.328               0.000               0.000          9255819.405   1.00000 
  2606.650          77.853    850.000       1.363       0.943           102768.442               0.000               0.000          9358587.847   1.00000 
  2607.650          77.740    850.000       1.121       0.774           103147.385               0.000               0.000          9461735.232   1.00000 
  2608.650          77.627    850.000       0.877       0.605           103505.907               0.000               0.000          9565241.139   1.00000 
  2609.650          77.513    850.000       0.633       0.436           103841.488               0.000               0.000          9669082.627   1.00000 
  2610.650          77.398    850.000       0.388       0.267           104151.280               0.000               0.000          9773233.906   1.00000 
  2611.650          77.282    850.000       0.142       0.098           104432.079               0.000               0.000          9877665.986   1.00000 
  2612.650          77.166    850.000       0.000       0.000           104680.204               0.000               0.000          9982346.189   1.00000 
