#_______________________________________________________________________________
#    ######   ####     ##             #####   #####     ##    #    #    ## 
#    #       #        #  #            #    #  #    #   #  #   ##  ##   #  #
#    #####    ####   ######           #    #  #####   ######  # ## #  ######
#    #            #  #    #           #    #  #    #  #    #  #    #  #    #
#____######__#####___#____#___________#####___#____#__#____#__#____#__#____#____
#
#              ESA Debris Risk Assessment and Mitigation Analysis
#
#                      ---- DRAMA ( SESAM 2.1.5 ) ----
#                                      ESA 2018
#
#                              aerothermal history file
#-------------------------------------------------------------------------------
# Filename      : sara.GRAS-GEU.87b8b918-9136-4203-8607-2a5c00b784eb_AeroThermalHistory.txt
# RunID         : sara
# ObjectID      : 87b8b918-9136-4203-8607-2a5c00b784eb
# ObjectName    : GRAS-GEU
# ReferenceArea : 0.055255 [m^2]
# Content       : This file contains the aerothermal data of the object,
#                 computed by the DRAMA 3 Re-entry Analysis.
# Documentation : DRAMA Software User Manual, section OPERATIONS MANUAL / Normal operation / SARA / SARA Simulation Output / Re-entry simulation output
# Note          : The convective heat and the integrated heat values in this file take into account the visibility factor
#
#-------------------------------------------------------------------------------------------------------------------------------------------------------------------
#  Time [s]  Altitude [km]   Temp [K]   Mass [kg]   Thick [mm]  Convective Heat [W]  Radiative Heat [W]  Oxidation Heat [W]  Integrated Heat [J] VisibilityFactor [-]
#-------------------------------------------------------------------------------------------------------------------------------------------------------------------
  2676.200          70.563    300.000       5.230       7.008           109081.277               0.000               0.000                0.000   1.00000 
  2676.300          70.549    302.369       5.230       7.008           109088.341               0.000               0.000            10908.834   1.00000 
  2676.750          70.486    313.019       5.230       7.008           109120.002               0.000               0.000            60012.835   1.00000 
  2677.750          70.345    336.585       5.230       7.008           109184.406               0.000               0.000           169197.241   1.00000 
  2678.750          70.202    359.910       5.230       7.008           109241.372               0.000               0.000           278438.613   1.00000 
  2679.750          70.059    382.981       5.230       7.008           109285.456               0.000               0.000           387724.069   1.00000 
  2680.750          69.915    405.737       5.230       7.008           109316.580               0.000               0.000           497040.649   1.00000 
  2681.750          69.770    428.138       5.230       7.008           109334.720               0.000               0.000           606375.370   1.00000 
  2682.750          69.624    450.222       5.230       7.008           109339.560               0.000               0.000           715714.930   1.00000 
  2683.750          69.477    471.879       5.230       7.008           109331.246               0.000               0.000           825046.176   1.00000 
  2684.750          69.329    492.710       5.230       7.008           109309.292               0.000               0.000           934355.468   1.00000 
  2685.750          69.179    512.215       5.230       7.008           109273.941               0.000               0.000          1043629.409   1.00000 
  2686.750          69.029    531.039       5.230       7.008           109224.616               0.000               0.000          1152854.025   1.00000 
  2687.750          68.877    550.158       5.230       7.008           109161.570               0.000               0.000          1262015.595   1.00000 
  2688.750          68.724    569.832       5.230       7.008           109084.218               0.000               0.000          1371099.814   1.00000 
  2689.750          68.570    589.678       5.230       7.008           108992.748               0.000               0.000          1480092.562   1.00000 
  2690.750          68.415    608.938       5.230       7.008           108886.614               0.000               0.000          1588979.175   1.00000 
  2691.750          68.258    627.486       5.230       7.008           108765.871               0.000               0.000          1697745.046   1.00000 
  2692.750          68.100    645.402       5.230       7.008           108630.159               0.000               0.000          1806375.205   1.00000 
  2693.750          67.940    662.746       5.230       7.008           108479.250               0.000               0.000          1914854.455   1.00000 
  2694.750          67.779    679.588       5.230       7.008           108313.053               0.000               0.000          2023167.508   1.00000 
  2695.750          67.616    696.023       5.230       7.008           108130.914               0.000               0.000          2131298.422   1.00000 
  2696.750          67.452    712.183       5.230       7.008           107932.943               0.000               0.000          2239231.365   1.00000 
  2697.750          67.286    728.309       5.230       7.008           107718.790               0.000               0.000          2346950.154   1.00000 
  2698.750          67.119    746.052       5.230       7.008           107487.912               0.000               0.000          2454438.066   1.00000 
  2699.750          66.950    764.669       5.230       7.008           107240.258               0.000               0.000          2561678.324   1.00000 
  2700.750          66.779    783.401       5.230       7.008           106975.476               0.000               0.000          2668653.800   1.00000 
  2701.750          66.607    801.970       5.230       7.008           106692.995               0.000               0.000          2775346.795   1.00000 
  2702.750          66.432    820.311       5.230       7.008           106392.689               0.000               0.000          2881739.484   1.00000 
  2703.750          66.256    838.412       5.230       7.008           106074.180               0.000               0.000          2987813.664   1.00000 
  2704.750          66.078    850.000       5.141       6.881           105737.096               0.000               0.000          3093550.760   1.00000 
  2705.750          65.899    850.000       4.886       6.517           105358.910               0.000               0.000          3198909.670   1.00000 
  2706.750          65.717    850.000       4.632       6.158           104890.143               0.000               0.000          3303799.812   1.00000 
  2707.750          65.533    850.000       4.380       5.803           104316.021               0.000               0.000          3408115.834   1.00000 
  2708.750          65.348    850.000       4.129       5.453           103626.644               0.000               0.000          3511742.478   1.00000 
  2709.750          65.160    850.000       3.881       5.108           102811.265               0.000               0.000          3614553.742   1.00000 
  2710.750          64.971    850.000       3.634       4.768           101858.323               0.000               0.000          3716412.065   1.00000 
  2711.750          64.780    850.000       3.391       4.435           100755.260               0.000               0.000          3817167.325   1.00000 
  2712.750          64.587    850.000       3.150       4.108            99488.715               0.000               0.000          3916656.040   1.00000 
  2713.750          64.393    850.000       2.913       3.788            98044.482               0.000               0.000          4014700.522   1.00000 
  2714.750          64.197    850.000       2.681       3.475            96407.412               0.000               0.000          4111107.934   1.00000 
  2715.750          63.999    850.000       2.453       3.170            94561.651               0.000               0.000          4205669.585   1.00000 
  2716.750          63.799    850.000       2.230       2.874            92490.762               0.000               0.000          4298160.347   1.00000 
  2717.750          63.598    850.000       2.013       2.587            90178.081               0.000               0.000          4388338.429   1.00000 
  2718.750          63.396    850.000       1.802       2.311            87607.109               0.000               0.000          4475945.538   1.00000 
  2719.750          63.192    850.000       1.598       2.045            84762.130               0.000               0.000          4560707.668   1.00000 
  2720.750          62.988    850.000       1.403       1.790            81629.150               0.000               0.000          4642336.819   1.00000 
  2721.750          62.782    850.000       1.216       1.548            78197.152               0.000               0.000          4720533.970   1.00000 
  2722.750          62.576    850.000       1.038       1.318            74459.597               0.000               0.000          4794993.567   1.00000 
  2723.750          62.369    850.000       0.870       1.103            70416.576               0.000               0.000          4865410.143   1.00000 
  2724.750          62.162    850.000       0.713       0.903            66077.341               0.000               0.000          4931487.484   1.00000 
  2725.750          61.955    850.000       0.568       0.717            61463.184               0.000               0.000          4992950.668   1.00000 
  2726.750          61.749    850.000       0.435       0.548            56610.452               0.000               0.000          5049561.119   1.00000 
  2727.750          61.544    850.000       0.314       0.396            51573.182               0.000               0.000          5101134.301   1.00000 
  2728.750          61.340    850.000       0.206       0.260            46424.655               0.000               0.000          5147558.956   1.00000 
  2729.750          61.139    850.000       0.112       0.140            41256.590               0.000               0.000          5188815.546   1.00000 
  2730.750          60.939    850.000       0.029       0.037            36175.185               0.000               0.000          5224990.730   1.00000 
  2731.750          60.743    850.000       0.000       0.000            31293.159               0.000               0.000          5256283.889   1.00000 
