#_______________________________________________________________________________
#    ######   ####     ##             #####   #####     ##    #    #    ## 
#    #       #        #  #            #    #  #    #   #  #   ##  ##   #  #
#    #####    ####   ######           #    #  #####   ######  # ## #  ######
#    #            #  #    #           #    #  #    #  #    #  #    #  #    #
#____######__#####___#____#___________#####___#____#__#____#__#____#__#____#____
#
#              ESA Debris Risk Assessment and Mitigation Analysis
#
#                      ---- DRAMA ( SESAM 2.1.5 ) ----
#                                      ESA 2018
#
#                              aerothermal history file
#-------------------------------------------------------------------------------
# Filename      : sara.RTU.5cd3572a-3218-4658-8521-d9804ced1e9f_AeroThermalHistory.txt
# RunID         : sara
# ObjectID      : 5cd3572a-3218-4658-8521-d9804ced1e9f
# ObjectName    : RTU
# ReferenceArea : 0.0975 [m^2]
# Content       : This file contains the aerothermal data of the object,
#                 computed by the DRAMA 3 Re-entry Analysis.
# Documentation : DRAMA Software User Manual, section OPERATIONS MANUAL / Normal operation / SARA / SARA Simulation Output / Re-entry simulation output
# Note          : The convective heat and the integrated heat values in this file take into account the visibility factor
#
#-------------------------------------------------------------------------------------------------------------------------------------------------------------------
#  Time [s]  Altitude [km]   Temp [K]   Mass [kg]   Thick [mm]  Convective Heat [W]  Radiative Heat [W]  Oxidation Heat [W]  Integrated Heat [J] VisibilityFactor [-]
#-------------------------------------------------------------------------------------------------------------------------------------------------------------------
  2676.200          70.563    300.000       9.660       7.002           172226.243               0.000               0.000                0.000   1.00000 
  2676.300          70.549    302.025       9.660       7.002           172256.834               0.000               0.000            17225.683   1.00000 
  2676.750          70.486    311.136       9.660       7.002           172397.512               0.000               0.000            94804.564   1.00000 
  2677.750          70.345    331.334       9.660       7.002           172709.840               0.000               0.000           267514.404   1.00000 
  2678.750          70.202    351.383       9.660       7.002           173030.178               0.000               0.000           440544.581   1.00000 
  2679.750          70.059    371.284       9.660       7.002           173334.429               0.000               0.000           613879.010   1.00000 
  2680.750          69.915    390.998       9.660       7.002           173622.383               0.000               0.000           787501.394   1.00000 
  2681.750          69.769    410.489       9.660       7.002           173893.894               0.000               0.000           961395.287   1.00000 
  2682.750          69.623    429.737       9.660       7.002           174148.379               0.000               0.000          1135543.666   1.00000 
  2683.750          69.476    448.783       9.660       7.002           174385.949               0.000               0.000          1309929.615   1.00000 
  2684.750          69.327    467.528       9.660       7.002           174605.766               0.000               0.000          1484535.381   1.00000 
  2685.750          69.178    485.706       9.660       7.002           174808.077               0.000               0.000          1659343.459   1.00000 
  2686.750          69.027    502.987       9.660       7.002           174991.912               0.000               0.000          1834335.370   1.00000 
  2687.750          68.875    519.591       9.660       7.002           175157.514               0.000               0.000          2009492.884   1.00000 
  2688.750          68.722    536.021       9.660       7.002           175303.919               0.000               0.000          2184796.803   1.00000 
  2689.750          68.567    552.758       9.660       7.002           175431.246               0.000               0.000          2360228.049   1.00000 
  2690.750          68.411    569.959       9.660       7.002           175538.606               0.000               0.000          2535766.655   1.00000 
  2691.750          68.254    587.260       9.660       7.002           175625.892               0.000               0.000          2711392.546   1.00000 
  2692.750          68.096    604.142       9.660       7.002           175692.516               0.000               0.000          2887085.062   1.00000 
  2693.750          67.936    620.501       9.660       7.002           175737.906               0.000               0.000          3062822.969   1.00000 
  2694.750          67.775    636.373       9.660       7.002           175761.867               0.000               0.000          3238584.836   1.00000 
  2695.750          67.612    651.808       9.660       7.002           175763.290               0.000               0.000          3414348.126   1.00000 
  2696.750          67.448    666.834       9.660       7.002           175742.129               0.000               0.000          3590090.255   1.00000 
  2697.750          67.282    681.514       9.660       7.002           175697.837               0.000               0.000          3765788.092   1.00000 
  2698.750          67.114    695.913       9.660       7.002           175629.283               0.000               0.000          3941417.375   1.00000 
  2699.750          66.945    710.119       9.660       7.002           175536.349               0.000               0.000          4116953.724   1.00000 
  2700.750          66.775    724.313       9.660       7.002           175418.353               0.000               0.000          4292372.077   1.00000 
  2701.750          66.602    739.539       9.660       7.002           175274.287               0.000               0.000          4467646.364   1.00000 
  2702.750          66.428    755.811       9.660       7.002           175103.727               0.000               0.000          4642750.091   1.00000 
  2703.750          66.253    772.372       9.660       7.002           174905.988               0.000               0.000          4817656.079   1.00000 
  2704.750          66.075    788.878       9.660       7.002           174680.352               0.000               0.000          4992336.431   1.00000 
  2705.750          65.896    805.226       9.660       7.002           174425.663               0.000               0.000          5166762.094   1.00000 
  2706.750          65.714    821.405       9.660       7.002           174141.486               0.000               0.000          5340903.580   1.00000 
  2707.750          65.531    837.405       9.660       7.002           173826.992               0.000               0.000          5514730.572   1.00000 
  2708.750          65.346    850.000       9.577       6.938           173481.332               0.000               0.000          5688211.904   1.00000 
  2709.750          65.159    850.000       9.159       6.621           173088.404               0.000               0.000          5861300.308   1.00000 
  2710.750          64.971    850.000       8.743       6.306           172579.267               0.000               0.000          6033879.575   1.00000 
  2711.750          64.780    850.000       8.328       5.994           171935.340               0.000               0.000          6205814.916   1.00000 
  2712.750          64.587    850.000       7.916       5.684           171146.000               0.000               0.000          6376960.916   1.00000 
  2713.750          64.392    850.000       7.505       5.378           170200.132               0.000               0.000          6547161.048   1.00000 
  2714.750          64.195    850.000       7.098       5.075           169085.864               0.000               0.000          6716246.912   1.00000 
  2715.750          63.997    850.000       6.693       4.776           167790.804               0.000               0.000          6884037.716   1.00000 
  2716.750          63.796    850.000       6.293       4.481           166301.991               0.000               0.000          7050339.707   1.00000 
  2717.750          63.594    850.000       5.896       4.190           164606.063               0.000               0.000          7214945.770   1.00000 
  2718.750          63.389    850.000       5.505       3.904           162689.278               0.000               0.000          7377635.049   1.00000 
  2719.750          63.183    850.000       5.119       3.623           160537.600               0.000               0.000          7538172.649   1.00000 
  2720.750          62.975    850.000       4.738       3.348           158136.965               0.000               0.000          7696309.613   1.00000 
  2721.750          62.765    850.000       4.365       3.078           155473.477               0.000               0.000          7851783.090   1.00000 
  2722.750          62.553    850.000       3.999       2.815           152533.793               0.000               0.000          8004316.883   1.00000 
  2723.750          62.340    850.000       3.641       2.558           149305.461               0.000               0.000          8153622.344   1.00000 
  2724.750          62.125    850.000       3.291       2.309           145777.311               0.000               0.000          8299399.655   1.00000 
  2725.750          61.909    850.000       2.952       2.067           141940.145               0.000               0.000          8441339.801   1.00000 
  2726.750          61.691    850.000       2.622       1.833           137787.347               0.000               0.000          8579127.148   1.00000 
  2727.750          61.472    850.000       2.304       1.608           133315.688               0.000               0.000          8712442.836   1.00000 
  2728.750          61.252    850.000       1.998       1.392           128526.064               0.000               0.000          8840968.900   1.00000 
  2729.750          61.031    850.000       1.704       1.186           123425.013               0.000               0.000          8964393.913   1.00000 
  2730.750          60.808    850.000       1.425       0.990           118025.221               0.000               0.000          9082419.134   1.00000 
  2731.750          60.585    850.000       1.159       0.804           112346.589               0.000               0.000          9194765.723   1.00000 
  2732.750          60.362    850.000       0.908       0.629           106417.129               0.000               0.000          9301182.852   1.00000 
  2733.750          60.138    850.000       0.672       0.466           100273.696               0.000               0.000          9401456.548   1.00000 
  2734.750          59.914    850.000       0.453       0.313            93962.259               0.000               0.000          9495418.807   1.00000 
  2735.750          59.690    850.000       0.249       0.172            87537.400               0.000               0.000          9582956.208   1.00000 
  2736.750          59.466    850.000       0.061       0.042            81061.328               0.000               0.000          9664017.536   1.00000 
  2737.750          59.243    850.000       0.000       0.000            74602.150               0.000               0.000          9738619.686   1.00000 
