#_______________________________________________________________________________
#    ######   ####     ##             #####   #####     ##    #    #    ## 
#    #       #        #  #            #    #  #    #   #  #   ##  ##   #  #
#    #####    ####   ######           #    #  #####   ######  # ## #  ######
#    #            #  #    #           #    #  #    #  #    #  #    #  #    #
#____######__#####___#____#___________#####___#____#__#____#__#____#__#____#____
#
#              ESA Debris Risk Assessment and Mitigation Analysis
#
#                      ---- DRAMA ( SESAM 2.1.5 ) ----
#                                      ESA 2018
#
#                              aerothermal history file
#-------------------------------------------------------------------------------
# Filename      : sara.ADCS-TXU.42ac1896-26e7-4c09-a918-9352b410a3d4_AeroThermalHistory.txt
# RunID         : sara
# ObjectID      : 42ac1896-26e7-4c09-a918-9352b410a3d4
# ObjectName    : ADCS-TXU
# ReferenceArea : 0.028 [m^2]
# Content       : This file contains the aerothermal data of the object,
#                 computed by the DRAMA 3 Re-entry Analysis.
# Documentation : DRAMA Software User Manual, section OPERATIONS MANUAL / Normal operation / SARA / SARA Simulation Output / Re-entry simulation output
# Note          : The convective heat and the integrated heat values in this file take into account the visibility factor
#
#-------------------------------------------------------------------------------------------------------------------------------------------------------------------
#  Time [s]  Altitude [km]   Temp [K]   Mass [kg]   Thick [mm]  Convective Heat [W]  Radiative Heat [W]  Oxidation Heat [W]  Integrated Heat [J] VisibilityFactor [-]
#-------------------------------------------------------------------------------------------------------------------------------------------------------------------
  2676.200          70.563    300.000       5.370       7.001           115211.958               0.000               0.000                0.000   1.00000 
  2676.300          70.549    302.437       5.370       7.001           115231.275               0.000               0.000            11523.127   1.00000 
  2676.750          70.486    313.399       5.370       7.001           115320.028               0.000               0.000            63417.140   1.00000 
  2677.750          70.345    337.677       5.370       7.001           115516.512               0.000               0.000           178933.652   1.00000 
  2678.750          70.202    361.729       5.370       7.001           115717.167               0.000               0.000           294650.819   1.00000 
  2679.750          70.059    385.536       5.370       7.001           115906.785               0.000               0.000           410557.604   1.00000 
  2680.750          69.915    409.032       5.370       7.001           116085.231               0.000               0.000           526642.835   1.00000 
  2681.750          69.769    432.176       5.370       7.001           116252.412               0.000               0.000           642895.248   1.00000 
  2682.750          69.623    455.021       5.370       7.001           116407.943               0.000               0.000           759303.191   1.00000 
  2683.750          69.476    477.360       5.370       7.001           116551.902               0.000               0.000           875855.093   1.00000 
  2684.750          69.327    498.666       5.370       7.001           116683.733               0.000               0.000           992538.826   1.00000 
  2685.750          69.178    518.750       5.370       7.001           116803.608               0.000               0.000          1109342.434   1.00000 
  2686.750          69.027    538.459       5.370       7.001           116910.879               0.000               0.000          1226253.313   1.00000 
  2687.750          68.875    558.633       5.370       7.001           117005.719               0.000               0.000          1343259.031   1.00000 
  2688.750          68.722    579.334       5.370       7.001           117087.482               0.000               0.000          1460346.514   1.00000 
  2689.750          68.567    599.898       5.370       7.001           117156.259               0.000               0.000          1577502.772   1.00000 
  2690.750          68.412    619.712       5.370       7.001           117211.454               0.000               0.000          1694714.226   1.00000 
  2691.750          68.255    638.814       5.370       7.001           117253.007               0.000               0.000          1811967.233   1.00000 
  2692.750          68.096    657.293       5.370       7.001           117280.525               0.000               0.000          1929247.758   1.00000 
  2693.750          67.936    675.213       5.370       7.001           117293.636               0.000               0.000          2046541.394   1.00000 
  2694.750          67.775    692.672       5.370       7.001           117292.212               0.000               0.000          2163833.606   1.00000 
  2695.750          67.612    709.792       5.370       7.001           117275.514               0.000               0.000          2281109.120   1.00000 
  2696.750          67.448    726.901       5.370       7.001           117243.524               0.000               0.000          2398352.644   1.00000 
  2697.750          67.282    745.583       5.370       7.001           117195.874               0.000               0.000          2515548.517   1.00000 
  2698.750          67.115    765.395       5.370       7.001           117131.824               0.000               0.000          2632680.341   1.00000 
  2699.750          66.946    785.380       5.370       7.001           117051.294               0.000               0.000          2749731.635   1.00000 
  2700.750          66.775    805.213       5.370       7.001           116953.837               0.000               0.000          2866685.472   1.00000 
  2701.750          66.603    824.828       5.370       7.001           116838.782               0.000               0.000          2983524.254   1.00000 
  2702.750          66.429    844.209       5.370       7.001           116705.858               0.000               0.000          3100230.112   1.00000 
  2703.750          66.253    850.000       5.174       6.728           116554.613               0.000               0.000          3216784.725   1.00000 
  2704.750          66.075    850.000       4.892       6.337           116344.911               0.000               0.000          3333129.636   1.00000 
  2705.750          65.896    850.000       4.610       5.950           116047.003               0.000               0.000          3449176.639   1.00000 
  2706.750          65.715    850.000       4.330       5.567           115649.957               0.000               0.000          3564826.596   1.00000 
  2707.750          65.532    850.000       4.050       5.189           115144.175               0.000               0.000          3679970.771   1.00000 
  2708.750          65.347    850.000       3.773       4.816           114519.199               0.000               0.000          3794489.969   1.00000 
  2709.750          65.161    850.000       3.497       4.448           113763.619               0.000               0.000          3908253.589   1.00000 
  2710.750          64.973    850.000       3.223       4.086           112865.090               0.000               0.000          4021118.679   1.00000 
  2711.750          64.783    850.000       2.952       3.729           111810.075               0.000               0.000          4132928.754   1.00000 
  2712.750          64.591    850.000       2.684       3.380           110584.106               0.000               0.000          4243512.859   1.00000 
  2713.750          64.398    850.000       2.420       3.037           109171.588               0.000               0.000          4352684.447   1.00000 
  2714.750          64.202    850.000       2.160       2.702           107555.693               0.000               0.000          4460240.140   1.00000 
  2715.750          64.006    850.000       1.904       2.374           105718.527               0.000               0.000          4565958.667   1.00000 
  2716.750          63.808    850.000       1.654       2.056           103641.161               0.000               0.000          4669599.827   1.00000 
  2717.750          63.608    850.000       1.409       1.746           101303.896               0.000               0.000          4770903.724   1.00000 
  2718.750          63.407    850.000       1.171       1.447            98686.542               0.000               0.000          4869590.266   1.00000 
  2719.750          63.205    850.000       0.940       1.158            95768.899               0.000               0.000          4965359.164   1.00000 
  2720.750          63.002    850.000       0.717       0.882            92531.572               0.000               0.000          5057890.737   1.00000 
  2721.750          62.798    850.000       0.503       0.617            88957.111               0.000               0.000          5146847.848   1.00000 
  2722.750          62.593    850.000       0.299       0.366            85031.422               0.000               0.000          5231879.270   1.00000 
  2723.750          62.387    850.000       0.106       0.129            80745.989               0.000               0.000          5312625.259   1.00000 
  2724.750          62.182    850.000       0.000       0.000            76100.518               0.000               0.000          5388725.777   1.00000 
