#_______________________________________________________________________________
#    ######   ####     ##             #####   #####     ##    #    #    ## 
#    #       #        #  #            #    #  #    #   #  #   ##  ##   #  #
#    #####    ####   ######           #    #  #####   ######  # ## #  ######
#    #            #  #    #           #    #  #    #  #    #  #    #  #    #
#____######__#####___#____#___________#####___#____#__#____#__#____#__#____#____
#
#              ESA Debris Risk Assessment and Mitigation Analysis
#
#                      ---- DRAMA ( SESAM 2.1.5 ) ----
#                                      ESA 2018
#
#                              aerothermal history file
#-------------------------------------------------------------------------------
# Filename      : sara.SADM1.bb42edf0-7c27-4377-bfb8-3846f78f70cc_AeroThermalHistory.txt
# RunID         : sara
# ObjectID      : bb42edf0-7c27-4377-bfb8-3846f78f70cc
# ObjectName    : SADM1
# ReferenceArea : 0.25612 [m^2]
# Content       : This file contains the aerothermal data of the object,
#                 computed by the DRAMA 3 Re-entry Analysis.
# Documentation : DRAMA Software User Manual, section OPERATIONS MANUAL / Normal operation / SARA / SARA Simulation Output / Re-entry simulation output
# Note          : The convective heat and the integrated heat values in this file take into account the visibility factor
#
#-------------------------------------------------------------------------------------------------------------------------------------------------------------------
#  Time [s]  Altitude [km]   Temp [K]   Mass [kg]   Thick [mm]  Convective Heat [W]  Radiative Heat [W]  Oxidation Heat [W]  Integrated Heat [J] VisibilityFactor [-]
#-------------------------------------------------------------------------------------------------------------------------------------------------------------------
  2482.100          87.844    300.000      22.200       7.024           100765.461               0.000               0.000                0.000   1.00000 
  2482.200          87.838    300.515      22.200       7.024           100814.251               0.000               0.000            10081.425   1.00000 
  2482.650          87.810    302.837      22.200       7.024           101041.070               0.000               0.000            55549.906   1.00000 
  2483.650          87.748    308.017      22.200       7.024           101562.769               0.000               0.000           157112.675   1.00000 
  2484.650          87.686    313.214      22.200       7.024           102125.824               0.000               0.000           259238.500   1.00000 
  2485.650          87.624    318.426      22.200       7.024           102691.794               0.000               0.000           361930.294   1.00000 
  2486.650          87.561    323.654      22.200       7.024           103260.764               0.000               0.000           465191.058   1.00000 
  2487.650          87.498    328.897      22.200       7.024           103832.771               0.000               0.000           569023.829   1.00000 
  2488.650          87.436    334.157      22.200       7.024           104407.809               0.000               0.000           673431.638   1.00000 
  2489.650          87.372    339.432      22.200       7.024           104985.978               0.000               0.000           778417.616   1.00000 
  2490.650          87.309    344.723      22.200       7.024           105567.288               0.000               0.000           883984.904   1.00000 
  2491.650          87.246    350.029      22.200       7.024           106151.782               0.000               0.000           990136.686   1.00000 
  2492.650          87.182    355.352      22.200       7.024           106739.540               0.000               0.000          1096876.226   1.00000 
  2493.650          87.119    360.688      22.200       7.024           107330.568               0.000               0.000          1204206.795   1.00000 
  2494.650          87.055    366.037      22.200       7.024           107924.948               0.000               0.000          1312131.743   1.00000 
  2495.650          86.991    371.399      22.200       7.024           108522.740               0.000               0.000          1420654.483   1.00000 
  2496.650          86.927    376.773      22.200       7.024           109123.969               0.000               0.000          1529778.452   1.00000 
  2497.650          86.862    382.158      22.200       7.024           109728.731               0.000               0.000          1639507.183   1.00000 
  2498.650          86.798    387.552      22.200       7.024           110337.074               0.000               0.000          1749844.257   1.00000 
  2499.650          86.733    392.955      22.200       7.024           110949.074               0.000               0.000          1860793.331   1.00000 
  2500.650          86.668    398.368      22.200       7.024           111564.800               0.000               0.000          1972358.131   1.00000 
  2501.650          86.603    403.789      22.200       7.024           112184.322               0.000               0.000          2084542.453   1.00000 
  2502.650          86.538    409.217      22.200       7.024           112807.757               0.000               0.000          2197350.210   1.00000 
  2503.650          86.472    414.653      22.200       7.024           113435.144               0.000               0.000          2310785.354   1.00000 
  2504.650          86.406    420.098      22.200       7.024           114066.599               0.000               0.000          2424851.952   1.00000 
  2505.650          86.341    425.554      22.200       7.024           114702.267               0.000               0.000          2539554.219   1.00000 
  2506.650          86.274    431.021      22.200       7.024           115342.156               0.000               0.000          2654896.376   1.00000 
  2507.650          86.208    436.499      22.200       7.024           115986.454               0.000               0.000          2770882.830   1.00000 
  2508.650          86.142    441.981      22.200       7.024           116635.328               0.000               0.000          2887518.158   1.00000 
  2509.650          86.075    447.463      22.200       7.024           117288.750               0.000               0.000          3004806.908   1.00000 
  2510.650          86.008    452.946      22.200       7.024           117946.996               0.000               0.000          3122753.903   1.00000 
  2511.650          85.941    458.427      22.200       7.024           118572.233               0.000               0.000          3241326.136   1.00000 
  2512.650          85.874    463.878      22.200       7.024           119190.303               0.000               0.000          3360516.439   1.00000 
  2513.650          85.806    469.299      22.200       7.024           119815.045               0.000               0.000          3480331.485   1.00000 
  2514.650          85.738    474.691      22.200       7.024           120443.279               0.000               0.000          3600774.763   1.00000 
  2515.650          85.670    480.043      22.200       7.024           121075.260               0.000               0.000          3721850.024   1.00000 
  2516.650          85.602    485.327      22.200       7.024           121710.924               0.000               0.000          3843560.947   1.00000 
  2517.650          85.534    490.548      22.200       7.024           122350.300               0.000               0.000          3965911.248   1.00000 
  2518.650          85.465    495.709      22.200       7.024           122993.483               0.000               0.000          4088904.730   1.00000 
  2519.650          85.396    500.830      22.200       7.024           123640.382               0.000               0.000          4212545.112   1.00000 
  2520.650          85.327    505.930      22.200       7.024           124291.311               0.000               0.000          4336836.423   1.00000 
  2521.650          85.257    511.009      22.200       7.024           124946.304               0.000               0.000          4461782.727   1.00000 
  2522.650          85.188    516.067      22.200       7.024           125605.399               0.000               0.000          4587388.126   1.00000 
  2523.650          85.118    521.148      22.200       7.024           126268.403               0.000               0.000          4713656.529   1.00000 
  2524.650          85.048    526.279      22.200       7.024           126935.651               0.000               0.000          4840592.181   1.00000 
  2525.650          84.977    531.460      22.200       7.024           127607.248               0.000               0.000          4968199.429   1.00000 
  2526.650          84.907    536.694      22.200       7.024           128283.079               0.000               0.000          5096482.508   1.00000 
  2527.650          84.836    541.992      22.200       7.024           128963.238               0.000               0.000          5225445.746   1.00000 
  2528.650          84.765    547.362      22.200       7.024           129647.955               0.000               0.000          5355093.702   1.00000 
  2529.650          84.693    552.804      22.200       7.024           130337.276               0.000               0.000          5485430.978   1.00000 
  2530.650          84.622    558.322      22.200       7.024           131031.173               0.000               0.000          5616462.150   1.00000 
  2531.650          84.550    563.876      22.200       7.024           131729.651               0.000               0.000          5748191.801   1.00000 
  2532.650          84.477    569.467      22.200       7.024           132432.867               0.000               0.000          5880624.669   1.00000 
  2533.650          84.405    575.095      22.200       7.024           133141.008               0.000               0.000          6013765.676   1.00000 
  2534.650          84.332    580.734      22.200       7.024           133854.014               0.000               0.000          6147619.690   1.00000 
  2535.650          84.259    586.343      22.200       7.024           134572.125               0.000               0.000          6282191.815   1.00000 
  2536.650          84.186    591.923      22.200       7.024           135295.442               0.000               0.000          6417487.257   1.00000 
  2537.650          84.112    597.476      22.200       7.024           136024.019               0.000               0.000          6553511.277   1.00000 
  2538.650          84.038    602.996      22.200       7.024           136757.552               0.000               0.000          6690268.829   1.00000 
  2539.650          83.964    608.485      22.200       7.024           137496.488               0.000               0.000          6827765.317   1.00000 
  2540.650          83.889    613.943      22.200       7.024           138241.131               0.000               0.000          6966006.447   1.00000 
  2541.650          83.814    619.372      22.200       7.024           138991.118               0.000               0.000          7104997.565   1.00000 
  2542.650          83.739    624.775      22.200       7.024           139746.776               0.000               0.000          7244744.342   1.00000 
  2543.650          83.664    630.153      22.200       7.024           140508.190               0.000               0.000          7385252.531   1.00000 
  2544.650          83.588    635.507      22.200       7.024           141275.421               0.000               0.000          7526527.952   1.00000 
  2545.650          83.512    640.837      22.200       7.024           142048.212               0.000               0.000          7668576.164   1.00000 
  2546.650          83.435    646.143      22.200       7.024           142827.060               0.000               0.000          7811403.224   1.00000 
  2547.650          83.359    651.428      22.200       7.024           143611.952               0.000               0.000          7955015.177   1.00000 
  2548.650          83.282    656.691      22.200       7.024           144402.896               0.000               0.000          8099418.073   1.00000 
  2549.650          83.204    661.936      22.200       7.024           145199.855               0.000               0.000          8244617.928   1.00000 
  2550.650          83.126    667.166      22.200       7.024           146002.916               0.000               0.000          8390620.844   1.00000 
  2551.650          83.048    672.380      22.200       7.024           146812.354               0.000               0.000          8537433.198   1.00000 
  2552.650          82.970    677.580      22.200       7.024           147628.230               0.000               0.000          8685061.429   1.00000 
  2553.650          82.891    682.774      22.200       7.024           148450.528               0.000               0.000          8833511.957   1.00000 
  2554.650          82.812    687.963      22.200       7.024           149279.336               0.000               0.000          8982791.293   1.00000 
  2555.650          82.732    693.148      22.200       7.024           150114.502               0.000               0.000          9132905.795   1.00000 
  2556.650          82.652    698.330      22.200       7.024           150956.364               0.000               0.000          9283862.159   1.00000 
  2557.650          82.572    703.538      22.200       7.024           151805.121               0.000               0.000          9435667.280   1.00000 
  2558.650          82.492    708.772      22.200       7.024           152660.731               0.000               0.000          9588328.011   1.00000 
  2559.650          82.410    714.032      22.200       7.024           153523.097               0.000               0.000          9741851.108   1.00000 
  2560.650          82.329    719.351      22.200       7.024           154392.504               0.000               0.000          9896243.612   1.00000 
  2561.650          82.247    724.877      22.200       7.024           155269.037               0.000               0.000         10051512.649   1.00000 
  2562.650          82.165    730.632      22.200       7.024           156152.779               0.000               0.000         10207665.429   1.00000 
  2563.650          82.083    736.642      22.200       7.024           157043.819               0.000               0.000         10364709.247   1.00000 
  2564.650          82.000    742.812      22.200       7.024           157942.128               0.000               0.000         10522651.376   1.00000 
  2565.650          81.916    749.066      22.200       7.024           158847.995               0.000               0.000         10681499.370   1.00000 
  2566.650          81.832    755.408      22.200       7.024           159761.200               0.000               0.000         10841260.571   1.00000 
  2567.650          81.748    761.815      22.200       7.024           160682.034               0.000               0.000         11001942.605   1.00000 
  2568.650          81.664    768.248      22.200       7.024           161610.724               0.000               0.000         11163553.329   1.00000 
  2569.650          81.579    774.708      22.200       7.024           162547.274               0.000               0.000         11326100.604   1.00000 
  2570.650          81.493    781.190      22.200       7.024           163491.641               0.000               0.000         11489592.244   1.00000 
  2571.650          81.407    787.684      22.200       7.024           164443.963               0.000               0.000         11654036.207   1.00000 
  2572.650          81.321    794.188      22.200       7.024           165404.418               0.000               0.000         11819440.625   1.00000 
  2573.650          81.234    800.702      22.200       7.024           166373.073               0.000               0.000         11985813.698   1.00000 
  2574.650          81.147    807.226      22.200       7.024           167350.083               0.000               0.000         12153163.781   1.00000 
  2575.650          81.059    813.758      22.200       7.024           168335.553               0.000               0.000         12321499.334   1.00000 
  2576.650          80.971    820.300      22.200       7.024           169329.520               0.000               0.000         12490828.854   1.00000 
  2577.650          80.882    826.848      22.200       7.024           170332.116               0.000               0.000         12661160.970   1.00000 
  2578.650          80.793    833.403      22.200       7.024           171343.398               0.000               0.000         12832504.368   1.00000 
  2579.650          80.704    839.960      22.200       7.024           172363.450               0.000               0.000         13004867.818   1.00000 
  2580.650          80.613    846.463      22.200       7.024           173392.451               0.000               0.000         13178260.269   1.00000 
  2581.650          80.523    850.000      22.018       6.964           174430.508               0.000               0.000         13352690.776   1.00000 
  2582.650          80.432    850.000      21.614       6.832           175476.896               0.000               0.000         13528167.672   1.00000 
  2583.650          80.340    850.000      21.207       6.699           176530.495               0.000               0.000         13704698.167   1.00000 
  2584.650          80.248    850.000      20.797       6.565           177591.112               0.000               0.000         13882289.280   1.00000 
  2585.650          80.156    850.000      20.385       6.431           178658.684               0.000               0.000         14060947.964   1.00000 
  2586.650          80.062    850.000      19.970       6.296           179733.100               0.000               0.000         14240681.065   1.00000 
  2587.650          79.969    850.000      19.552       6.161           180814.274               0.000               0.000         14421495.339   1.00000 
  2588.650          79.875    850.000      19.132       6.024           181902.370               0.000               0.000         14603397.709   1.00000 
  2589.650          79.780    850.000      18.708       5.887           182996.939               0.000               0.000         14786394.648   1.00000 
  2590.650          79.685    850.000      18.282       5.749           184097.984               0.000               0.000         14970492.632   1.00000 
  2591.650          79.589    850.000      17.854       5.611           185205.359               0.000               0.000         15155697.991   1.00000 
  2592.650          79.493    850.000      17.422       5.472           186318.891               0.000               0.000         15342016.882   1.00000 
  2593.650          79.396    850.000      16.988       5.332           187438.357               0.000               0.000         15529455.240   1.00000 
  2594.650          79.298    850.000      16.551       5.191           188563.844               0.000               0.000         15718019.084   1.00000 
  2595.650          79.200    850.000      16.111       5.050           189694.901               0.000               0.000         15907713.985   1.00000 
  2596.650          79.102    850.000      15.668       4.907           190831.371               0.000               0.000         16098545.356   1.00000 
  2597.650          79.002    850.000      15.222       4.765           191973.024               0.000               0.000         16290518.380   1.00000 
  2598.650          78.902    850.000      14.774       4.621           193119.597               0.000               0.000         16483637.977   1.00000 
  2599.650          78.802    850.000      14.322       4.477           194270.803               0.000               0.000         16677908.780   1.00000 
  2600.650          78.701    850.000      13.868       4.332           195426.330               0.000               0.000         16873335.110   1.00000 
  2601.650          78.599    850.000      13.411       4.186           196585.840               0.000               0.000         17069920.950   1.00000 
  2602.650          78.497    850.000      12.951       4.040           197748.963               0.000               0.000         17267669.913   1.00000 
  2603.650          78.394    850.000      12.488       3.893           198915.298               0.000               0.000         17466585.210   1.00000 
  2604.650          78.290    850.000      12.022       3.745           200084.409               0.000               0.000         17666669.620   1.00000 
  2605.650          78.186    850.000      11.553       3.596           201255.814               0.000               0.000         17867925.434   1.00000 
  2606.650          78.081    850.000      11.081       3.447           202428.964               0.000               0.000         18070354.397   1.00000 
  2607.650          77.975    850.000      10.606       3.297           203603.341               0.000               0.000         18273957.739   1.00000 
  2608.650          77.869    850.000      10.129       3.146           204778.344               0.000               0.000         18478736.083   1.00000 
  2609.650          77.762    850.000       9.648       2.995           205953.319               0.000               0.000         18684689.401   1.00000 
  2610.650          77.654    850.000       9.165       2.843           207127.559               0.000               0.000         18891816.960   1.00000 
  2611.650          77.546    850.000       8.678       2.690           208300.303               0.000               0.000         19100117.263   1.00000 
  2612.650          77.437    850.000       8.189       2.536           209470.712               0.000               0.000         19309587.975   1.00000 
  2613.650          77.327    850.000       7.696       2.382           210637.883               0.000               0.000         19520225.858   1.00000 
  2614.650          77.216    850.000       7.201       2.227           211800.855               0.000               0.000         19732026.713   1.00000 
  2615.650          77.105    850.000       6.703       2.072           212958.567               0.000               0.000         19944985.280   1.00000 
  2616.650          76.993    850.000       6.202       1.915           214109.967               0.000               0.000         20159095.247   1.00000 
  2617.650          76.880    850.000       5.698       1.758           215253.456               0.000               0.000         20374348.703   1.00000 
  2618.650          76.766    850.000       5.191       1.601           216387.953               0.000               0.000         20590736.656   1.00000 
  2619.650          76.651    850.000       4.682       1.443           217511.989               0.000               0.000         20808248.645   1.00000 
  2620.650          76.536    850.000       4.170       1.284           218623.980               0.000               0.000         21026872.626   1.00000 
  2621.650          76.419    850.000       3.654       1.124           219722.206               0.000               0.000         21246594.832   1.00000 
  2622.650          76.302    850.000       3.137       0.964           220804.819               0.000               0.000         21467399.651   1.00000 
  2623.650          76.184    850.000       2.616       0.804           221869.720               0.000               0.000         21689269.372   1.00000 
  2624.650          76.066    850.000       2.093       0.643           222914.538               0.000               0.000         21912183.910   1.00000 
  2625.650          75.946    850.000       1.568       0.481           223937.071               0.000               0.000         22136120.981   1.00000 
  2626.650          75.825    850.000       1.040       0.319           224934.702               0.000               0.000         22361055.684   1.00000 
  2627.650          75.704    850.000       0.509       0.156           225904.581               0.000               0.000         22586960.264   1.00000 
  2628.650          75.581    850.000       0.000       0.000           226843.549               0.000               0.000         22813803.813   1.00000 
