#_______________________________________________________________________________
#    ######   ####     ##             #####   #####     ##    #    #    ##
#    #       #        #  #            #    #  #    #   #  #   ##  ##   #  #
#    #####    ####   ######           #    #  #####   ######  # ## #  ######
#    #            #  #    #           #    #  #    #  #    #  #    #  #    #
#____######__#####___#____#___________#####___#____#__#____#__#____#__#____#____
#
#              ESA Debris Risk Assessment and Mitigation Analysis
#
#                      ---- DRAMA ( SESAM 2.1.5 ) ----
#                                      ESA 2018 
#
#                              trajectory history file
#-------------------------------------------------------------------------------
# Filename      : sara.BEG1.9be9abc7-df7e-49fe-9875-83ac0efa312c_Trajectory.txt
# RunID         : sara
# ObjectID      : 9be9abc7-df7e-49fe-9875-83ac0efa312c
# ObjectName    : BEG1
# Content       : This file contains the trajectory state data of the object,
#                 computed by the DRAMA 3 Re-entry Analysis.
# Documentation : DRAMA Software User Manual, section OPERATIONS MANUAL / Normal operation / SARA / SARA Simulation Output / Re-entry simulation output
#
#--------------------------------------------------------------------------------------------------------------------------------------------------------------------------------------------
#  Time [s]  Altitude [km]  Lat [deg]  Lon [deg]  Velocity [km/s]   Downrange [km]       Drag       Lift       Side    Knudsen       Mach  Flight Path [deg]  Heading [deg]  Density [kg/m^2]
#--------------------------------------------------------------------------------------------------------------------------------------------------------------------------------------------
  2482.100          87.844    -10.244    -87.377            7.331        17951.960      2.996      0.000      0.000    0.05092   26.77783           -0.48406       88.71582         5.012e-06 
  2482.200          87.838    -10.244    -87.370            7.331        17952.683      2.995      0.000      0.000    0.05087   26.77744           -0.48418       88.71450         5.017e-06 
  2482.650          87.810    -10.243    -87.341            7.330        17955.936      2.992      0.000      0.000    0.05065   26.77565           -0.48473       88.70855         5.039e-06 
  2483.650          87.748    -10.242    -87.275            7.329        17963.165      2.984      0.000      0.000    0.05013   26.77150           -0.48596       88.69533         5.091e-06 
  2484.650          87.686    -10.240    -87.209            7.328        17970.393      2.976      0.000      0.000    0.04958   26.76701           -0.48722       88.68212         5.148e-06 
  2485.650          87.624    -10.239    -87.143            7.326        17977.620      2.968      0.000      0.000    0.04903   26.76246           -0.48850       88.66891         5.205e-06 
  2486.650          87.561    -10.237    -87.077            7.325        17984.846      2.960      0.000      0.000    0.04849   26.75786           -0.48980       88.65570         5.264e-06 
  2487.650          87.498    -10.236    -87.011            7.324        17992.070      2.952      0.000      0.000    0.04795   26.75322           -0.49113       88.64250         5.323e-06 
  2488.650          87.436    -10.234    -86.945            7.323        17999.293      2.944      0.000      0.000    0.04742   26.74852           -0.49248       88.62931         5.382e-06 
  2489.650          87.373    -10.232    -86.879            7.321        18006.515      2.936      0.000      0.000    0.04690   26.74377           -0.49387       88.61611         5.443e-06 
  2490.650          87.309    -10.231    -86.813            7.320        18013.736      2.928      0.000      0.000    0.04637   26.73898           -0.49527       88.60292         5.505e-06 
  2491.650          87.246    -10.229    -86.747            7.319        18020.955      2.920      0.000      0.000    0.04585   26.73413           -0.49671       88.58974         5.567e-06 
  2492.650          87.182    -10.228    -86.681            7.317        18028.174      2.912      0.000      0.000    0.04534   26.72923           -0.49816       88.57656         5.630e-06 
  2493.650          87.119    -10.226    -86.615            7.316        18035.391      2.905      0.000      0.000    0.04483   26.72428           -0.49965       88.56338         5.694e-06 
  2494.650          87.055    -10.224    -86.550            7.315        18042.606      2.897      0.000      0.000    0.04432   26.71928           -0.50116       88.55021         5.759e-06 
  2495.650          86.991    -10.223    -86.484            7.313        18049.821      2.890      0.000      0.000    0.04382   26.71422           -0.50270       88.53704         5.825e-06 
  2496.650          86.926    -10.221    -86.418            7.312        18057.034      2.882      0.000      0.000    0.04333   26.70911           -0.50427       88.52388         5.892e-06 
  2497.650          86.862    -10.219    -86.352            7.310        18064.246      2.875      0.000      0.000    0.04283   26.70396           -0.50586       88.51072         5.960e-06 
  2498.650          86.797    -10.218    -86.286            7.309        18071.456      2.868      0.000      0.000    0.04234   26.69874           -0.50748       88.49756         6.029e-06 
  2499.650          86.733    -10.216    -86.221            7.308        18078.666      2.861      0.000      0.000    0.04186   26.69348           -0.50913       88.48441         6.099e-06 
  2500.650          86.668    -10.214    -86.155            7.306        18085.873      2.853      0.000      0.000    0.04138   26.68816           -0.51081       88.47127         6.170e-06 
  2501.650          86.602    -10.212    -86.089            7.305        18093.080      2.846      0.000      0.000    0.04090   26.68279           -0.51251       88.45813         6.242e-06 
  2502.650          86.537    -10.211    -86.023            7.303        18100.285      2.839      0.000      0.000    0.04043   26.67736           -0.51425       88.44499         6.315e-06 
  2503.650          86.471    -10.209    -85.958            7.302        18107.489      2.832      0.000      0.000    0.03996   26.67188           -0.51601       88.43186         6.389e-06 
  2504.650          86.405    -10.207    -85.892            7.300        18114.691      2.826      0.000      0.000    0.03950   26.66634           -0.51781       88.41873         6.464e-06 
  2505.650          86.339    -10.205    -85.826            7.299        18121.892      2.819      0.000      0.000    0.03903   26.66075           -0.51963       88.40561         6.540e-06 
  2506.650          86.273    -10.203    -85.760            7.297        18129.092      2.812      0.000      0.000    0.03858   26.65510           -0.52148       88.39249         6.618e-06 
  2507.650          86.206    -10.202    -85.695            7.296        18136.290      2.805      0.000      0.000    0.03812   26.64940           -0.52336       88.37938         6.697e-06 
  2508.650          86.140    -10.200    -85.629            7.294        18143.486      2.799      0.000      0.000    0.03767   26.64364           -0.52527       88.36627         6.777e-06 
  2509.650          86.073    -10.198    -85.564            7.293        18150.682      2.792      0.000      0.000    0.03723   26.63783           -0.52722       88.35317         6.859e-06 
  2510.650          86.005    -10.196    -85.498            7.291        18157.875      2.786      0.000      0.000    0.03678   26.63196           -0.52919       88.34007         6.941e-06 
  2511.650          85.938    -10.194    -85.432            7.289        18165.068      2.780      0.000      0.000    0.03637   26.61845           -0.53119       88.32698         7.021e-06 
  2512.650          85.870    -10.192    -85.367            7.288        18172.258      2.774      0.000      0.000    0.03596   26.60291           -0.53323       88.31389         7.100e-06 
  2513.650          85.802    -10.190    -85.301            7.286        18179.448      2.768      0.000      0.000    0.03555   26.58731           -0.53530       88.30081         7.182e-06 
  2514.650          85.734    -10.188    -85.235            7.285        18186.635      2.762      0.000      0.000    0.03515   26.57164           -0.53740       88.28773         7.264e-06 
  2515.650          85.666    -10.186    -85.170            7.283        18193.821      2.757      0.000      0.000    0.03475   26.55589           -0.53953       88.27466         7.347e-06 
  2516.650          85.597    -10.184    -85.104            7.281        18201.006      2.751      0.000      0.000    0.03436   26.54005           -0.54170       88.26159         7.432e-06 
  2517.650          85.528    -10.183    -85.039            7.280        18208.189      2.746      0.000      0.000    0.03396   26.52416           -0.54390       88.24853         7.518e-06 
  2518.650          85.459    -10.181    -84.973            7.278        18215.370      2.740      0.000      0.000    0.03357   26.50815           -0.54613       88.23547         7.605e-06 
  2519.650          85.389    -10.179    -84.908            7.276        18222.550      2.735      0.000      0.000    0.03319   26.49202           -0.54839       88.22242         7.694e-06 
  2520.650          85.320    -10.176    -84.842            7.274        18229.728      2.729      0.000      0.000    0.03281   26.47587           -0.55069       88.20937         7.783e-06 
  2521.650          85.249    -10.174    -84.777            7.273        18236.905      2.724      0.000      0.000    0.03243   26.45963           -0.55302       88.19633         7.875e-06 
  2522.650          85.179    -10.172    -84.711            7.271        18244.080      2.719      0.000      0.000    0.03205   26.44328           -0.55539       88.18330         7.967e-06 
  2523.650          85.108    -10.170    -84.646            7.269        18251.253      2.714      0.000      0.000    0.03168   26.42684           -0.55779       88.17027         8.061e-06 
  2524.650          85.038    -10.168    -84.581            7.267        18258.425      2.709      0.000      0.000    0.03131   26.41032           -0.56023       88.15724         8.156e-06 
  2525.650          84.966    -10.166    -84.515            7.266        18265.594      2.704      0.000      0.000    0.03094   26.39370           -0.56271       88.14422         8.253e-06 
  2526.650          84.895    -10.164    -84.450            7.264        18272.762      2.699      0.000      0.000    0.03058   26.37699           -0.56521       88.13121         8.352e-06 
  2527.650          84.823    -10.162    -84.384            7.262        18279.929      2.694      0.000      0.000    0.03021   26.36018           -0.56776       88.11820         8.451e-06 
  2528.650          84.751    -10.160    -84.319            7.260        18287.093      2.689      0.000      0.000    0.02986   26.34328           -0.57034       88.10520         8.553e-06 
  2529.650          84.679    -10.158    -84.254            7.258        18294.256      2.684      0.000      0.000    0.02950   26.32628           -0.57296       88.09221         8.656e-06 
  2530.650          84.606    -10.155    -84.188            7.256        18301.417      2.680      0.000      0.000    0.02915   26.30922           -0.57562       88.07921         8.760e-06 
  2531.650          84.533    -10.153    -84.123            7.254        18308.577      2.675      0.000      0.000    0.02880   26.29200           -0.57831       88.06623         8.867e-06 
  2532.650          84.459    -10.151    -84.058            7.252        18315.734      2.671      0.000      0.000    0.02845   26.27468           -0.58105       88.05325         8.975e-06 
  2533.650          84.386    -10.149    -83.993            7.250        18322.890      2.666      0.000      0.000    0.02811   26.25727           -0.58382       88.04028         9.084e-06 
  2534.650          84.312    -10.147    -83.927            7.248        18330.043      2.662      0.000      0.000    0.02777   26.23976           -0.58663       88.02731         9.196e-06 
  2535.650          84.237    -10.144    -83.862            7.246        18337.195      2.658      0.000      0.000    0.02743   26.22215           -0.58948       88.01435         9.309e-06 
  2536.650          84.162    -10.142    -83.797            7.244        18344.345      2.654      0.000      0.000    0.02710   26.20444           -0.59237       88.00140         9.424e-06 
  2537.650          84.087    -10.140    -83.732            7.242        18351.493      2.650      0.000      0.000    0.02677   26.18665           -0.59529       87.98845         9.541e-06 
  2538.650          84.012    -10.138    -83.667            7.240        18358.639      2.646      0.000      0.000    0.02644   26.16866           -0.59826       87.97551         9.660e-06 
  2539.650          83.936    -10.135    -83.601            7.238        18365.783      2.642      0.000      0.000    0.02611   26.15059           -0.60128       87.96257         9.781e-06 
  2540.650          83.860    -10.133    -83.536            7.236        18372.925      2.638      0.000      0.000    0.02579   26.13242           -0.60433       87.94964         9.903e-06 
  2541.650          83.784    -10.131    -83.471            7.234        18380.065      2.634      0.000      0.000    0.02547   26.11414           -0.60742       87.93672         1.003e-05 
  2542.650          83.707    -10.128    -83.406            7.232        18387.203      2.630      0.000      0.000    0.02515   26.09574           -0.61056       87.92380         1.016e-05 
  2543.650          83.629    -10.126    -83.341            7.230        18394.339      2.627      0.000      0.000    0.02483   26.07721           -0.61374       87.91089         1.028e-05 
  2544.650          83.552    -10.124    -83.276            7.227        18401.473      2.623      0.000      0.000    0.02452   26.05856           -0.61696       87.89799         1.042e-05 
  2545.650          83.474    -10.121    -83.211            7.225        18408.604      2.620      0.000      0.000    0.02421   26.03979           -0.62023       87.88509         1.055e-05 
  2546.650          83.395    -10.119    -83.146            7.223        18415.734      2.616      0.000      0.000    0.02390   26.02092           -0.62354       87.87220         1.069e-05 
  2547.650          83.317    -10.117    -83.081            7.221        18422.862      2.613      0.000      0.000    0.02360   26.00191           -0.62690       87.85932         1.082e-05 
  2548.650          83.237    -10.114    -83.016            7.218        18429.987      2.610      0.000      0.000    0.02329   25.98270           -0.63030       87.84644         1.096e-05 
  2549.650          83.158    -10.112    -82.951            7.216        18437.110      2.606      0.000      0.000    0.02299   25.96322           -0.63375       87.83357         1.111e-05 
  2550.650          83.078    -10.109    -82.886            7.213        18444.231      2.603      0.000      0.000    0.02270   25.94344           -0.63725       87.82071         1.125e-05 
  2551.650          82.997    -10.107    -82.821            7.211        18451.349      2.600      0.000      0.000    0.02240   25.92338           -0.64079       87.80785         1.140e-05 
  2552.650          82.916    -10.104    -82.756            7.208        18458.465      2.597      0.000      0.000    0.02211   25.90299           -0.64439       87.79501         1.155e-05 
  2553.650          82.835    -10.102    -82.691            7.206        18465.578      2.595      0.000      0.000    0.02182   25.88230           -0.64804       87.78216         1.170e-05 
  2554.650          82.753    -10.099    -82.627            7.203        18472.689      2.592      0.000      0.000    0.02153   25.86124           -0.65174       87.76933         1.186e-05 
  2555.650          82.671    -10.097    -82.562            7.200        18479.797      2.589      0.000      0.000    0.02125   25.83979           -0.65551       87.75650         1.202e-05 
  2556.650          82.589    -10.094    -82.497            7.197        18486.902      2.586      0.000      0.000    0.02097   25.81798           -0.65932       87.74369         1.218e-05 
  2557.650          82.506    -10.092    -82.432            7.194        18494.004      2.584      0.000      0.000    0.02069   25.79579           -0.66320       87.73088         1.235e-05 
  2558.650          82.422    -10.089    -82.368            7.191        18501.104      2.581      0.000      0.000    0.02041   25.77318           -0.66714       87.71807         1.251e-05 
  2559.650          82.338    -10.087    -82.303            7.187        18508.200      2.579      0.000      0.000    0.02014   25.75013           -0.67115       87.70528         1.268e-05 
  2560.650          82.254    -10.084    -82.238            7.184        18515.293      2.577      0.000      0.000    0.01986   25.72663           -0.67522       87.69250         1.286e-05 
  2561.650          82.169    -10.082    -82.174            7.180        18522.382      2.574      0.000      0.000    0.01959   25.70265           -0.67936       87.67972         1.304e-05 
  2562.650          82.084    -10.079    -82.109            7.177        18529.468      2.572      0.000      0.000    0.01933   25.67816           -0.68357       87.66695         1.322e-05 
  2563.650          81.998    -10.076    -82.044            7.173        18536.551      2.570      0.000      0.000    0.01906   25.65313           -0.68785       87.65419         1.340e-05 
  2564.650          81.911    -10.074    -81.980            7.169        18543.630      2.568      0.000      0.000    0.01880   25.62757           -0.69221       87.64145         1.359e-05 
  2565.650          81.824    -10.071    -81.915            7.165        18550.705      2.566      0.000      0.000    0.01854   25.60137           -0.69665       87.62871         1.378e-05 
  2566.650          81.737    -10.068    -81.851            7.161        18557.775      2.564      0.000      0.000    0.01828   25.57454           -0.70118       87.61598         1.397e-05 
  2567.650          81.649    -10.066    -81.786            7.156        18564.842      2.562      0.000      0.000    0.01802   25.54705           -0.70579       87.60326         1.417e-05 
  2568.650          81.561    -10.063    -81.722            7.151        18571.904      2.561      0.000      0.000    0.01777   25.51884           -0.71049       87.59055         1.437e-05 
  2569.650          81.472    -10.060    -81.658            7.147        18578.962      2.559      0.000      0.000    0.01752   25.48986           -0.71529       87.57786         1.458e-05 
  2570.650          81.382    -10.058    -81.593            7.141        18586.015      2.557      0.000      0.000    0.01727   25.46007           -0.72018       87.56517         1.479e-05 
  2571.650          81.292    -10.055    -81.529            7.136        18593.062      2.556      0.000      0.000    0.01702   25.42941           -0.72518       87.55250         1.500e-05 
  2572.650          81.202    -10.052    -81.465            7.131        18600.105      2.554      0.000      0.000    0.01678   25.39781           -0.73028       87.53983         1.522e-05 
  2573.650          81.111    -10.050    -81.401            7.125        18607.142      2.553      0.000      0.000    0.01654   25.36520           -0.73550       87.52718         1.545e-05 
  2574.650          81.019    -10.047    -81.337            7.119        18614.173      2.552      0.000      0.000    0.01630   25.33151           -0.74084       87.51455         1.567e-05 
  2575.650          80.926    -10.044    -81.273            7.112        18621.198      2.551      0.000      0.000    0.01606   25.29664           -0.74630       87.50192         1.591e-05 
  2576.650          80.834    -10.041    -81.209            7.105        18628.216      2.549      0.000      0.000    0.01582   25.26049           -0.75190       87.48932         1.614e-05 
  2577.650          80.740    -10.038    -81.145            7.098        18635.228      2.548      0.000      0.000    0.01559   25.22295           -0.75763       87.47672         1.638e-05 
  2578.650          80.646    -10.036    -81.081            7.090        18642.232      2.547      0.000      0.000    0.01536   25.18389           -0.76352       87.46414         1.663e-05 
  2579.650          80.551    -10.033    -81.017            7.082        18649.228      2.546      0.000      0.000    0.01513   25.14317           -0.76956       87.45158         1.688e-05 
  2580.650          80.456    -10.030    -80.954            7.074        18656.217      2.545      0.000      0.000    0.01490   25.10061           -0.77576       87.43903         1.714e-05 
  2581.650          80.359    -10.027    -80.890            7.064        18663.197      2.544      0.000      0.000    0.01468   25.05601           -0.78215       87.42650         1.740e-05 
