#_______________________________________________________________________________
#    ######   ####     ##             #####   #####     ##    #    #    ##
#    #       #        #  #            #    #  #    #   #  #   ##  ##   #  #
#    #####    ####   ######           #    #  #####   ######  # ## #  ######
#    #            #  #    #           #    #  #    #  #    #  #    #  #    #
#____######__#####___#____#___________#####___#____#__#____#__#____#__#____#____
#
#              ESA Debris Risk Assessment and Mitigation Analysis
#
#                      ---- DRAMA ( SESAM 2.1.5 ) ----
#                                      ESA 2018 
#
#                              trajectory history file
#-------------------------------------------------------------------------------
# Filename      : sara.BSP.0b78a548-49bc-4f2b-8b9f-999d24c804ae_Trajectory.txt
# RunID         : sara
# ObjectID      : 0b78a548-49bc-4f2b-8b9f-999d24c804ae
# ObjectName    : BSP
# Content       : This file contains the trajectory state data of the object,
#                 computed by the DRAMA 3 Re-entry Analysis.
# Documentation : DRAMA Software User Manual, section OPERATIONS MANUAL / Normal operation / SARA / SARA Simulation Output / Re-entry simulation output
#
#--------------------------------------------------------------------------------------------------------------------------------------------------------------------------------------------
#  Time [s]  Altitude [km]  Lat [deg]  Lon [deg]  Velocity [km/s]   Downrange [km]       Drag       Lift       Side    Knudsen       Mach  Flight Path [deg]  Heading [deg]  Density [kg/m^2]
#--------------------------------------------------------------------------------------------------------------------------------------------------------------------------------------------
  2482.100          87.844    -10.244    -87.377            7.331        17951.960      1.234      0.000      0.000    0.02883   26.77783           -0.48406       88.71582         5.012e-06 
  2482.200          87.838    -10.244    -87.370            7.331        17952.683      1.233      0.000      0.000    0.02881   26.77754           -0.48418       88.71450         5.017e-06 
  2482.650          87.810    -10.243    -87.341            7.330        17955.936      1.233      0.000      0.000    0.02868   26.77618           -0.48473       88.70855         5.039e-06 
  2483.650          87.748    -10.242    -87.275            7.329        17963.166      1.231      0.000      0.000    0.02839   26.77303           -0.48595       88.69533         5.091e-06 
  2484.650          87.686    -10.240    -87.209            7.328        17970.394      1.229      0.000      0.000    0.02807   26.76962           -0.48720       88.68212         5.148e-06 
  2485.650          87.624    -10.239    -87.143            7.327        17977.622      1.227      0.000      0.000    0.02776   26.76615           -0.48846       88.66891         5.205e-06 
  2486.650          87.561    -10.237    -87.077            7.327        17984.849      1.226      0.000      0.000    0.02746   26.76264           -0.48974       88.65570         5.264e-06 
  2487.650          87.498    -10.236    -87.011            7.326        17992.075      1.224      0.000      0.000    0.02715   26.75908           -0.49104       88.64250         5.323e-06 
  2488.650          87.436    -10.234    -86.945            7.325        17999.299      1.222      0.000      0.000    0.02685   26.75548           -0.49236       88.62930         5.382e-06 
  2489.650          87.372    -10.232    -86.879            7.324        18006.524      1.220      0.000      0.000    0.02655   26.75183           -0.49370       88.61610         5.443e-06 
  2490.650          87.309    -10.231    -86.813            7.323        18013.747      1.219      0.000      0.000    0.02626   26.74813           -0.49506       88.60291         5.505e-06 
  2491.650          87.246    -10.229    -86.747            7.321        18020.969      1.217      0.000      0.000    0.02596   26.74438           -0.49644       88.58972         5.567e-06 
  2492.650          87.182    -10.228    -86.681            7.320        18028.190      1.216      0.000      0.000    0.02567   26.74059           -0.49784       88.57653         5.630e-06 
  2493.650          87.119    -10.226    -86.615            7.319        18035.410      1.214      0.000      0.000    0.02538   26.73675           -0.49926       88.56335         5.694e-06 
  2494.650          87.055    -10.224    -86.549            7.318        18042.630      1.212      0.000      0.000    0.02510   26.73286           -0.50071       88.55017         5.759e-06 
  2495.650          86.991    -10.223    -86.484            7.317        18049.848      1.211      0.000      0.000    0.02482   26.72893           -0.50217       88.53700         5.825e-06 
  2496.650          86.927    -10.221    -86.418            7.316        18057.065      1.209      0.000      0.000    0.02453   26.72494           -0.50366       88.52383         5.892e-06 
  2497.650          86.862    -10.219    -86.352            7.315        18064.281      1.208      0.000      0.000    0.02425   26.72090           -0.50516       88.51066         5.960e-06 
  2498.650          86.798    -10.218    -86.286            7.314        18071.497      1.207      0.000      0.000    0.02398   26.71682           -0.50669       88.49750         6.029e-06 
  2499.650          86.733    -10.216    -86.220            7.313        18078.711      1.205      0.000      0.000    0.02370   26.71268           -0.50824       88.48434         6.098e-06 
  2500.650          86.668    -10.214    -86.154            7.312        18085.924      1.204      0.000      0.000    0.02343   26.70849           -0.50982       88.47119         6.169e-06 
  2501.650          86.603    -10.212    -86.089            7.311        18093.136      1.203      0.000      0.000    0.02316   26.70426           -0.51141       88.45804         6.241e-06 
  2502.650          86.537    -10.211    -86.023            7.309        18100.348      1.201      0.000      0.000    0.02290   26.69997           -0.51303       88.44489         6.314e-06 
  2503.650          86.472    -10.209    -85.957            7.308        18107.558      1.200      0.000      0.000    0.02263   26.69563           -0.51467       88.43175         6.388e-06 
  2504.650          86.406    -10.207    -85.891            7.307        18114.767      1.199      0.000      0.000    0.02237   26.69124           -0.51633       88.41861         6.463e-06 
  2505.650          86.340    -10.205    -85.825            7.306        18121.975      1.198      0.000      0.000    0.02211   26.68680           -0.51802       88.40548         6.539e-06 
  2506.650          86.274    -10.203    -85.760            7.305        18129.181      1.196      0.000      0.000    0.02185   26.68231           -0.51973       88.39235         6.617e-06 
  2507.650          86.208    -10.202    -85.694            7.304        18136.387      1.195      0.000      0.000    0.02159   26.67776           -0.52147       88.37922         6.696e-06 
  2508.650          86.141    -10.200    -85.628            7.302        18143.592      1.194      0.000      0.000    0.02134   26.67317           -0.52323       88.36610         6.776e-06 
  2509.650          86.074    -10.198    -85.562            7.301        18150.795      1.193      0.000      0.000    0.02108   26.66852           -0.52501       88.35299         6.857e-06 
  2510.650          86.007    -10.196    -85.497            7.300        18157.997      1.192      0.000      0.000    0.02083   26.66381           -0.52682       88.33988         6.939e-06 
  2511.650          85.940    -10.194    -85.431            7.299        18165.198      1.191      0.000      0.000    0.02060   26.65175           -0.52865       88.32677         7.019e-06 
  2512.650          85.873    -10.192    -85.365            7.297        18172.398      1.190      0.000      0.000    0.02037   26.63740           -0.53051       88.31367         7.098e-06 
  2513.650          85.805    -10.190    -85.300            7.296        18179.597      1.189      0.000      0.000    0.02014   26.62301           -0.53240       88.30057         7.179e-06 
  2514.650          85.737    -10.188    -85.234            7.295        18186.794      1.188      0.000      0.000    0.01991   26.60854           -0.53431       88.28747         7.260e-06 
  2515.650          85.669    -10.186    -85.168            7.293        18193.990      1.187      0.000      0.000    0.01969   26.59400           -0.53624       88.27439         7.344e-06 
  2516.650          85.600    -10.184    -85.103            7.292        18201.185      1.186      0.000      0.000    0.01947   26.57938           -0.53820       88.26130         7.428e-06 
  2517.650          85.532    -10.182    -85.037            7.291        18208.379      1.186      0.000      0.000    0.01924   26.56471           -0.54019       88.24822         7.513e-06 
  2518.650          85.463    -10.180    -84.972            7.289        18215.572      1.185      0.000      0.000    0.01902   26.54994           -0.54221       88.23515         7.600e-06 
  2519.650          85.394    -10.178    -84.906            7.288        18222.763      1.184      0.000      0.000    0.01881   26.53504           -0.54425       88.22208         7.688e-06 
  2520.650          85.325    -10.176    -84.840            7.286        18229.953      1.183      0.000      0.000    0.01859   26.52013           -0.54633       88.20901         7.777e-06 
  2521.650          85.255    -10.174    -84.775            7.285        18237.141      1.183      0.000      0.000    0.01838   26.50513           -0.54842       88.19595         7.867e-06 
  2522.650          85.185    -10.172    -84.709            7.284        18244.328      1.182      0.000      0.000    0.01817   26.49004           -0.55055       88.18290         7.959e-06 
  2523.650          85.115    -10.170    -84.644            7.282        18251.514      1.181      0.000      0.000    0.01796   26.47487           -0.55271       88.16985         8.052e-06 
  2524.650          85.045    -10.168    -84.578            7.281        18258.699      1.181      0.000      0.000    0.01775   26.45961           -0.55489       88.15680         8.147e-06 
  2525.650          84.974    -10.166    -84.513            7.279        18265.882      1.180      0.000      0.000    0.01754   26.44426           -0.55711       88.14376         8.243e-06 
  2526.650          84.903    -10.164    -84.447            7.278        18273.064      1.179      0.000      0.000    0.01734   26.42883           -0.55935       88.13073         8.340e-06 
  2527.650          84.832    -10.162    -84.382            7.276        18280.244      1.179      0.000      0.000    0.01713   26.41331           -0.56162       88.11770         8.439e-06 
  2528.650          84.760    -10.160    -84.316            7.275        18287.423      1.178      0.000      0.000    0.01693   26.39770           -0.56392       88.10467         8.540e-06 
  2529.650          84.689    -10.158    -84.251            7.273        18294.601      1.178      0.000      0.000    0.01673   26.38201           -0.56626       88.09165         8.641e-06 
  2530.650          84.617    -10.155    -84.185            7.272        18301.777      1.177      0.000      0.000    0.01654   26.36625           -0.56862       88.07864         8.745e-06 
  2531.650          84.544    -10.153    -84.120            7.270        18308.951      1.177      0.000      0.000    0.01634   26.35036           -0.57102       88.06563         8.850e-06 
  2532.650          84.472    -10.151    -84.054            7.268        18316.124      1.176      0.000      0.000    0.01614   26.33436           -0.57344       88.05263         8.956e-06 
  2533.650          84.399    -10.149    -83.989            7.267        18323.296      1.176      0.000      0.000    0.01595   26.31829           -0.57590       88.03963         9.065e-06 
  2534.650          84.326    -10.147    -83.924            7.265        18330.466      1.175      0.000      0.000    0.01576   26.30212           -0.57839       88.02663         9.175e-06 
  2535.650          84.252    -10.144    -83.858            7.263        18337.634      1.175      0.000      0.000    0.01557   26.28585           -0.58092       88.01365         9.286e-06 
  2536.650          84.178    -10.142    -83.793            7.262        18344.801      1.174      0.000      0.000    0.01538   26.26950           -0.58347       88.00067         9.400e-06 
  2537.650          84.104    -10.140    -83.727            7.260        18351.967      1.174      0.000      0.000    0.01520   26.25308           -0.58606       87.98769         9.515e-06 
  2538.650          84.030    -10.138    -83.662            7.258        18359.130      1.174      0.000      0.000    0.01501   26.23648           -0.58869       87.97472         9.632e-06 
  2539.650          83.955    -10.135    -83.597            7.257        18366.292      1.173      0.000      0.000    0.01483   26.21979           -0.59134       87.96176         9.751e-06 
  2540.650          83.880    -10.133    -83.531            7.255        18373.453      1.173      0.000      0.000    0.01465   26.20301           -0.59404       87.94880         9.871e-06 
  2541.650          83.805    -10.131    -83.466            7.253        18380.612      1.173      0.000      0.000    0.01447   26.18614           -0.59676       87.93584         9.994e-06 
  2542.650          83.729    -10.128    -83.401            7.251        18387.769      1.173      0.000      0.000    0.01429   26.16915           -0.59953       87.92290         1.012e-05 
  2543.650          83.653    -10.126    -83.336            7.249        18394.924      1.172      0.000      0.000    0.01411   26.15205           -0.60233       87.90996         1.025e-05 
  2544.650          83.577    -10.124    -83.270            7.248        18402.078      1.172      0.000      0.000    0.01394   26.13485           -0.60516       87.89702         1.037e-05 
  2545.650          83.500    -10.121    -83.205            7.246        18409.230      1.172      0.000      0.000    0.01377   26.11751           -0.60803       87.88409         1.050e-05 
  2546.650          83.423    -10.119    -83.140            7.244        18416.380      1.172      0.000      0.000    0.01359   26.10010           -0.61094       87.87117         1.064e-05 
  2547.650          83.345    -10.116    -83.075            7.242        18423.528      1.171      0.000      0.000    0.01342   26.08256           -0.61389       87.85825         1.077e-05 
  2548.650          83.268    -10.114    -83.010            7.240        18430.675      1.171      0.000      0.000    0.01325   26.06490           -0.61687       87.84534         1.091e-05 
  2549.650          83.189    -10.112    -82.945            7.238        18437.820      1.171      0.000      0.000    0.01309   26.04712           -0.61990       87.83244         1.105e-05 
  2550.650          83.111    -10.109    -82.879            7.236        18444.962      1.171      0.000      0.000    0.01292   26.02921           -0.62296       87.81954         1.119e-05 
  2551.650          83.032    -10.107    -82.814            7.234        18452.103      1.171      0.000      0.000    0.01276   26.01120           -0.62606       87.80665         1.134e-05 
  2552.650          82.953    -10.104    -82.749            7.232        18459.242      1.171      0.000      0.000    0.01259   25.99307           -0.62920       87.79376         1.148e-05 
  2553.650          82.873    -10.102    -82.684            7.230        18466.379      1.171      0.000      0.000    0.01243   25.97481           -0.63239       87.78088         1.163e-05 
  2554.650          82.793    -10.099    -82.619            7.228        18473.515      1.170      0.000      0.000    0.01227   25.95645           -0.63561       87.76801         1.178e-05 
  2555.650          82.713    -10.097    -82.554            7.226        18480.648      1.170      0.000      0.000    0.01211   25.93790           -0.63888       87.75514         1.194e-05 
  2556.650          82.632    -10.094    -82.489            7.224        18487.779      1.170      0.000      0.000    0.01196   25.91925           -0.64218       87.74228         1.210e-05 
  2557.650          82.551    -10.092    -82.424            7.221        18494.908      1.170      0.000      0.000    0.01180   25.90047           -0.64554       87.72943         1.226e-05 
  2558.650          82.469    -10.089    -82.359            7.219        18502.035      1.170      0.000      0.000    0.01165   25.88155           -0.64893       87.71659         1.242e-05 
  2559.650          82.387    -10.086    -82.294            7.217        18509.160      1.170      0.000      0.000    0.01149   25.86251           -0.65237       87.70375         1.258e-05 
  2560.650          82.305    -10.084    -82.229            7.215        18516.283      1.170      0.000      0.000    0.01134   25.84333           -0.65585       87.69091         1.275e-05 
  2561.650          82.222    -10.081    -82.164            7.212        18523.403      1.170      0.000      0.000    0.01119   25.82401           -0.65938       87.67809         1.292e-05 
  2562.650          82.139    -10.079    -82.099            7.210        18530.522      1.170      0.000      0.000    0.01104   25.80454           -0.66295       87.66527         1.310e-05 
  2563.650          82.055    -10.076    -82.034            7.208        18537.638      1.170      0.000      0.000    0.01089   25.78494           -0.66657       87.65246         1.328e-05 
  2564.650          81.971    -10.073    -81.970            7.205        18544.752      1.170      0.000      0.000    0.01075   25.76520           -0.67023       87.63966         1.346e-05 
  2565.650          81.887    -10.071    -81.905            7.203        18551.864      1.170      0.000      0.000    0.01060   25.74533           -0.67395       87.62686         1.364e-05 
  2566.650          81.802    -10.068    -81.840            7.201        18558.973      1.170      0.000      0.000    0.01046   25.72526           -0.67771       87.61407         1.383e-05 
  2567.650          81.716    -10.065    -81.775            7.198        18566.080      1.170      0.000      0.000    0.01032   25.70507           -0.68152       87.60129         1.402e-05 
  2568.650          81.631    -10.063    -81.710            7.196        18573.185      1.170      0.000      0.000    0.01018   25.68473           -0.68538       87.58851         1.421e-05 
  2569.650          81.544    -10.060    -81.646            7.193        18580.287      1.170      0.000      0.000    0.01004   25.66418           -0.68929       87.57574         1.441e-05 
  2570.650          81.458    -10.057    -81.581            7.190        18587.387      1.170      0.000      0.000    0.00990   25.64336           -0.69325       87.56298         1.461e-05 
  2571.650          81.370    -10.054    -81.516            7.188        18594.484      1.170      0.000      0.000    0.00976   25.62227           -0.69726       87.55023         1.482e-05 
  2572.650          81.283    -10.052    -81.452            7.185        18601.579      1.170      0.000      0.000    0.00962   25.60089           -0.70133       87.53749         1.503e-05 
  2573.650          81.194    -10.049    -81.387            7.182        18608.671      1.170      0.000      0.000    0.00949   25.57920           -0.70546       87.52475         1.524e-05 
  2574.650          81.106    -10.046    -81.322            7.179        18615.760      1.170      0.000      0.000    0.00936   25.55721           -0.70964       87.51202         1.546e-05 
  2575.650          81.017    -10.043    -81.258            7.176        18622.847      1.170      0.000      0.000    0.00922   25.53491           -0.71388       87.49930         1.568e-05 
  2576.650          80.927    -10.041    -81.193            7.173        18629.930      1.170      0.000      0.000    0.00909   25.51227           -0.71818       87.48659         1.591e-05 
  2577.650          80.837    -10.038    -81.129            7.170        18637.011      1.170      0.000      0.000    0.00896   25.48929           -0.72254       87.47389         1.614e-05 
  2578.650          80.746    -10.035    -81.064            7.167        18644.088      1.170      0.000      0.000    0.00884   25.46595           -0.72697       87.46119         1.637e-05 
  2579.650          80.655    -10.032    -81.000            7.163        18651.163      1.170      0.000      0.000    0.00871   25.44225           -0.73146       87.44851         1.661e-05 
  2580.650          80.563    -10.029    -80.935            7.160        18658.234      1.170      0.000      0.000    0.00858   25.41817           -0.73602       87.43583         1.685e-05 
  2581.650          80.471    -10.026    -80.871            7.156        18665.301      1.170      0.000      0.000    0.00846   25.39369           -0.74065       87.42316         1.710e-05 
  2582.650          80.378    -10.023    -80.806            7.153        18672.365      1.170      0.000      0.000    0.00833   25.36881           -0.74535       87.41050         1.735e-05 
  2583.650          80.285    -10.021    -80.742            7.149        18679.426      1.170      0.000      0.000    0.00821   25.34350           -0.75012       87.39785         1.761e-05 
  2584.650          80.191    -10.018    -80.678            7.145        18686.483      1.170      0.000      0.000    0.00809   25.31775           -0.75498       87.38521         1.788e-05 
  2585.650          80.097    -10.015    -80.614            7.141        18693.536      1.170      0.000      0.000    0.00797   25.29154           -0.75991       87.37259         1.814e-05 
  2586.650          80.002    -10.012    -80.549            7.137        18700.585      1.170      0.000      0.000    0.00785   25.26484           -0.76492       87.35997         1.842e-05 
  2587.650          79.906    -10.009    -80.485            7.133        18707.631      1.170      0.000      0.000    0.00774   25.23768           -0.77001       87.34736         1.870e-05 
  2588.650          79.810    -10.006    -80.421            7.128        18714.672      1.170      0.000      0.000    0.00762   25.20998           -0.77519       87.33476         1.898e-05 
  2589.650          79.713    -10.003    -80.357            7.124        18721.708      1.170      0.000      0.000    0.00750   25.18174           -0.78046       87.32217         1.928e-05 
  2590.650          79.616    -10.000    -80.293            7.119        18728.740      1.170      0.000      0.000    0.00739   25.15294           -0.78582       87.30959         1.957e-05 
  2591.650          79.518     -9.997    -80.229            7.114        18735.768      1.170      0.000      0.000    0.00728   25.12354           -0.79128       87.29703         1.988e-05 
  2592.650          79.419     -9.994    -80.165            7.109        18742.791      1.170      0.000      0.000    0.00717   25.09352           -0.79684       87.28447         2.019e-05 
  2593.650          79.320     -9.991    -80.101            7.104        18749.808      1.170      0.000      0.000    0.00705   25.06286           -0.80249       87.27193         2.050e-05 
  2594.650          79.220     -9.988    -80.037            7.098        18756.821      1.170      0.000      0.000    0.00694   25.03153           -0.80826       87.25940         2.083e-05 
  2595.650          79.120     -9.985    -79.973            7.093        18763.829      1.170      0.000      0.000    0.00684   24.99948           -0.81413       87.24688         2.116e-05 
  2596.650          79.019     -9.982    -79.909            7.087        18770.830      1.170      0.000      0.000    0.00673   24.96668           -0.82012       87.23438         2.149e-05 
  2597.650          78.917     -9.979    -79.846            7.081        18777.826      1.170      0.000      0.000    0.00662   24.93309           -0.82622       87.22189         2.184e-05 
  2598.650          78.815     -9.976    -79.782            7.075        18784.817      1.170      0.000      0.000    0.00652   24.89868           -0.83245       87.20941         2.219e-05 
  2599.650          78.711     -9.973    -79.718            7.068        18791.801      1.170      0.000      0.000    0.00641   24.86340           -0.83880       87.19694         2.255e-05 
  2600.650          78.608     -9.970    -79.655            7.062        18798.778      1.170      0.000      0.000    0.00631   24.82719           -0.84529       87.18449         2.292e-05 
  2601.650          78.503     -9.967    -79.591            7.055        18805.749      1.170      0.000      0.000    0.00621   24.79002           -0.85191       87.17205         2.329e-05 
  2602.650          78.398     -9.963    -79.528            7.047        18812.713      1.170      0.000      0.000    0.00611   24.75182           -0.85868       87.15963         2.368e-05 
  2603.650          78.292     -9.960    -79.464            7.040        18819.670      1.170      0.000      0.000    0.00601   24.71253           -0.86559       87.14722         2.407e-05 
  2604.650          78.185     -9.957    -79.401            7.032        18826.619      1.170      0.000      0.000    0.00591   24.67208           -0.87266       87.13483         2.447e-05 
  2605.650          78.078     -9.954    -79.338            7.024        18833.560      1.170      0.000      0.000    0.00581   24.63042           -0.87990       87.12246         2.488e-05 
  2606.650          77.969     -9.951    -79.275            7.015        18840.493      1.170      0.000      0.000    0.00572   24.58745           -0.88730       87.11010         2.531e-05 
  2607.650          77.860     -9.948    -79.212            7.006        18847.418      1.170      0.000      0.000    0.00562   24.54309           -0.89488       87.09776         2.574e-05 
  2608.650          77.751     -9.944    -79.149            6.997        18854.333      1.170      0.000      0.000    0.00553   24.49725           -0.90265       87.08544         2.618e-05 
  2609.650          77.640     -9.941    -79.086            6.987        18861.239      1.170      0.000      0.000    0.00543   24.44982           -0.91061       87.07314         2.663e-05 
  2610.650          77.528     -9.938    -79.023            6.976        18868.136      1.170      0.000      0.000    0.00534   24.40070           -0.91878       87.06085         2.709e-05 
  2611.650          77.416     -9.935    -78.960            6.965        18875.021      1.170      0.000      0.000    0.00525   24.34976           -0.92716       87.04859         2.756e-05 
