#_______________________________________________________________________________
#    ######   ####     ##             #####   #####     ##    #    #    ##
#    #       #        #  #            #    #  #    #   #  #   ##  ##   #  #
#    #####    ####   ######           #    #  #####   ######  # ## #  ######
#    #            #  #    #           #    #  #    #  #    #  #    #  #    #
#____######__#####___#____#___________#####___#____#__#____#__#____#__#____#____
#
#              ESA Debris Risk Assessment and Mitigation Analysis
#
#                      ---- DRAMA ( SESAM 2.1.5 ) ----
#                                      ESA 2018 
#
#                              trajectory history file
#-------------------------------------------------------------------------------
# Filename      : sara.EDR.7312c8c9-199d-4646-8a04-8c0cf69512c6_Trajectory.txt
# RunID         : sara
# ObjectID      : 7312c8c9-199d-4646-8a04-8c0cf69512c6
# ObjectName    : EDR
# Content       : This file contains the trajectory state data of the object,
#                 computed by the DRAMA 3 Re-entry Analysis.
# Documentation : DRAMA Software User Manual, section OPERATIONS MANUAL / Normal operation / SARA / SARA Simulation Output / Re-entry simulation output
#
#--------------------------------------------------------------------------------------------------------------------------------------------------------------------------------------------
#  Time [s]  Altitude [km]  Lat [deg]  Lon [deg]  Velocity [km/s]   Downrange [km]       Drag       Lift       Side    Knudsen       Mach  Flight Path [deg]  Heading [deg]  Density [kg/m^2]
#--------------------------------------------------------------------------------------------------------------------------------------------------------------------------------------------
  2482.100          87.844    -10.244    -87.377            7.331        17951.960      1.861      0.000      0.000    0.04119   26.77783           -0.48406       88.71582         5.012e-06 
  2482.200          87.838    -10.244    -87.370            7.331        17952.683      1.860      0.000      0.000    0.04115   26.77745           -0.48418       88.71450         5.017e-06 
  2482.650          87.810    -10.243    -87.341            7.330        17955.936      1.858      0.000      0.000    0.04097   26.77571           -0.48473       88.70855         5.039e-06 
  2483.650          87.748    -10.242    -87.275            7.329        17963.166      1.854      0.000      0.000    0.04055   26.77168           -0.48596       88.69533         5.091e-06 
  2484.650          87.686    -10.240    -87.209            7.328        17970.394      1.850      0.000      0.000    0.04010   26.76731           -0.48721       88.68212         5.148e-06 
  2485.650          87.624    -10.239    -87.143            7.327        17977.620      1.846      0.000      0.000    0.03966   26.76289           -0.48849       88.66891         5.205e-06 
  2486.650          87.561    -10.237    -87.077            7.325        17984.846      1.842      0.000      0.000    0.03922   26.75842           -0.48979       88.65570         5.264e-06 
  2487.650          87.498    -10.236    -87.011            7.324        17992.071      1.837      0.000      0.000    0.03879   26.75390           -0.49112       88.64250         5.323e-06 
  2488.650          87.436    -10.234    -86.945            7.323        17999.294      1.833      0.000      0.000    0.03836   26.74932           -0.49247       88.62931         5.382e-06 
  2489.650          87.373    -10.232    -86.879            7.322        18006.516      1.829      0.000      0.000    0.03793   26.74470           -0.49385       88.61611         5.443e-06 
  2490.650          87.309    -10.231    -86.813            7.320        18013.737      1.825      0.000      0.000    0.03751   26.74002           -0.49525       88.60292         5.505e-06 
  2491.650          87.246    -10.229    -86.747            7.319        18020.957      1.821      0.000      0.000    0.03709   26.73529           -0.49667       88.58974         5.567e-06 
  2492.650          87.182    -10.228    -86.681            7.318        18028.176      1.817      0.000      0.000    0.03667   26.73051           -0.49813       88.57656         5.630e-06 
  2493.650          87.119    -10.226    -86.615            7.316        18035.393      1.813      0.000      0.000    0.03626   26.72567           -0.49961       88.56338         5.694e-06 
  2494.650          87.055    -10.224    -86.550            7.315        18042.609      1.809      0.000      0.000    0.03585   26.72078           -0.50111       88.55021         5.759e-06 
  2495.650          86.991    -10.223    -86.484            7.314        18049.824      1.806      0.000      0.000    0.03545   26.71584           -0.50264       88.53704         5.825e-06 
  2496.650          86.927    -10.221    -86.418            7.312        18057.037      1.802      0.000      0.000    0.03505   26.71084           -0.50420       88.52387         5.892e-06 
  2497.650          86.862    -10.219    -86.352            7.311        18064.250      1.798      0.000      0.000    0.03465   26.70579           -0.50578       88.51071         5.960e-06 
  2498.650          86.797    -10.218    -86.286            7.310        18071.461      1.795      0.000      0.000    0.03425   26.70069           -0.50739       88.49756         6.029e-06 
  2499.650          86.733    -10.216    -86.221            7.308        18078.671      1.791      0.000      0.000    0.03386   26.69553           -0.50903       88.48441         6.099e-06 
  2500.650          86.668    -10.214    -86.155            7.307        18085.879      1.787      0.000      0.000    0.03347   26.69031           -0.51070       88.47126         6.169e-06 
  2501.650          86.602    -10.212    -86.089            7.305        18093.086      1.784      0.000      0.000    0.03309   26.68504           -0.51239       88.45812         6.241e-06 
  2502.650          86.537    -10.211    -86.023            7.304        18100.292      1.780      0.000      0.000    0.03270   26.67971           -0.51412       88.44498         6.314e-06 
  2503.650          86.471    -10.209    -85.958            7.302        18107.496      1.777      0.000      0.000    0.03232   26.67433           -0.51587       88.43185         6.389e-06 
  2504.650          86.405    -10.207    -85.892            7.301        18114.699      1.774      0.000      0.000    0.03195   26.66889           -0.51765       88.41872         6.464e-06 
  2505.650          86.339    -10.205    -85.826            7.299        18121.901      1.770      0.000      0.000    0.03158   26.66339           -0.51945       88.40560         6.540e-06 
  2506.650          86.273    -10.203    -85.760            7.298        18129.101      1.767      0.000      0.000    0.03120   26.65783           -0.52129       88.39248         6.618e-06 
  2507.650          86.207    -10.202    -85.695            7.296        18136.300      1.764      0.000      0.000    0.03084   26.65222           -0.52316       88.37936         6.697e-06 
  2508.650          86.140    -10.200    -85.629            7.295        18143.498      1.760      0.000      0.000    0.03047   26.64655           -0.52506       88.36625         6.777e-06 
  2509.650          86.073    -10.198    -85.563            7.293        18150.694      1.757      0.000      0.000    0.03011   26.64082           -0.52698       88.35315         6.858e-06 
  2510.650          86.006    -10.196    -85.498            7.292        18157.888      1.754      0.000      0.000    0.02975   26.63503           -0.52894       88.34005         6.941e-06 
  2511.650          85.938    -10.194    -85.432            7.290        18165.081      1.751      0.000      0.000    0.02942   26.62163           -0.53093       88.32696         7.021e-06 
  2512.650          85.871    -10.192    -85.367            7.289        18172.273      1.748      0.000      0.000    0.02909   26.60617           -0.53295       88.31387         7.100e-06 
  2513.650          85.803    -10.190    -85.301            7.287        18179.463      1.746      0.000      0.000    0.02876   26.59065           -0.53500       88.30078         7.181e-06 
  2514.650          85.734    -10.188    -85.235            7.285        18186.652      1.743      0.000      0.000    0.02843   26.57505           -0.53708       88.28770         7.263e-06 
  2515.650          85.666    -10.186    -85.170            7.284        18193.839      1.740      0.000      0.000    0.02811   26.55937           -0.53920       88.27463         7.347e-06 
  2516.650          85.597    -10.184    -85.104            7.282        18201.024      1.738      0.000      0.000    0.02779   26.54360           -0.54134       88.26156         7.432e-06 
  2517.650          85.528    -10.182    -85.039            7.281        18208.208      1.735      0.000      0.000    0.02747   26.52778           -0.54352       88.24850         7.517e-06 
  2518.650          85.459    -10.181    -84.973            7.279        18215.390      1.732      0.000      0.000    0.02716   26.51183           -0.54574       88.23544         7.605e-06 
  2519.650          85.390    -10.178    -84.908            7.277        18222.571      1.730      0.000      0.000    0.02685   26.49577           -0.54798       88.22239         7.693e-06 
  2520.650          85.320    -10.176    -84.842            7.275        18229.750      1.727      0.000      0.000    0.02654   26.47968           -0.55026       88.20934         7.783e-06 
  2521.650          85.250    -10.174    -84.777            7.274        18236.928      1.725      0.000      0.000    0.02623   26.46349           -0.55257       88.19629         7.874e-06 
  2522.650          85.180    -10.172    -84.711            7.272        18244.104      1.723      0.000      0.000    0.02593   26.44720           -0.55492       88.18326         7.966e-06 
  2523.650          85.109    -10.170    -84.646            7.270        18251.278      1.720      0.000      0.000    0.02563   26.43081           -0.55730       88.17023         8.060e-06 
  2524.650          85.038    -10.168    -84.580            7.268        18258.451      1.718      0.000      0.000    0.02533   26.41433           -0.55972       88.15720         8.155e-06 
  2525.650          84.967    -10.166    -84.515            7.267        18265.622      1.716      0.000      0.000    0.02503   26.39776           -0.56217       88.14418         8.252e-06 
  2526.650          84.896    -10.164    -84.450            7.265        18272.791      1.714      0.000      0.000    0.02474   26.38109           -0.56466       88.13116         8.350e-06 
  2527.650          84.824    -10.162    -84.384            7.263        18279.958      1.711      0.000      0.000    0.02444   26.36432           -0.56719       88.11816         8.450e-06 
  2528.650          84.752    -10.160    -84.319            7.261        18287.124      1.709      0.000      0.000    0.02415   26.34746           -0.56975       88.10515         8.551e-06 
  2529.650          84.680    -10.158    -84.253            7.259        18294.288      1.707      0.000      0.000    0.02387   26.33049           -0.57234       88.09215         8.654e-06 
  2530.650          84.607    -10.155    -84.188            7.257        18301.450      1.705      0.000      0.000    0.02358   26.31346           -0.57498       88.07916         8.759e-06 
  2531.650          84.534    -10.153    -84.123            7.255        18308.610      1.703      0.000      0.000    0.02330   26.29627           -0.57765       88.06618         8.865e-06 
  2532.650          84.461    -10.151    -84.058            7.253        18315.769      1.701      0.000      0.000    0.02302   26.27897           -0.58036       88.05320         8.973e-06 
  2533.650          84.387    -10.149    -83.992            7.251        18322.926      1.699      0.000      0.000    0.02274   26.26158           -0.58311       88.04022         9.082e-06 
  2534.650          84.313    -10.147    -83.927            7.250        18330.080      1.698      0.000      0.000    0.02247   26.24409           -0.58590       88.02725         9.194e-06 
  2535.650          84.239    -10.144    -83.862            7.248        18337.233      1.696      0.000      0.000    0.02220   26.22648           -0.58873       88.01429         9.307e-06 
  2536.650          84.164    -10.142    -83.797            7.245        18344.384      1.694      0.000      0.000    0.02192   26.20879           -0.59160       88.00134         9.422e-06 
  2537.650          84.089    -10.140    -83.731            7.243        18351.533      1.692      0.000      0.000    0.02166   26.19100           -0.59450       87.98839         9.538e-06 
  2538.650          84.014    -10.138    -83.666            7.241        18358.681      1.691      0.000      0.000    0.02139   26.17301           -0.59745       87.97544         9.657e-06 
  2539.650          83.938    -10.135    -83.601            7.239        18365.826      1.689      0.000      0.000    0.02113   26.15494           -0.60044       87.96250         9.778e-06 
  2540.650          83.862    -10.133    -83.536            7.237        18372.969      1.687      0.000      0.000    0.02086   26.13677           -0.60347       87.94957         9.900e-06 
  2541.650          83.786    -10.131    -83.471            7.235        18380.110      1.686      0.000      0.000    0.02061   26.11847           -0.60654       87.93665         1.003e-05 
  2542.650          83.709    -10.128    -83.406            7.233        18387.249      1.684      0.000      0.000    0.02035   26.10005           -0.60966       87.92373         1.015e-05 
  2543.650          83.632    -10.126    -83.341            7.231        18394.386      1.683      0.000      0.000    0.02009   26.08151           -0.61282       87.91082         1.028e-05 
  2544.650          83.554    -10.124    -83.276            7.228        18401.521      1.682      0.000      0.000    0.01984   26.06284           -0.61602       87.89791         1.041e-05 
  2545.650          83.476    -10.121    -83.210            7.226        18408.654      1.680      0.000      0.000    0.01959   26.04404           -0.61927       87.88501         1.055e-05 
  2546.650          83.398    -10.119    -83.145            7.224        18415.785      1.679      0.000      0.000    0.01934   26.02514           -0.62256       87.87212         1.068e-05 
  2547.650          83.319    -10.117    -83.080            7.222        18422.913      1.678      0.000      0.000    0.01909   26.00609           -0.62589       87.85924         1.082e-05 
  2548.650          83.240    -10.114    -83.015            7.219        18430.039      1.676      0.000      0.000    0.01885   25.98691           -0.62927       87.84636         1.096e-05 
  2549.650          83.161    -10.112    -82.950            7.217        18437.164      1.675      0.000      0.000    0.01861   25.96758           -0.63270       87.83349         1.110e-05 
  2550.650          83.081    -10.109    -82.886            7.215        18444.285      1.674      0.000      0.000    0.01837   25.94812           -0.63618       87.82062         1.125e-05 
  2551.650          83.000    -10.107    -82.821            7.212        18451.405      1.673      0.000      0.000    0.01813   25.92854           -0.63970       87.80776         1.139e-05 
  2552.650          82.920    -10.104    -82.756            7.210        18458.522      1.672      0.000      0.000    0.01789   25.90881           -0.64327       87.79491         1.154e-05 
  2553.650          82.839    -10.102    -82.691            7.207        18465.637      1.671      0.000      0.000    0.01766   25.88896           -0.64689       87.78207         1.170e-05 
  2554.650          82.757    -10.099    -82.626            7.205        18472.750      1.670      0.000      0.000    0.01743   25.86895           -0.65055       87.76923         1.185e-05 
  2555.650          82.675    -10.097    -82.561            7.202        18479.860      1.669      0.000      0.000    0.01720   25.84875           -0.65427       87.75640         1.201e-05 
  2556.650          82.593    -10.094    -82.496            7.200        18486.968      1.668      0.000      0.000    0.01697   25.82844           -0.65804       87.74358         1.217e-05 
  2557.650          82.510    -10.092    -82.432            7.197        18494.073      1.667      0.000      0.000    0.01674   25.80798           -0.66185       87.73077         1.234e-05 
  2558.650          82.426    -10.089    -82.367            7.194        18501.176      1.666      0.000      0.000    0.01652   25.78736           -0.66572       87.71796         1.251e-05 
  2559.650          82.342    -10.087    -82.302            7.192        18508.276      1.666      0.000      0.000    0.01630   25.76658           -0.66965       87.70516         1.268e-05 
  2560.650          82.258    -10.084    -82.237            7.189        18515.374      1.665      0.000      0.000    0.01608   25.74565           -0.67362       87.69237         1.285e-05 
  2561.650          82.173    -10.082    -82.173            7.186        18522.469      1.664      0.000      0.000    0.01586   25.72447           -0.67765       87.67958         1.303e-05 
  2562.650          82.088    -10.079    -82.108            7.184        18529.562      1.663      0.000      0.000    0.01564   25.70297           -0.68174       87.66680         1.321e-05 
  2563.650          82.002    -10.076    -82.043            7.181        18536.651      1.663      0.000      0.000    0.01543   25.68114           -0.68588       87.65403         1.339e-05 
  2564.650          81.916    -10.074    -81.979            7.178        18543.738      1.662      0.000      0.000    0.01522   25.65899           -0.69008       87.64127         1.358e-05 
  2565.650          81.830    -10.071    -81.914            7.175        18550.822      1.662      0.000      0.000    0.01501   25.63645           -0.69434       87.62852         1.377e-05 
  2566.650          81.742    -10.068    -81.850            7.171        18557.903      1.661      0.000      0.000    0.01480   25.61353           -0.69866       87.61577         1.396e-05 
  2567.650          81.655    -10.066    -81.785            7.168        18564.981      1.661      0.000      0.000    0.01459   25.59024           -0.70305       87.60304         1.416e-05 
  2568.650          81.566    -10.063    -81.721            7.165        18572.056      1.660      0.000      0.000    0.01439   25.56654           -0.70750       87.59031         1.436e-05 
  2569.650          81.478    -10.060    -81.656            7.161        18579.127      1.660      0.000      0.000    0.01418   25.54241           -0.71202       87.57759         1.457e-05 
  2570.650          81.388    -10.058    -81.592            7.158        18586.195      1.659      0.000      0.000    0.01398   25.51785           -0.71661       87.56488         1.478e-05 
  2571.650          81.299    -10.055    -81.527            7.154        18593.260      1.659      0.000      0.000    0.01378   25.49283           -0.72128       87.55218         1.499e-05 
  2572.650          81.208    -10.052    -81.463            7.150        18600.321      1.659      0.000      0.000    0.01359   25.46733           -0.72602       87.53949         1.521e-05 
  2573.650          81.117    -10.049    -81.399            7.146        18607.378      1.658      0.000      0.000    0.01339   25.44133           -0.73083       87.52681         1.543e-05 
  2574.650          81.026    -10.047    -81.334            7.142        18614.431      1.658      0.000      0.000    0.01320   25.41481           -0.73573       87.51414         1.566e-05 
  2575.650          80.934    -10.044    -81.270            7.138        18621.480      1.658      0.000      0.000    0.01300   25.38774           -0.74071       87.50148         1.589e-05 
  2576.650          80.842    -10.041    -81.206            7.133        18628.525      1.657      0.000      0.000    0.01281   25.36009           -0.74578       87.48883         1.612e-05 
  2577.650          80.748    -10.038    -81.142            7.129        18635.565      1.657      0.000      0.000    0.01263   25.33183           -0.75094       87.47618         1.636e-05 
  2578.650          80.655    -10.036    -81.078            7.124        18642.601      1.657      0.000      0.000    0.01244   25.30294           -0.75619       87.46355         1.661e-05 
  2579.650          80.560    -10.033    -81.014            7.119        18649.633      1.657      0.000      0.000    0.01226   25.27338           -0.76153       87.45094         1.686e-05 
  2580.650          80.465    -10.030    -80.950            7.114        18656.659      1.657      0.000      0.000    0.01207   25.24311           -0.76698       87.43833         1.711e-05 
  2581.650          80.370    -10.027    -80.886            7.109        18663.681      1.657      0.000      0.000    0.01189   25.21209           -0.77253       87.42573         1.738e-05 
  2582.650          80.274    -10.024    -80.822            7.103        18670.697      1.657      0.000      0.000    0.01171   25.18029           -0.77819       87.41315         1.764e-05 
  2583.650          80.177    -10.021    -80.758            7.097        18677.708      1.656      0.000      0.000    0.01153   25.14765           -0.78396       87.40058         1.791e-05 
  2584.650          80.080    -10.018    -80.694            7.091        18684.713      1.656      0.000      0.000    0.01136   25.11412           -0.78985       87.38802         1.819e-05 
  2585.650          79.981    -10.016    -80.630            7.085        18691.712      1.656      0.000      0.000    0.01118   25.07964           -0.79586       87.37548         1.848e-05 
  2586.650          79.883    -10.013    -80.566            7.078        18698.704      1.656      0.000      0.000    0.01101   25.04421           -0.80200       87.36295         1.877e-05 
  2587.650          79.783    -10.010    -80.503            7.072        18705.691      1.656      0.000      0.000    0.01084   25.00768           -0.80827       87.35043         1.906e-05 
  2588.650          79.683    -10.007    -80.439            7.064        18712.670      1.656      0.000      0.000    0.01067   24.97003           -0.81468       87.33793         1.937e-05 
  2589.650          79.582    -10.004    -80.376            7.057        18719.642      1.656      0.000      0.000    0.01050   24.93115           -0.82124       87.32544         1.967e-05 
  2590.650          79.481    -10.001    -80.312            7.049        18726.607      1.656      0.000      0.000    0.01034   24.89098           -0.82795       87.31297         1.999e-05 
  2591.650          79.379     -9.998    -80.249            7.041        18733.564      1.656      0.000      0.000    0.01017   24.84940           -0.83482       87.30051         2.031e-05 
  2592.650          79.276     -9.995    -80.185            7.032        18740.513      1.656      0.000      0.000    0.01001   24.80633           -0.84186       87.28807         2.064e-05 
  2593.650          79.172     -9.992    -80.122            7.023        18747.453      1.656      0.000      0.000    0.00985   24.76162           -0.84909       87.27565         2.098e-05 
  2594.650          79.068     -9.989    -80.059            7.013        18754.384      1.656      0.000      0.000    0.00969   24.71515           -0.85649       87.26325         2.133e-05 
  2595.650          78.962     -9.986    -79.996            7.003        18761.305      1.656      0.000      0.000    0.00953   24.66678           -0.86410       87.25086         2.168e-05 
  2596.650          78.856     -9.983    -79.933            6.993        18768.216      1.656      0.000      0.000    0.00937   24.61631           -0.87192       87.23850         2.204e-05 
  2597.650          78.750     -9.980    -79.870            6.981        18775.117      1.656      0.000      0.000    0.00922   24.56358           -0.87996       87.22615         2.241e-05 
  2598.650          78.642     -9.977    -79.807            6.969        18782.005      1.656      0.000      0.000    0.00906   24.50834           -0.88824       87.21383         2.279e-05 
  2599.650          78.533     -9.974    -79.745            6.956        18788.882      1.656      0.000      0.000    0.00891   24.45035           -0.89677       87.20153         2.318e-05 
  2600.650          78.424     -9.971    -79.682            6.942        18795.745      1.656      0.000      0.000    0.00876   24.38932           -0.90557       87.18926         2.358e-05 
