#_______________________________________________________________________________
#    ######   ####     ##             #####   #####     ##    #    #    ## 
#    #       #        #  #            #    #  #    #   #  #   ##  ##   #  #
#    #####    ####   ######           #    #  #####   ######  # ## #  ######
#    #            #  #    #           #    #  #    #  #    #  #    #  #    #
#____######__#####___#____#___________#####___#____#__#____#__#____#__#____#____
#
#              ESA Debris Risk Assessment and Mitigation Analysis
#
#                      ---- DRAMA ( SESAM 2.1.5 ) ----
#                                      ESA 2018
#
#                              aerothermal history file
#-------------------------------------------------------------------------------
# Filename      : sara.IFring.13288536868984691673_0ddd76e5-66e3-4ed3-89f1-f345cea9c803_AeroThermalHistory.txt
# RunID         : sara
# ObjectID      : 0ddd76e5-66e3-4ed3-89f1-f345cea9c803
# ObjectName    : IFring
# ReferenceArea : 1.20763 [m^2]
# Content       : This file contains the aerothermal data of the object,
#                 computed by the DRAMA 3 Re-entry Analysis.
# Documentation : DRAMA Software User Manual, section OPERATIONS MANUAL / Normal operation / SARA / SARA Simulation Output / Re-entry simulation output
# Note          : The convective heat and the integrated heat values in this file take into account the visibility factor
#
#-------------------------------------------------------------------------------------------------------------------------------------------------------------------
#  Time [s]  Altitude [km]   Temp [K]   Mass [kg]   Thick [mm]  Convective Heat [W]  Radiative Heat [W]  Oxidation Heat [W]  Integrated Heat [J] VisibilityFactor [-]
#-------------------------------------------------------------------------------------------------------------------------------------------------------------------
  2482.100          87.844    448.820      25.350       2.503           147873.724               0.000               0.000          2352847.357   0.61892 
  2482.200          87.838    449.421      25.350       2.503           147944.024               0.000               0.000          2367641.759   0.61892 
  2482.650          87.810    452.134      25.350       2.503           148270.986               0.000               0.000          2434363.703   0.61892 
  2483.650          87.748    458.174      25.350       2.503           149023.908               0.000               0.000          2583387.611   0.61892 
  2484.650          87.686    464.178      25.350       2.503           149837.891               0.000               0.000          2733225.502   0.61892 
  2485.650          87.624    470.142      25.350       2.503           150657.507               0.000               0.000          2883883.009   0.61892 
  2486.650          87.561    476.067      25.350       2.503           151482.883               0.000               0.000          3035365.893   0.61892 
  2487.650          87.498    481.928      25.350       2.503           152314.078               0.000               0.000          3187679.970   0.61892 
  2488.650          87.435    487.706      25.350       2.503           153151.081               0.000               0.000          3340831.051   0.61892 
  2489.650          87.372    493.405      25.350       2.503           153994.043               0.000               0.000          3494825.094   0.61892 
  2490.650          87.309    499.033      25.350       2.503           154842.977               0.000               0.000          3649668.071   0.61892 
  2491.650          87.246    504.630      25.350       2.503           155697.949               0.000               0.000          3805366.020   0.61892 
  2492.650          87.182    510.198      25.350       2.503           156559.073               0.000               0.000          3961925.094   0.61892 
  2493.650          87.119    515.738      25.350       2.503           157426.358               0.000               0.000          4119351.451   0.61892 
  2494.650          87.055    521.292      25.350       2.503           158299.922               0.000               0.000          4277651.374   0.61892 
  2495.650          86.991    526.901      25.350       2.503           159179.852               0.000               0.000          4436831.226   0.61892 
  2496.650          86.927    532.568      25.350       2.503           160066.180               0.000               0.000          4596897.406   0.61892 
  2497.650          86.862    538.294      25.350       2.503           160959.044               0.000               0.000          4757856.450   0.61892 
  2498.650          86.798    544.097      25.350       2.503           161858.510               0.000               0.000          4919714.960   0.61892 
  2499.650          86.733    549.981      25.350       2.503           162764.685               0.000               0.000          5082479.645   0.61892 
  2500.650          86.669    555.949      25.350       2.503           163677.663               0.000               0.000          5246157.308   0.61892 
  2501.650          86.604    561.979      25.350       2.503           164597.541               0.000               0.000          5410754.849   0.61892 
  2502.650          86.538    568.047      25.350       2.503           165524.483               0.000               0.000          5576279.332   0.61892 
  2503.650          86.473    574.154      25.350       2.503           166458.537               0.000               0.000          5742737.869   0.61892 
  2504.650          86.407    580.285      25.350       2.503           167399.869               0.000               0.000          5910137.738   0.61892 
  2505.650          86.342    586.376      25.350       2.503           168348.672               0.000               0.000          6078486.410   0.61892 
  2506.650          86.276    592.428      25.350       2.503           169304.950               0.000               0.000          6247791.360   0.61892 
  2507.650          86.210    598.442      25.350       2.503           170268.984               0.000               0.000          6418060.344   0.61892 
  2508.650          86.144    604.415      25.350       2.503           171240.971               0.000               0.000          6589301.315   0.61892 
  2509.650          86.077    610.346      25.350       2.503           172220.873               0.000               0.000          6761522.188   0.61892 
  2510.650          86.011    616.237      25.350       2.503           173209.117               0.000               0.000          6934731.305   0.61892 
  2511.650          85.944    622.090      25.350       2.503           174153.870               0.000               0.000          7108885.175   0.61892 
  2512.650          85.877    627.905      25.350       2.503           175086.425               0.000               0.000          7283971.599   0.61892 
  2513.650          85.810    633.686      25.350       2.503           176030.026               0.000               0.000          7460001.626   0.61892 
  2514.650          85.742    639.432      25.350       2.503           176979.886               0.000               0.000          7636981.512   0.61892 
  2515.650          85.675    645.144      25.350       2.503           177936.308               0.000               0.000          7814917.820   0.61892 
  2516.650          85.607    650.824      25.350       2.503           178899.091               0.000               0.000          7993816.910   0.61892 
  2517.650          85.539    656.472      25.350       2.503           179868.408               0.000               0.000          8173685.318   0.61892 
  2518.650          85.471    662.093      25.350       2.503           180844.368               0.000               0.000          8354529.686   0.61892 
  2519.650          85.403    667.689      25.350       2.503           181826.606               0.000               0.000          8536356.292   0.61892 
  2520.650          85.334    673.260      25.350       2.503           182815.769               0.000               0.000          8719172.061   0.61892 
  2521.650          85.266    678.809      25.350       2.503           183811.893               0.000               0.000          8902983.955   0.61892 
  2522.650          85.197    684.346      25.350       2.503           184814.834               0.000               0.000          9087798.789   0.61892 
  2523.650          85.128    689.871      25.350       2.503           185824.413               0.000               0.000          9273623.202   0.61892 
  2524.650          85.058    695.385      25.350       2.503           186841.129               0.000               0.000          9460464.330   0.61892 
  2525.650          84.989    700.901      25.350       2.503           187865.049               0.000               0.000          9648329.380   0.61892 
  2526.650          84.919    706.440      25.350       2.503           188895.769               0.000               0.000          9837225.149   0.61892 
  2527.650          84.849    712.002      25.350       2.503           189933.793               0.000               0.000         10027158.942   0.61892 
  2528.650          84.779    717.585      25.350       2.503           190979.233               0.000               0.000         10218138.175   0.61892 
  2529.650          84.709    723.351      25.350       2.503           192031.861               0.000               0.000         10410170.036   0.61892 
  2530.650          84.638    729.357      25.350       2.503           193092.043               0.000               0.000         10603262.079   0.61892 
  2531.650          84.567    735.630      25.350       2.503           194159.753               0.000               0.000         10797421.833   0.61892 
  2532.650          84.496    742.109      25.350       2.503           195234.734               0.000               0.000         10992656.566   0.61892 
  2533.650          84.425    748.672      25.350       2.503           196317.344               0.000               0.000         11188973.910   0.61892 
  2534.650          84.354    755.319      25.350       2.503           197407.841               0.000               0.000         11386381.751   0.61892 
  2535.650          84.282    762.029      25.350       2.503           198506.282               0.000               0.000         11584888.033   0.61892 
  2536.650          84.210    768.758      25.350       2.503           199612.416               0.000               0.000         11784500.449   0.61892 
  2537.650          84.138    775.505      25.350       2.503           200726.767               0.000               0.000         11985227.216   0.61892 
  2538.650          84.066    782.262      25.350       2.503           201849.152               0.000               0.000         12187076.368   0.61892 
  2539.650          83.993    789.020      25.350       2.503           202979.292               0.000               0.000         12390055.660   0.61892 
  2540.650          83.920    795.777      25.350       2.503           204117.706               0.000               0.000         12594173.366   0.61892 
  2541.650          83.847    802.533      25.350       2.503           205264.569               0.000               0.000         12799437.935   0.61892 
  2542.650          83.774    809.287      25.350       2.503           206419.953               0.000               0.000         13005857.888   0.61892 
  2543.650          83.701    816.038      25.350       2.503           207583.775               0.000               0.000         13213441.663   0.61892 
  2544.650          83.627    822.786      25.350       2.503           208756.011               0.000               0.000         13422197.674   0.61892 
  2545.650          83.553    829.527      25.350       2.503           209936.970               0.000               0.000         13632134.645   0.61892 
  2546.650          83.479    836.264      25.350       2.503           211126.783               0.000               0.000         13843261.428   0.61892 
  2547.650          83.404    842.962      25.350       2.503           212325.538               0.000               0.000         14055586.966   0.61892 
  2548.650          83.330    849.591      25.350       2.503           213533.047               0.000               0.000         14269120.013   0.61892 
  2549.650          83.255    850.000      24.909       2.459           214749.687               0.000               0.000         14483869.699   0.61892 
  2550.650          83.179    850.000      24.436       2.412           215975.532               0.000               0.000         14699845.231   0.61892 
  2551.650          83.104    850.000      23.960       2.365           217210.384               0.000               0.000         14917055.615   0.61892 
  2552.650          83.028    850.000      23.480       2.317           218454.586               0.000               0.000         15135510.201   0.61892 
  2553.650          82.952    850.000      22.998       2.269           219708.275               0.000               0.000         15355218.476   0.61892 
  2554.650          82.876    850.000      22.512       2.221           220971.572               0.000               0.000         15576190.048   0.61892 
  2555.650          82.799    850.000      22.023       2.172           222244.631               0.000               0.000         15798434.679   0.61892 
  2556.650          82.723    850.000      21.531       2.124           223526.757               0.000               0.000         16021961.436   0.61892 
  2557.650          82.646    850.000      21.036       2.075           224818.876               0.000               0.000         16246780.312   0.61892 
  2558.650          82.568    850.000      20.537       2.025           226121.114               0.000               0.000         16472901.426   0.61892 
  2559.650          82.491    850.000      20.035       1.975           227433.449               0.000               0.000         16700334.875   0.61892 
  2560.650          82.413    850.000      19.530       1.925           228755.623               0.000               0.000         16929090.498   0.61892 
  2561.650          82.335    850.000      19.021       1.875           230088.119               0.000               0.000         17159178.617   0.61892 
  2562.650          82.256    850.000      18.509       1.824           231431.042               0.000               0.000         17390609.659   0.61892 
  2563.650          82.178    850.000      17.994       1.773           232784.501               0.000               0.000         17623394.160   0.61892 
  2564.650          82.099    850.000      17.475       1.722           234148.462               0.000               0.000         17857542.622   0.61892 
  2565.650          82.019    850.000      16.953       1.670           235522.975               0.000               0.000         18093065.597   0.61892 
  2566.650          81.940    850.000      16.427       1.618           236908.528               0.000               0.000         18329974.125   0.61892 
  2567.650          81.860    850.000      15.898       1.566           238304.975               0.000               0.000         18568279.100   0.61892 
  2568.650          81.780    850.000      15.365       1.513           239712.233               0.000               0.000         18807991.334   0.61892 
  2569.650          81.699    850.000      14.829       1.460           241130.785               0.000               0.000         19049122.119   0.61892 
  2570.650          81.619    850.000      14.289       1.407           242560.571               0.000               0.000         19291682.689   0.61892 
  2571.650          81.538    850.000      13.745       1.353           244001.755               0.000               0.000         19535684.444   0.61892 
  2572.650          81.456    850.000      13.198       1.299           245454.512               0.000               0.000         19781138.957   0.61892 
  2573.650          81.375    850.000      12.647       1.245           246919.023               0.000               0.000         20028057.979   0.61892 
  2574.650          81.293    850.000      12.092       1.190           248395.324               0.000               0.000         20276453.304   0.61892 
  2575.650          81.210    850.000      11.534       1.135           249883.282               0.000               0.000         20526336.586   0.61892 
  2576.650          81.128    850.000      10.972       1.079           251383.442               0.000               0.000         20777720.028   0.61892 
  2577.650          81.045    850.000      10.406       1.024           252895.833               0.000               0.000         21030615.861   0.61892 
  2578.650          80.962    850.000       9.836       0.967           254420.559               0.000               0.000         21285036.419   0.61892 
  2579.650          80.878    850.000       9.262       0.911           255957.783               0.000               0.000         21540994.203   0.61892 
  2580.650          80.794    850.000       8.685       0.854           257507.566               0.000               0.000         21798501.769   0.61892 
  2581.650          80.710    850.000       8.103       0.797           259069.936               0.000               0.000         22057571.704   0.61892 
  2582.650          80.625    850.000       7.518       0.739           260645.225               0.000               0.000         22318216.929   0.61892 
  2583.650          80.540    850.000       6.929       0.681           262233.572               0.000               0.000         22580450.501   0.61892 
  2584.650          80.455    850.000       6.335       0.623           263834.842               0.000               0.000         22844285.344   0.61892 
  2585.650          80.370    850.000       5.738       0.564           265449.055               0.000               0.000         23109734.399   0.61892 
  2586.650          80.284    850.000       5.136       0.505           267076.324               0.000               0.000         23376810.723   0.61892 
  2587.650          80.197    850.000       4.531       0.445           268716.637               0.000               0.000         23645527.360   0.61892 
  2588.650          80.111    850.000       3.921       0.385           270370.167               0.000               0.000         23915897.527   0.61892 
  2589.650          80.024    850.000       3.307       0.325           272036.976               0.000               0.000         24187934.503   0.61892 
  2590.650          79.936    850.000       2.689       0.264           273717.539               0.000               0.000         24461652.042   0.61892 
  2591.650          79.848    850.000       2.067       0.203           275411.849               0.000               0.000         24737063.891   0.61892 
  2592.650          79.760    850.000       1.440       0.141           277119.840               0.000               0.000         25014183.730   0.61892 
  2593.650          79.672    850.000       0.809       0.079           278841.741               0.000               0.000         25293025.472   0.61892 
  2594.650          79.583    850.000       0.174       0.017           280577.670               0.000               0.000         25573603.142   0.61892 
  2595.650          79.494    850.000       0.000       0.000           282327.661               0.000               0.000         25855930.802   0.61892 
