#_______________________________________________________________________________
#    ######   ####     ##             #####   #####     ##    #    #    ## 
#    #       #        #  #            #    #  #    #   #  #   ##  ##   #  #
#    #####    ####   ######           #    #  #####   ######  # ## #  ######
#    #            #  #    #           #    #  #    #  #    #  #    #  #    #
#____######__#####___#____#___________#####___#____#__#____#__#____#__#____#____
#
#              ESA Debris Risk Assessment and Mitigation Analysis
#
#                      ---- DRAMA ( SESAM 2.1.5 ) ----
#                                      ESA 2018
#
#                              aerothermal history file
#-------------------------------------------------------------------------------
# Filename      : sara.SSD2.cfb2351a-41cc-4000-8a6d-1bd21ea75eb1_AeroThermalHistory.txt
# RunID         : sara
# ObjectID      : cfb2351a-41cc-4000-8a6d-1bd21ea75eb1
# ObjectName    : SSD2
# ReferenceArea : 0.017325 [m^2]
# Content       : This file contains the aerothermal data of the object,
#                 computed by the DRAMA 3 Re-entry Analysis.
# Documentation : DRAMA Software User Manual, section OPERATIONS MANUAL / Normal operation / SARA / SARA Simulation Output / Re-entry simulation output
# Note          : The convective heat and the integrated heat values in this file take into account the visibility factor
#
#-------------------------------------------------------------------------------------------------------------------------------------------------------------------
#  Time [s]  Altitude [km]   Temp [K]   Mass [kg]   Thick [mm]  Convective Heat [W]  Radiative Heat [W]  Oxidation Heat [W]  Integrated Heat [J] VisibilityFactor [-]
#-------------------------------------------------------------------------------------------------------------------------------------------------------------------
  2482.100          87.844    300.000       1.650       4.860            16293.739               0.000               0.000                0.000   1.00000 
  2482.200          87.838    301.121       1.650       4.860            16303.507               0.000               0.000             1630.351   1.00000 
  2482.650          87.810    306.177       1.650       4.860            16348.899               0.000               0.000             8987.355   1.00000 
  2483.650          87.748    317.458       1.650       4.860            16453.199               0.000               0.000            25440.554   1.00000 
  2484.650          87.686    328.755       1.650       4.860            16565.604               0.000               0.000            42006.158   1.00000 
  2485.650          87.624    340.069       1.650       4.860            16678.429               0.000               0.000            58684.588   1.00000 
  2486.650          87.561    351.399       1.650       4.860            16791.691               0.000               0.000            75476.279   1.00000 
  2487.650          87.498    362.744       1.650       4.860            16905.401               0.000               0.000            92381.680   1.00000 
  2488.650          87.436    374.093       1.650       4.860            17019.562               0.000               0.000           109401.241   1.00000 
  2489.650          87.373    385.442       1.650       4.860            17134.193               0.000               0.000           126535.435   1.00000 
  2490.650          87.309    396.777       1.650       4.860            17249.302               0.000               0.000           143784.737   1.00000 
  2491.650          87.246    408.098       1.650       4.860            17364.900               0.000               0.000           161149.637   1.00000 
  2492.650          87.182    419.398       1.650       4.860            17481.004               0.000               0.000           178630.641   1.00000 
  2493.650          87.119    430.686       1.650       4.860            17597.619               0.000               0.000           196228.260   1.00000 
  2494.650          87.055    441.969       1.650       4.860            17714.763               0.000               0.000           213943.023   1.00000 
  2495.650          86.990    453.209       1.650       4.860            17832.450               0.000               0.000           231775.473   1.00000 
  2496.650          86.926    464.396       1.650       4.860            17950.690               0.000               0.000           249726.164   1.00000 
  2497.650          86.861    475.414       1.650       4.860            18069.503               0.000               0.000           267795.666   1.00000 
  2498.650          86.796    486.235       1.650       4.860            18188.899               0.000               0.000           285984.565   1.00000 
  2499.650          86.731    496.747       1.650       4.860            18308.899               0.000               0.000           304293.464   1.00000 
  2500.650          86.666    507.032       1.650       4.860            18429.517               0.000               0.000           322722.982   1.00000 
  2501.650          86.600    517.192       1.650       4.860            18550.768               0.000               0.000           341273.750   1.00000 
  2502.650          86.534    527.348       1.650       4.860            18672.682               0.000               0.000           359946.432   1.00000 
  2503.650          86.468    537.667       1.650       4.860            18795.265               0.000               0.000           378741.697   1.00000 
  2504.650          86.401    548.183       1.650       4.860            18918.540               0.000               0.000           397660.237   1.00000 
  2505.650          86.334    558.941       1.650       4.860            19042.546               0.000               0.000           416702.783   1.00000 
  2506.650          86.267    569.867       1.650       4.860            19167.284               0.000               0.000           435870.067   1.00000 
  2507.650          86.199    580.893       1.650       4.860            19292.779               0.000               0.000           455162.846   1.00000 
  2508.650          86.132    591.836       1.650       4.860            19419.094               0.000               0.000           474581.940   1.00000 
  2509.650          86.063    602.631       1.650       4.860            19546.213               0.000               0.000           494128.152   1.00000 
  2510.650          85.995    613.266       1.650       4.860            19674.163               0.000               0.000           513802.315   1.00000 
  2511.650          85.926    623.744       1.650       4.860            19792.434               0.000               0.000           533594.749   1.00000 
  2512.650          85.857    634.081       1.650       4.860            19911.218               0.000               0.000           553505.967   1.00000 
  2513.650          85.787    644.286       1.650       4.860            20031.090               0.000               0.000           573537.057   1.00000 
  2514.650          85.717    654.364       1.650       4.860            20151.514               0.000               0.000           593688.571   1.00000 
  2515.650          85.647    664.325       1.650       4.860            20272.553               0.000               0.000           613961.124   1.00000 
  2516.650          85.576    674.186       1.650       4.860            20394.231               0.000               0.000           634355.355   1.00000 
  2517.650          85.505    683.957       1.650       4.860            20516.533               0.000               0.000           654871.888   1.00000 
  2518.650          85.434    693.671       1.650       4.860            20639.409               0.000               0.000           675511.297   1.00000 
  2519.650          85.362    703.337       1.650       4.860            20762.959               0.000               0.000           696274.256   1.00000 
  2520.650          85.289    713.051       1.650       4.860            20887.217               0.000               0.000           717161.473   1.00000 
  2521.650          85.217    722.816       1.650       4.860            21012.076               0.000               0.000           738173.549   1.00000 
  2522.650          85.143    733.249       1.650       4.860            21137.624               0.000               0.000           759311.173   1.00000 
  2523.650          85.070    744.477       1.650       4.860            21263.874               0.000               0.000           780575.047   1.00000 
  2524.650          84.995    755.938       1.650       4.860            21390.824               0.000               0.000           801965.871   1.00000 
  2525.650          84.921    767.590       1.650       4.860            21518.443               0.000               0.000           823484.314   1.00000 
  2526.650          84.846    779.280       1.650       4.860            21646.793               0.000               0.000           845131.107   1.00000 
  2527.650          84.770    790.980       1.650       4.860            21775.881               0.000               0.000           866906.988   1.00000 
  2528.650          84.694    802.665       1.650       4.860            21905.709               0.000               0.000           888812.697   1.00000 
  2529.650          84.617    814.331       1.650       4.860            22036.276               0.000               0.000           910848.973   1.00000 
  2530.650          84.540    825.974       1.650       4.860            22167.568               0.000               0.000           933016.541   1.00000 
  2531.650          84.462    837.588       1.650       4.860            22299.624               0.000               0.000           955316.166   1.00000 
  2532.650          84.384    849.096       1.650       4.860            22432.484               0.000               0.000           977748.650   1.00000 
  2533.650          84.305    850.000       1.602       4.707            22566.098               0.000               0.000          1000314.748   1.00000 
  2534.650          84.226    850.000       1.549       4.541            22699.272               0.000               0.000          1023014.020   1.00000 
  2535.650          84.146    850.000       1.495       4.375            22831.621               0.000               0.000          1045845.641   1.00000 
  2536.650          84.066    850.000       1.442       4.208            22962.911               0.000               0.000          1068808.552   1.00000 
  2537.650          83.985    850.000       1.388       4.041            23092.879               0.000               0.000          1091901.430   1.00000 
  2538.650          83.903    850.000       1.334       3.874            23221.358               0.000               0.000          1115122.788   1.00000 
  2539.650          83.821    850.000       1.279       3.707            23348.057               0.000               0.000          1138470.845   1.00000 
  2540.650          83.738    850.000       1.224       3.540            23472.678               0.000               0.000          1161943.523   1.00000 
  2541.650          83.654    850.000       1.169       3.372            23594.868               0.000               0.000          1185538.391   1.00000 
  2542.650          83.570    850.000       1.114       3.205            23714.218               0.000               0.000          1209252.609   1.00000 
  2543.650          83.486    850.000       1.058       3.037            23830.246               0.000               0.000          1233082.855   1.00000 
  2544.650          83.400    850.000       1.002       2.869            23942.422               0.000               0.000          1257025.277   1.00000 
  2545.650          83.314    850.000       0.945       2.702            24050.074               0.000               0.000          1281075.351   1.00000 
  2546.650          83.227    850.000       0.889       2.534            24152.459               0.000               0.000          1305227.811   1.00000 
  2547.650          83.140    850.000       0.832       2.367            24248.666               0.000               0.000          1329476.477   1.00000 
  2548.650          83.052    850.000       0.775       2.199            24337.608               0.000               0.000          1353814.085   1.00000 
  2549.650          82.963    850.000       0.718       2.032            24417.957               0.000               0.000          1378232.042   1.00000 
  2550.650          82.873    850.000       0.660       1.865            24488.055               0.000               0.000          1402720.097   1.00000 
  2551.650          82.783    850.000       0.603       1.699            24545.866               0.000               0.000          1427265.963   1.00000 
  2552.650          82.692    850.000       0.545       1.533            24588.664               0.000               0.000          1451854.627   1.00000 
  2553.650          82.600    850.000       0.487       1.367            24613.126               0.000               0.000          1476467.752   1.00000 
  2554.650          82.507    850.000       0.430       1.203            24614.669               0.000               0.000          1501082.422   1.00000 
  2555.650          82.414    850.000       0.372       1.039            24587.019               0.000               0.000          1525669.441   1.00000 
  2556.650          82.319    850.000       0.315       0.877            24521.211               0.000               0.000          1550190.652   1.00000 
  2557.650          82.224    850.000       0.257       0.716            24403.794               0.000               0.000          1574594.446   1.00000 
  2558.650          82.128    850.000       0.201       0.557            24213.213               0.000               0.000          1598807.659   1.00000 
  2559.650          82.032    850.000       0.145       0.401            23911.580               0.000               0.000          1622719.239   1.00000 
  2560.650          81.935    850.000       0.090       0.249            23422.305               0.000               0.000          1646141.544   1.00000 
  2561.650          81.837    850.000       0.037       0.103            22548.089               0.000               0.000          1668689.634   1.00000 
  2562.650          81.740    850.000       0.000       0.000            20410.322               0.000               0.000          1689099.956   1.00000 
