#_______________________________________________________________________________
#    ######   ####     ##             #####   #####     ##    #    #    ## 
#    #       #        #  #            #    #  #    #   #  #   ##  ##   #  #
#    #####    ####   ######           #    #  #####   ######  # ## #  ######
#    #            #  #    #           #    #  #    #  #    #  #    #  #    #
#____######__#####___#____#___________#####___#____#__#____#__#____#__#____#____
#
#              ESA Debris Risk Assessment and Mitigation Analysis
#
#                      ---- DRAMA ( SESAM 2.1.5 ) ----
#                                      ESA 2018
#
#                              aerothermal history file
#-------------------------------------------------------------------------------
# Filename      : sara.case4_hollow.e31cb76b-34e6-4852-9f69-92ea8464d372_AeroThermalHistory.txt
# RunID         : sara
# ObjectID      : e31cb76b-34e6-4852-9f69-92ea8464d372
# ObjectName    : case4_hollow
# ReferenceArea : 0.19635 [m^2]
# Content       : This file contains the aerothermal data of the object,
#                 computed by the DRAMA 3 Re-entry Analysis.
# Documentation : DRAMA Software User Manual, section OPERATIONS MANUAL / Normal operation / SARA / SARA Simulation Output / Re-entry simulation output
# Note          : The convective heat and the integrated heat values in this file take into account the visibility factor
#
#-------------------------------------------------------------------------------------------------------------------------------------------------------------------
#  Time [s]  Altitude [km]   Temp [K]   Mass [kg]   Thick [mm]  Convective Heat [W]  Radiative Heat [W]  Oxidation Heat [W]  Integrated Heat [J] VisibilityFactor [-]
#-------------------------------------------------------------------------------------------------------------------------------------------------------------------
  1114.100          77.981    300.082      40.272      39.495           173608.406               0.000               0.000                0.000   1.00000 
  1114.200          77.974    394.899      40.272      39.495           173669.517               0.000               0.000            17366.952   1.00000 
  1114.650          77.943    616.358      40.272      39.495           173953.441               0.000               0.000            95646.000   1.00000 
  1115.650          77.875    868.559      40.181      39.388           174605.361               0.000               0.000           270251.361   1.00000 
  1116.650          77.806    614.252      40.168      39.373           175306.407               0.000               0.000           445557.769   1.00000 
  1117.650          77.737    537.607      40.156      39.359           176008.878               0.000               0.000           621566.646   1.00000 
  1118.650          77.668    497.940      40.144      39.345           176713.066               0.000               0.000           798279.712   1.00000 
  1119.650          77.599    472.052      40.132      39.330           177418.956               0.000               0.000           975698.669   1.00000 
  1120.650          77.530    453.318      40.119      39.316           178126.463               0.000               0.000          1153825.132   1.00000 
  1121.650          77.461    438.877      40.107      39.302           178835.881               0.000               0.000          1332661.013   1.00000 
  1122.650          77.391    427.300      40.095      39.287           179547.276               0.000               0.000          1512208.289   1.00000 
  1123.650          77.321    417.734      40.083      39.273           180260.417               0.000               0.000          1692468.706   1.00000 
  1124.650          77.251    409.661      40.071      39.259           180975.680               0.000               0.000          1873444.386   1.00000 
  1125.650          77.181    402.722      40.059      39.245           181693.139               0.000               0.000          2055137.526   1.00000 
  1126.650          77.111    399.299      40.041      39.224           182412.658               0.000               0.000          2237550.184   1.00000 
  1127.650          77.040    819.020      39.999      39.174           183134.421               0.000               0.000          2420684.605   1.00000 
  1128.650          76.970    599.654      39.928      39.091           183858.391               0.000               0.000          2604542.995   1.00000 
  1129.650          76.899    530.664      39.905      39.064           184584.290               0.000               0.000          2789127.285   1.00000 
  1130.650          76.828    496.393      39.881      39.036           185312.445               0.000               0.000          2974439.731   1.00000 
  1131.650          76.756    474.340      39.858      39.009           186043.155               0.000               0.000          3160482.886   1.00000 
  1132.650          76.684    458.266      39.834      38.982           186776.491               0.000               0.000          3347259.377   1.00000 
  1133.650          76.613    445.709      39.811      38.954           187512.291               0.000               0.000          3534771.668   1.00000 
  1134.650          76.540    439.317      39.802      38.944           188250.800               0.000               0.000          3723022.468   1.00000 
  1135.650          76.468    836.070      39.709      38.835           188992.266               0.000               0.000          3912014.733   1.00000 
  1136.650          76.395    612.501      39.673      38.793           189736.148               0.000               0.000          4101750.882   1.00000 
  1137.650          76.322    541.949      39.638      38.752           190482.645               0.000               0.000          4292233.526   1.00000 
  1138.650          76.249    508.224      39.602      38.710           191232.114               0.000               0.000          4483465.640   1.00000 
  1139.650          76.176    492.191      39.564      38.666           191984.639               0.000               0.000          4675450.279   1.00000 
  1140.650          76.102    874.329      39.470      38.557           192740.178               0.000               0.000          4868190.458   1.00000 
  1141.650          76.027    640.405      39.445      38.527           193498.328               0.000               0.000          5061688.786   1.00000 
  1142.650          75.953    570.188      39.421      38.498           194259.791               0.000               0.000          5255948.577   1.00000 
  1143.650          75.878    534.423      39.396      38.470           195024.727               0.000               0.000          5450973.304   1.00000 
  1144.650          75.803    510.764      39.371      38.441           195793.082               0.000               0.000          5646766.385   1.00000 
  1145.650          75.727    493.110      39.347      38.413           196564.942               0.000               0.000          5843331.327   1.00000 
  1146.650          75.651    484.704      39.326      38.388           197340.536               0.000               0.000          6040671.863   1.00000 
  1147.650          75.575    889.446      39.232      38.280           198119.977               0.000               0.000          6238791.840   1.00000 
  1148.650          75.498    649.439      39.211      38.254           198902.654               0.000               0.000          6437694.494   1.00000 
  1149.650          75.421    579.665      39.189      38.229           199689.078               0.000               0.000          6637383.572   1.00000 
  1150.650          75.344    544.267      39.167      38.204           200479.604               0.000               0.000          6837863.176   1.00000 
  1151.650          75.266    520.877      39.146      38.179           201274.325               0.000               0.000          7039137.501   1.00000 
  1152.650          75.187    503.433      39.125      38.155           202073.333               0.000               0.000          7241210.834   1.00000 
  1153.650          75.109    489.567      39.104      38.130           202876.498               0.000               0.000          7444087.332   1.00000 
  1154.650          75.030    483.577      39.088      38.112           203684.104               0.000               0.000          7647771.435   1.00000 
  1155.650          74.950    923.900      38.995      38.004           204496.325               0.000               0.000          7852267.760   1.00000 
  1156.650          74.870    665.317      38.984      37.991           205312.537               0.000               0.000          8057580.298   1.00000 
  1157.650          74.789    596.495      38.973      37.978           206133.552               0.000               0.000          8263713.850   1.00000 
  1158.650          74.708    560.800      38.962      37.966           206959.089               0.000               0.000          8470672.939   1.00000 
  1159.650          74.626    537.205      38.951      37.953           207789.737               0.000               0.000          8678462.677   1.00000 
  1160.650          74.544    519.634      38.941      37.941           208625.547               0.000               0.000          8887088.224   1.00000 
  1161.650          74.462    505.687      38.930      37.929           209466.592               0.000               0.000          9096554.816   1.00000 
  1162.650          74.379    494.186      38.920      37.917           210312.969               0.000               0.000          9306867.785   1.00000 
  1163.650          74.295    484.423      38.909      37.905           211164.705               0.000               0.000          9518032.489   1.00000 
  1164.650          74.211    475.942      38.899      37.893           212021.831               0.000               0.000          9730054.321   1.00000 
  1165.650          74.126    468.466      38.889      37.880           212884.578               0.000               0.000          9942938.899   1.00000 
  1166.650          74.040    461.788      38.878      37.868           213753.038               0.000               0.000         10156691.937   1.00000 
  1167.650          73.954    455.765      38.868      37.856           214627.307               0.000               0.000         10371319.244   1.00000 
  1168.650          73.868    454.826      38.851      37.836           215507.476               0.000               0.000         10586826.719   1.00000 
  1169.650          73.781    939.695      38.758      37.729           216393.554               0.000               0.000         10803220.273   1.00000 
  1170.650          73.693    666.952      38.748      37.717           217284.642               0.000               0.000         11020504.915   1.00000 
  1171.650          73.605    596.338      38.738      37.706           218181.631               0.000               0.000         11238686.546   1.00000 
  1172.650          73.515    560.546      38.728      37.694           219084.865               0.000               0.000         11457771.411   1.00000 
  1173.650          73.426    537.351      38.718      37.683           219994.435               0.000               0.000         11677765.845   1.00000 
  1174.650          73.335    520.328      38.708      37.672           220910.430               0.000               0.000         11898676.275   1.00000 
  1175.650          73.244    506.955      38.699      37.661           221832.937               0.000               0.000         12120509.212   1.00000 
  1176.650          73.152    496.009      38.689      37.650           222762.039               0.000               0.000         12343271.252   1.00000 
  1177.650          73.060    486.753      38.679      37.639           223697.819               0.000               0.000         12566969.071   1.00000 
  1178.650          72.967    478.744      38.670      37.627           224640.356               0.000               0.000         12791609.427   1.00000 
  1179.650          72.873    471.696      38.660      37.616           225589.729               0.000               0.000         13017199.156   1.00000 
  1180.650          72.778    465.408      38.651      37.605           226546.012               0.000               0.000         13243745.168   1.00000 
  1181.650          72.683    459.736      38.641      37.594           227509.280               0.000               0.000         13471254.448   1.00000 
  1182.650          72.587    454.574      38.632      37.583           228479.600               0.000               0.000         13699734.048   1.00000 
  1183.650          72.490    449.841      38.622      37.572           229457.018               0.000               0.000         13929191.066   1.00000 
  1184.650          72.392    449.490      38.614      37.562           230441.612               0.000               0.000         14159632.678   1.00000 
  1185.650          72.293   1000.064      38.514      37.448           231433.517               0.000               0.000         14391066.196   1.00000 
  1186.650          72.194    660.247      38.475      37.403           232431.187               0.000               0.000         14623497.383   1.00000 
  1187.650          72.093    583.337      38.437      37.359           233435.457               0.000               0.000         14856932.840   1.00000 
  1188.650          71.992    548.095      38.399      37.315           234446.649               0.000               0.000         15091379.489   1.00000 
  1189.650          71.890    533.563      38.377      37.289           235464.692               0.000               0.000         15326844.180   1.00000 
  1190.650          71.787   1052.325      38.281      37.178           236488.858               0.000               0.000         15563333.039   1.00000 
  1191.650          71.684    700.266      38.254      37.148           237474.862               0.000               0.000         15800807.901   1.00000 
  1192.650          71.579    624.234      38.230      37.120           238466.473               0.000               0.000         16039274.374   1.00000 
  1193.650          71.473    584.798      38.207      37.094           239464.071               0.000               0.000         16278738.445   1.00000 
  1194.650          71.367    558.807      38.185      37.069           240467.686               0.000               0.000         16519206.131   1.00000 
  1195.650          71.259    539.598      38.163      37.044           241477.311               0.000               0.000         16760683.442   1.00000 
  1196.650          71.151    532.774      38.136      37.012           242492.927               0.000               0.000         17003176.369   1.00000 
  1197.650          71.041   1084.950      38.047      36.910           243514.384               0.000               0.000         17246690.753   1.00000 
  1198.650          70.931    719.218      38.027      36.887           244540.335               0.000               0.000         17491231.088   1.00000 
  1199.650          70.820    642.319      38.010      36.867           245571.947               0.000               0.000         17736803.035   1.00000 
  1200.650          70.707    602.442      37.996      36.852           246609.474               0.000               0.000         17983412.509   1.00000 
  1201.650          70.593    575.882      37.983      36.837           247652.843               0.000               0.000         18231065.352   1.00000 
  1202.650          70.479    556.155      37.971      36.822           248701.955               0.000               0.000         18479767.307   1.00000 
  1203.650          70.363    540.594      37.958      36.808           249756.673               0.000               0.000         18729523.980   1.00000 
  1204.650          70.246    527.794      37.945      36.793           250817.074               0.000               0.000         18980341.054   1.00000 
  1205.650          70.128    516.943      37.933      36.779           251883.063               0.000               0.000         19232224.117   1.00000 
  1206.650          70.009    507.542      37.920      36.765           252954.528               0.000               0.000         19485178.646   1.00000 
  1207.650          69.889    499.266      37.908      36.750           254031.352               0.000               0.000         19739209.998   1.00000 
  1208.650          69.768    497.961      37.895      36.736           255113.032               0.000               0.000         19994323.030   1.00000 
  1209.650          69.645   1110.987      37.812      36.640           256199.663               0.000               0.000         20250522.693   1.00000 
  1210.650          69.521    723.601      37.793      36.619           257289.287               0.000               0.000         20507811.980   1.00000 
  1211.650          69.396    644.659      37.778      36.602           258383.148               0.000               0.000         20766195.128   1.00000 
  1212.650          69.270    604.496      37.766      36.588           259481.070               0.000               0.000         21025676.198   1.00000 
  1213.650          69.143    578.156      37.755      36.575           260582.954               0.000               0.000         21286259.152   1.00000 
  1214.650          69.014    558.813      37.744      36.563           261688.881               0.000               0.000         21547948.033   1.00000 
  1215.650          68.884    543.631      37.733      36.550           262798.618               0.000               0.000         21810746.651   1.00000 
  1216.650          68.753    531.237      37.722      36.538           263911.223               0.000               0.000         22074657.874   1.00000 
  1217.650          68.620    520.754      37.711      36.526           265027.094               0.000               0.000         22339684.968   1.00000 
  1218.650          68.486    511.690      37.701      36.513           266145.839               0.000               0.000         22605830.807   1.00000 
  1219.650          68.351    503.719      37.690      36.501           267266.557               0.000               0.000         22873097.365   1.00000 
  1220.650          68.214    496.610      37.679      36.489           268389.492               0.000               0.000         23141486.857   1.00000 
  1221.650          68.076    490.200      37.668      36.476           269514.061               0.000               0.000         23411000.918   1.00000 
  1222.650          67.936    489.904      37.660      36.466           270639.509               0.000               0.000         23681640.427   1.00000 
  1223.650          67.795   1165.367      37.564      36.358           271766.053               0.000               0.000         23953406.480   1.00000 
  1224.650          67.653    700.274      37.517      36.304           272889.438               0.000               0.000         24226295.918   1.00000 
  1225.650          67.509    623.833      37.477      36.258           274010.706               0.000               0.000         24500306.624   1.00000 
  1226.650          67.364    585.636      37.440      36.216           275129.765               0.000               0.000         24775436.389   1.00000 
  1227.650          67.217    571.068      37.422      36.195           276245.911               0.000               0.000         25051682.300   1.00000 
  1228.650          67.068   1206.715      37.332      36.092           277359.509               0.000               0.000         25329041.809   1.00000 
  1229.650          66.918    719.483      37.269      36.021           278466.605               0.000               0.000         25607508.414   1.00000 
  1230.650          66.767    642.413      37.232      35.978           279567.566               0.000               0.000         25887075.980   1.00000 
  1231.650          66.613    601.287      37.200      35.943           280662.362               0.000               0.000         26167738.342   1.00000 
  1232.650          66.459    585.895      37.165      35.903           281750.898               0.000               0.000         26449489.240   1.00000 
  1233.650          66.302   1240.142      37.104      35.833           282832.005               0.000               0.000         26732321.245   1.00000 
  1234.650          66.144    740.216      37.041      35.761           283903.385               0.000               0.000         27016224.629   1.00000 
  1235.650          65.984    661.587      37.018      35.736           284964.223               0.000               0.000         27301188.852   1.00000 
  1236.650          65.823    618.815      37.002      35.717           286014.558               0.000               0.000         27587203.411   1.00000 
  1237.650          65.659    590.012      36.986      35.699           287054.745               0.000               0.000         27874258.156   1.00000 
  1238.650          65.494    568.881      36.971      35.682           288083.509               0.000               0.000         28162341.664   1.00000 
  1239.650          65.328    552.380      36.956      35.665           289099.453               0.000               0.000         28451441.117   1.00000 
  1240.650          65.159    538.889      36.941      35.648           290101.971               0.000               0.000         28741543.088   1.00000 
  1241.650          64.989    527.522      36.926      35.631           291089.580               0.000               0.000         29032632.669   1.00000 
  1242.650          64.817    524.871      36.915      35.618           292060.694               0.000               0.000         29324693.362   1.00000 
  1243.650          64.643   1272.569      36.871      35.569           293014.713               0.000               0.000         29617708.075   1.00000 
  1244.650          64.467    747.106      36.815      35.505           293948.463               0.000               0.000         29911656.538   1.00000 
  1245.650          64.289    665.726      36.795      35.483           294858.901               0.000               0.000         30206515.439   1.00000 
  1246.650          64.109    622.561      36.782      35.468           295746.834               0.000               0.000         30502262.273   1.00000 
  1247.650          63.928    593.863      36.770      35.454           296611.601               0.000               0.000         30798873.874   1.00000 
  1248.650          63.744    572.944      36.758      35.441           297451.724               0.000               0.000         31096325.599   1.00000 
  1249.650          63.559    556.725      36.747      35.428           298265.636               0.000               0.000         31394591.234   1.00000 
  1250.650          63.371    543.552      36.735      35.415           299051.659               0.000               0.000         31693642.893   1.00000 
  1251.650          63.181    532.476      36.724      35.402           299807.847               0.000               0.000         31993450.741   1.00000 
  1252.650          62.990    522.940      36.713      35.389           300532.386               0.000               0.000         32293983.127   1.00000 
  1253.650          62.796    514.581      36.701      35.376           301223.648               0.000               0.000         32595206.775   1.00000 
  1254.650          62.600    514.322      36.683      35.356           301879.566               0.000               0.000         32897086.341   1.00000 
  1255.650          62.402   1289.482      36.638      35.305           302497.663               0.000               0.000         33199584.003   1.00000 
  1256.650          62.202    747.385      36.580      35.239           303073.534               0.000               0.000         33502657.537   1.00000 
  1257.650          62.000    665.263      36.559      35.216           303603.501               0.000               0.000         33806261.038   1.00000 
  1258.650          61.796    621.959      36.546      35.200           304088.268               0.000               0.000         34110349.307   1.00000 
  1259.650          61.589    593.394      36.533      35.186           304526.381               0.000               0.000         34414875.688   1.00000 
  1260.650          61.380    572.712      36.520      35.172           304915.822               0.000               0.000         34719791.510   1.00000 
  1261.650          61.169    556.795      36.508      35.158           305254.003               0.000               0.000         35025045.513   1.00000 
  1262.650          60.956    543.879      36.496      35.144           305538.443               0.000               0.000         35330583.956   1.00000 
  1263.650          60.740    533.061      36.484      35.131           305766.783               0.000               0.000         35636350.739   1.00000 
  1264.650          60.522    523.767      36.472      35.117           305936.387               0.000               0.000         35942287.126   1.00000 
  1265.650          60.302    515.630      36.460      35.104           306044.720               0.000               0.000         36248331.846   1.00000 
  1266.650          60.080    514.966      36.449      35.091           306089.036               0.000               0.000         36554420.882   1.00000 
  1267.650          59.855   1300.735      36.404      35.041           306066.396               0.000               0.000         36860487.278   1.00000 
  1268.650          59.627    747.956      36.343      34.972           305970.519               0.000               0.000         37166457.797   1.00000 
  1269.650          59.398    666.613      36.325      34.951           305796.210               0.000               0.000         37472254.006   1.00000 
  1270.650          59.166    623.652      36.312      34.937           305544.695               0.000               0.000         37777798.702   1.00000 
  1271.650          58.931    595.339      36.300      34.924           305213.816               0.000               0.000         38083012.518   1.00000 
  1272.650          58.694    574.877      36.289      34.911           304801.396               0.000               0.000         38387813.914   1.00000 
  1273.650          58.455    559.131      36.278      34.899           304304.232               0.000               0.000         38692118.145   1.00000 
  1274.650          58.213    546.400      36.267      34.886           303719.103               0.000               0.000         38995837.248   1.00000 
  1275.650          57.969    535.757      36.256      34.874           303043.518               0.000               0.000         39298880.767   1.00000 
  1276.650          57.722    526.631      36.245      34.862           302273.593               0.000               0.000         39601154.359   1.00000 
  1277.650          57.472    518.654      36.234      34.849           301407.246               0.000               0.000         39902561.605   1.00000 
  1278.650          57.220    511.575      36.224      34.837           300440.634               0.000               0.000         40203002.240   1.00000 
  1279.650          56.966    511.488      36.213      34.825           299371.570               0.000               0.000         40502373.810   1.00000 
  1280.650          56.709   1287.563      36.171      34.779           298196.304               0.000               0.000         40800570.114   1.00000 
  1281.650          56.450    747.952      36.114      34.714           296908.363               0.000               0.000         41097478.477   1.00000 
  1282.650          56.188    666.664      36.095      34.692           295501.257               0.000               0.000         41392979.734   1.00000 
  1283.650          55.923    624.193      36.082      34.678           293977.672               0.000               0.000         41686957.406   1.00000 
  1284.650          55.656    596.312      36.071      34.665           292337.046               0.000               0.000         41979294.452   1.00000 
  1285.650          55.386    576.215      36.059      34.653           290576.903               0.000               0.000         42269871.355   1.00000 
  1286.650          55.114    560.788      36.049      34.640           288695.210               0.000               0.000         42558566.565   1.00000 
  1287.650          54.839    548.345      36.038      34.628           286690.057               0.000               0.000         42845256.622   1.00000 
  1288.650          54.561    537.967      36.027      34.616           284559.411               0.000               0.000         43129816.032   1.00000 
  1289.650          54.281    529.087      36.016      34.604           282301.093               0.000               0.000         43412117.126   1.00000 
  1290.650          53.999    521.340      36.006      34.592           279913.664               0.000               0.000         43692030.790   1.00000 
  1291.650          53.714    514.480      35.995      34.580           277395.693               0.000               0.000         43969426.483   1.00000 
  1292.650          53.426    514.562      35.982      34.566           274745.976               0.000               0.000         44244172.459   1.00000 
  1293.650          53.136   1227.714      35.937      34.515           271963.248               0.000               0.000         44516135.707   1.00000 
  1294.650          52.843    739.989      35.888      34.460           269040.868               0.000               0.000         44785176.576   1.00000 
  1295.650          52.548    660.437      35.864      34.434           265976.840               0.000               0.000         45051153.416   1.00000 
  1296.650          52.250    619.255      35.848      34.415           262775.968               0.000               0.000         45313929.383   1.00000 
  1297.650          51.950    592.340      35.832      34.397           259441.012               0.000               0.000         45573370.396   1.00000 
  1298.650          51.648    572.967      35.817      34.380           255973.329               0.000               0.000         45829343.724   1.00000 
  1299.650          51.342    558.026      35.802      34.363           252414.814               0.000               0.000         46081758.539   1.00000 
  1300.650          51.035    545.895      35.787      34.347           249067.636               0.000               0.000         46330826.174   1.00000 
  1301.650          50.725    535.720      35.772      34.330           245570.998               0.000               0.000         46576397.172   1.00000 
  1302.650          50.413    534.300      35.761      34.317           241925.446               0.000               0.000         46818322.619   1.00000 
  1303.650          50.099   1145.281      35.702      34.252           238132.592               0.000               0.000         47056455.211   1.00000 
  1304.650          49.782    723.164      35.658      34.203           234180.981               0.000               0.000         47290636.192   1.00000 
  1305.650          49.463    649.802      35.629      34.170           230081.095               0.000               0.000         47520717.287   1.00000 
  1306.650          49.142    611.647      35.606      34.144           225836.575               0.000               0.000         47746553.862   1.00000 
  1307.650          48.819    586.837      35.583      34.119           221453.302               0.000               0.000         47968007.164   1.00000 
  1308.650          48.494    568.721      35.562      34.095           216936.503               0.000               0.000         48184943.667   1.00000 
  1309.650          48.167    563.977      35.542      34.072           212291.763               0.000               0.000         48397235.430   1.00000 
  1310.650          47.838   1061.249      35.477      34.000           207525.600               0.000               0.000         48604761.031   1.00000 
  1311.650          47.507    816.527      35.455      33.976           202635.147               0.000               0.000         48807396.178   1.00000 
  1312.650          47.175    712.972      35.434      33.952           197769.210               0.000               0.000         49005165.388   1.00000 
  1313.650          46.841    718.053      35.424      33.940           192981.179               0.000               0.000         49198146.567   1.00000 
  1314.650          46.505    735.847      35.414      33.930           188071.973               0.000               0.000         49386218.540   1.00000 
  1315.650          46.168    739.895      35.405      33.919           183049.589               0.000               0.000         49569268.128   1.00000 
  1316.650          45.830    737.628      35.394      33.907           177922.737               0.000               0.000         49747190.865   1.00000 
  1317.650          45.490    734.930      35.384      33.896           172700.293               0.000               0.000         49919891.158   1.00000 
  1318.650          45.149    733.137      35.373      33.884           167392.314               0.000               0.000         50087283.472   1.00000 
  1319.650          44.807    731.704      35.363      33.872           162010.037               0.000               0.000         50249293.509   1.00000 
  1320.650          44.464    730.205      35.353      33.861           156564.501               0.000               0.000         50405858.010   1.00000 
  1321.650          44.121    728.531      35.343      33.850           151068.161               0.000               0.000         50556926.171   1.00000 
  1322.650          43.776    726.671      35.333      33.839           145533.235               0.000               0.000         50702459.406   1.00000 
  1323.650          43.432    724.586      35.323      33.828           139973.165               0.000               0.000         50842432.571   1.00000 
  1324.650          43.086    722.208      35.314      33.818           134401.541               0.000               0.000         50976834.112   1.00000 
  1325.650          42.741    719.533      35.304      33.807           128832.465               0.000               0.000         51105666.577   1.00000 
  1326.650          42.395    716.518      35.295      33.797           123282.684               0.000               0.000         51228949.261   1.00000 
  1327.650          42.049    713.161      35.287      33.788           117767.168               0.000               0.000         51346716.429   1.00000 
  1328.650          41.704    709.449      35.278      33.778           112300.365               0.000               0.000         51459016.794   1.00000 
  1329.650          41.359    705.363      35.270      33.769           106895.853               0.000               0.000         51565912.647   1.00000 
  1330.650          41.014    700.913      35.262      33.760           101567.691               0.000               0.000         51667480.338   1.00000 
  1331.650          40.669    696.122      35.254      33.751            96328.722               0.000               0.000         51763809.060   1.00000 
  1332.650          40.325    691.008      35.247      33.743            91191.883               0.000               0.000         51855000.943   1.00000 
  1333.650          39.982    671.698      35.233      33.728            86168.985               0.000               0.000         51941169.927   1.00000 
  1334.650          39.640    830.651      35.221      33.715            81270.167               0.000               0.000         52022440.094   1.00000 
  1335.650          39.299    814.120      35.208      33.700            76506.182               0.000               0.000         52098946.276   1.00000 
  1336.650          38.959    767.569      35.190      33.680            71886.155               0.000               0.000         52170832.431   1.00000 
  1337.650          38.620    753.364      35.176      33.665            67418.029               0.000               0.000         52238250.460   1.00000 
  1338.650          38.282    757.882      35.165      33.652            63109.442               0.000               0.000         52301359.903   1.00000 
  1339.650          37.946    759.126      35.154      33.640            58967.035               0.000               0.000         52360326.937   1.00000 
  1340.650          37.612    756.122      35.143      33.628            54995.848               0.000               0.000         52415322.785   1.00000 
  1341.650          37.279    752.110      35.134      33.617            51199.458               0.000               0.000         52466522.243   1.00000 
  1342.650          36.948    747.888      35.125      33.607            47580.420               0.000               0.000         52514102.663   1.00000 
  1343.650          36.619    743.171      35.116      33.598            44140.055               0.000               0.000         52558242.718   1.00000 
  1344.650          36.291    737.799      35.108      33.589            40878.423               0.000               0.000         52599121.141   1.00000 
  1345.650          35.966    731.798      35.101      33.581            37794.580               0.000               0.000         52636915.721   1.00000 
  1346.650          35.643    725.260      35.094      33.573            34886.605               0.000               0.000         52671802.327   1.00000 
  1347.650          35.322    718.286      35.088      33.566            32151.530               0.000               0.000         52703953.856   1.00000 
  1348.650          35.003    711.105      35.082      33.559            29585.585               0.000               0.000         52733539.441   1.00000 
  1349.650          34.686    703.787      35.076      33.553            27184.273               0.000               0.000         52760723.714   1.00000 
  1350.650          34.372    696.178      35.071      33.547            24942.440               0.000               0.000         52785666.154   1.00000 
  1351.650          34.060    688.394      35.066      33.542            22854.257               0.000               0.000         52808520.411   1.00000 
  1352.650          33.750    680.511      35.062      33.537            20912.887               0.000               0.000         52829433.298   1.00000 
  1353.650          33.442    672.580      35.058      33.533            19111.926               0.000               0.000         52848545.223   1.00000 
  1354.650          33.137    664.638      35.054      33.528            17444.893               0.000               0.000         52865990.116   1.00000 
  1355.650          32.835    656.719      35.050      33.524            15905.093               0.000               0.000         52881895.209   1.00000 
  1356.650          32.535    648.885      35.047      33.521            14485.706               0.000               0.000         52896380.915   1.00000 
  1357.650          32.237    641.126      35.044      33.517            13179.865               0.000               0.000         52909560.781   1.00000 
  1358.650          31.941    633.439      35.041      33.514            11972.730               0.000               0.000         52921533.511   1.00000 
  1359.650          31.648    625.861      35.038      33.511            10864.745               0.000               0.000         52932398.256   1.00000 
  1360.650          31.358    618.449      35.036      33.508             9854.237               0.000               0.000         52942252.492   1.00000 
  1361.650          31.069    611.206      35.033      33.505             8933.899               0.000               0.000         52951186.391   1.00000 
  1362.650          30.783    604.149      35.031      33.503             8096.736               0.000               0.000         52959283.127   1.00000 
  1363.650          30.500    597.309      35.029      33.501             7336.111               0.000               0.000         52966619.238   1.00000 
  1364.650          30.218    590.685      35.027      33.498             6645.762               0.000               0.000         52973265.000   1.00000 
  1365.650          29.938    584.281      35.025      33.496             6019.802               0.000               0.000         52979284.802   1.00000 
  1366.650          29.661    578.110      35.023      33.494             5452.728               0.000               0.000         52984737.531   1.00000 
  1367.650          29.386    572.163      35.021      33.492             4939.419               0.000               0.000         52989676.949   1.00000 
  1368.650          29.112    566.445      35.020      33.490             4475.107               0.000               0.000         52994152.056   1.00000 
  1369.650          28.841    560.948      35.018      33.489             4055.383               0.000               0.000         52998207.439   1.00000 
  1370.650          28.571    555.672      35.017      33.487             3676.177               0.000               0.000         53001883.617   1.00000 
  1371.650          28.303    550.609      35.015      33.485             3333.746               0.000               0.000         53005217.363   1.00000 
  1372.650          28.037    545.755      35.014      33.483             3024.643               0.000               0.000         53008242.006   1.00000 
  1373.650          27.773    541.101      35.012      33.482             2745.718               0.000               0.000         53010987.724   1.00000 
  1374.650          27.511    536.642      35.011      33.480             2494.093               0.000               0.000         53013481.816   1.00000 
  1375.650          27.250    532.368      35.009      33.479             2267.134               0.000               0.000         53015748.950   1.00000 
  1376.650          26.991    528.273      35.008      33.477             2062.452               0.000               0.000         53017811.402   1.00000 
  1377.650          26.734    524.347      35.007      33.476             1877.869               0.000               0.000         53019689.270   1.00000 
  1378.650          26.478    520.584      35.005      33.474             1711.410               0.000               0.000         53021400.681   1.00000 
  1379.650          26.224    516.976      35.004      33.473             1561.288               0.000               0.000         53022961.969   1.00000 
  1380.650          25.971    513.513      35.003      33.472             1425.878               0.000               0.000         53024387.846   1.00000 
  1381.650          25.720    510.190      35.002      33.470             1303.718               0.000               0.000         53025691.564   1.00000 
  1382.650          25.470    506.998      35.001      33.469             1193.480               0.000               0.000         53026885.044   1.00000 
  1383.650          25.222    503.930      34.999      33.468             1093.975               0.000               0.000         53027979.019   1.00000 
  1384.650          24.975    500.981      34.998      33.466             1004.118               0.000               0.000         53028983.137   1.00000 
  1385.650          24.729    498.143      34.997      33.465              922.945               0.000               0.000         53029906.082   1.00000 
  1386.650          24.486    495.410      34.996      33.464              849.578               0.000               0.000         53030755.661   1.00000 
  1387.650          24.243    492.776      34.995      33.463              783.234               0.000               0.000         53031538.895   1.00000 
  1388.650          24.002    490.237      34.994      33.462              723.204               0.000               0.000         53032262.099   1.00000 
  1389.650          23.763    487.786      34.993      33.460              668.851               0.000               0.000         53032930.949   1.00000 
  1390.650          23.525    485.419      34.992      33.459              619.604               0.000               0.000         53033550.553   1.00000 
  1391.650          23.288    483.132      34.991      33.458              574.945               0.000               0.000         53034125.499   1.00000 
  1392.650          23.053    480.919      34.990      33.457              534.415               0.000               0.000         53034659.913   1.00000 
  1393.650          22.819    478.778      34.989      33.456              497.595               0.000               0.000         53035157.508   1.00000 
  1394.650          22.587    476.703      34.988      33.455              464.112               0.000               0.000         53035621.620   1.00000 
  1395.650          22.357    474.693      34.987      33.453              433.630               0.000               0.000         53036055.251   1.00000 
  1396.650          22.128    472.742      34.986      33.452              405.849               0.000               0.000         53036461.100   1.00000 
  1397.650          21.900    470.848      34.985      33.451              380.496               0.000               0.000         53036841.596   1.00000 
  1397.850          21.855    470.472      34.984      33.451              373.326               0.000               0.000         53036916.261   1.00000 
  1398.030          21.814    470.139      34.984      33.451              369.058               0.000               0.000         53036982.691   1.00000 
  1398.198          21.776    469.831      34.984      33.451              365.161               0.000               0.000         53037043.941   1.00000 
  1398.421          21.726    469.423      34.984      33.450              360.263               0.000               0.000         53037124.428   1.00000 
  1398.487          21.711    469.303      34.984      33.450              358.351               0.000               0.000         53037148.057   1.00000 
  1398.520          21.704    469.242      34.984      33.450              357.520               0.000               0.000         53037159.985   1.00000 
  1398.541          21.699    469.205      34.984      33.450              357.030               0.000               0.000         53037167.304   1.00000 
  1398.578          21.691    469.012      34.984      33.450              178.519               0.000               0.000         53037173.915   1.00000 
  1398.615          21.682    468.818      34.984      33.450              178.443               0.000               0.000         53037180.523   1.00000 
  1398.782          21.645    468.390      34.984      33.450              178.916               0.000               0.000         53037210.338   1.00000 
  1399.532          21.474    466.817      34.983      33.449              181.004               0.000               0.000         53037346.071   1.00000 
  1400.532          21.244    464.919      34.982      33.448              183.858               0.000               0.000         53037529.930   1.00000 
  1401.532          21.010    463.141      34.981      33.448              186.601               0.000               0.000         53037716.531   1.00000 
  1402.532          20.773    461.446      34.980      33.447              189.098               0.000               0.000         53037905.629   1.00000 
  1403.532          20.533    459.816      34.980      33.446              191.312               0.000               0.000         53038096.941   1.00000 
  1404.532          20.291    458.243      34.979      33.445              193.203               0.000               0.000         53038290.144   1.00000 
  1405.532          20.046    456.719      34.978      33.444              194.734               0.000               0.000         53038484.879   1.00000 
  1406.532          19.800    459.936      34.970      33.435              195.797               0.000               0.000         53038680.676   1.00000 
  1407.532          19.553    458.732      34.970      33.435              196.450               0.000               0.000         53038877.126   1.00000 
  1408.532          19.304    457.418      34.970      33.435              196.687               0.000               0.000         53039073.813   1.00000 
  1409.532          19.055    456.102      34.969      33.434              196.495               0.000               0.000         53039270.308   1.00000 
  1410.532          18.805    454.800      34.969      33.434              195.865               0.000               0.000         53039466.173   1.00000 
  1411.532          18.555    453.517      34.969      33.434              194.793               0.000               0.000         53039660.966   1.00000 
  1412.532          18.305    452.255      34.969      33.434              193.284               0.000               0.000         53039854.249   1.00000 
  1413.532          18.056    451.013      34.969      33.433              191.346               0.000               0.000         53040045.595   1.00000 
  1414.532          17.807    449.792      34.968      33.433              188.996               0.000               0.000         53040234.592   1.00000 
  1415.532          17.559    448.590      34.968      33.433              186.255               0.000               0.000         53040420.847   1.00000 
  1416.532          17.313    447.407      34.968      33.433              183.149               0.000               0.000         53040603.996   1.00000 
  1417.532          17.068    446.242      34.968      33.433              179.706               0.000               0.000         53040783.702   1.00000 
  1418.532          16.825    445.094      34.968      33.432              175.961               0.000               0.000         53040959.663   1.00000 
  1419.532          16.583    443.962      34.967      33.432              171.950               0.000               0.000         53041131.614   1.00000 
  1420.532          16.344    442.847      34.967      33.432              167.710               0.000               0.000         53041299.323   1.00000 
  1421.532          16.107    441.746      34.967      33.432              163.278               0.000               0.000         53041462.601   1.00000 
  1422.532          15.872    440.661      34.967      33.432              158.694               0.000               0.000         53041621.295   1.00000 
  1423.532          15.640    439.591      34.967      33.431              153.994               0.000               0.000         53041775.289   1.00000 
  1424.532          15.410    438.535      34.967      33.431              149.215               0.000               0.000         53041924.504   1.00000 
  1425.532          15.183    437.492      34.966      33.431              144.391               0.000               0.000         53042068.895   1.00000 
  1426.532          14.959    436.464      34.966      33.431              139.554               0.000               0.000         53042208.449   1.00000 
  1427.532          14.738    435.449      34.966      33.431              134.733               0.000               0.000         53042343.181   1.00000 
  1428.532          14.520    434.447      34.966      33.430              129.954               0.000               0.000         53042473.135   1.00000 
  1429.532          14.305    433.458      34.966      33.430              125.241               0.000               0.000         53042598.376   1.00000 
  1430.532          14.093    432.483      34.966      33.430              120.615               0.000               0.000         53042718.991   1.00000 
  1431.532          13.884    431.520      34.965      33.430              116.091               0.000               0.000         53042835.082   1.00000 
  1432.532          13.678    430.570      34.965      33.430              111.685               0.000               0.000         53042946.767   1.00000 
  1433.532          13.475    429.633      34.965      33.429              107.408               0.000               0.000         53043054.175   1.00000 
  1434.532          13.276    428.708      34.965      33.429              103.268               0.000               0.000         53043157.443   1.00000 
  1435.532          13.079    427.796      34.965      33.429               99.271               0.000               0.000         53043256.714   1.00000 
  1436.532          12.885    426.895      34.965      33.429               95.422               0.000               0.000         53043352.136   1.00000 
  1437.532          12.694    426.007      34.964      33.429               91.723               0.000               0.000         53043443.859   1.00000 
  1438.532          12.506    425.131      34.964      33.429               88.175               0.000               0.000         53043532.034   1.00000 
  1439.532          12.322    424.266      34.964      33.428               84.777               0.000               0.000         53043616.812   1.00000 
  1440.532          12.139    423.414      34.964      33.428               81.528               0.000               0.000         53043698.340   1.00000 
  1441.532          11.960    422.572      34.964      33.428               78.425               0.000               0.000         53043776.764   1.00000 
  1442.532          11.783    421.742      34.964      33.428               75.463               0.000               0.000         53043852.228   1.00000 
  1443.532          11.610    420.923      34.963      33.428               72.640               0.000               0.000         53043924.868   1.00000 
  1444.532          11.438    420.114      34.963      33.428               69.951               0.000               0.000         53043994.819   1.00000 
  1445.532          11.270    419.317      34.963      33.427               67.390               0.000               0.000         53044062.208   1.00000 
  1446.532          11.103    418.530      34.963      33.427               64.952               0.000               0.000         53044127.161   1.00000 
  1447.532          10.940    417.756      34.963      33.427               62.584               0.000               0.000         53044189.744   1.00000 
  1448.532          10.778    416.998      34.963      33.427               60.288               0.000               0.000         53044250.033   1.00000 
  1449.532          10.619    416.254      34.963      33.427               58.163               0.000               0.000         53044308.196   1.00000 
  1450.532          10.462    415.523      34.962      33.427               56.191               0.000               0.000         53044364.388   1.00000 
  1451.532          10.307    414.804      34.962      33.426               54.357               0.000               0.000         53044418.745   1.00000 
  1452.532          10.154    414.096      34.962      33.426               52.647               0.000               0.000         53044471.392   1.00000 
  1453.532          10.003    413.400      34.962      33.426               51.048               0.000               0.000         53044522.440   1.00000 
  1454.532           9.854    412.715      34.962      33.426               49.550               0.000               0.000         53044571.990   1.00000 
  1455.532           9.707    412.040      34.962      33.426               48.144               0.000               0.000         53044620.135   1.00000 
  1456.532           9.561    411.375      34.962      33.426               46.821               0.000               0.000         53044666.955   1.00000 
  1457.532           9.417    410.721      34.961      33.426               45.573               0.000               0.000         53044712.528   1.00000 
  1458.532           9.275    410.076      34.961      33.425               44.394               0.000               0.000         53044756.921   1.00000 
  1459.532           9.134    409.441      34.961      33.425               43.277               0.000               0.000         53044800.198   1.00000 
  1460.532           8.994    408.815      34.961      33.425               42.218               0.000               0.000         53044842.417   1.00000 
  1461.532           8.856    408.199      34.961      33.425               41.212               0.000               0.000         53044883.629   1.00000 
  1462.532           8.719    407.591      34.961      33.425               40.255               0.000               0.000         53044923.884   1.00000 
  1463.532           8.584    406.991      34.961      33.425               39.343               0.000               0.000         53044963.227   1.00000 
  1464.532           8.450    406.400      34.961      33.425               38.471               0.000               0.000         53045001.698   1.00000 
  1465.532           8.317    405.818      34.960      33.424               37.639               0.000               0.000         53045039.337   1.00000 
  1466.532           8.185    405.243      34.960      33.424               36.842               0.000               0.000         53045076.179   1.00000 
  1467.532           8.055    404.676      34.960      33.424               36.078               0.000               0.000         53045112.256   1.00000 
  1468.532           7.926    404.117      34.960      33.424               35.344               0.000               0.000         53045147.601   1.00000 
  1469.532           7.798    403.566      34.960      33.424               34.640               0.000               0.000         53045182.241   1.00000 
  1470.532           7.671    403.022      34.960      33.424               33.963               0.000               0.000         53045216.204   1.00000 
  1471.532           7.545    402.485      34.960      33.424               33.311               0.000               0.000         53045249.515   1.00000 
  1472.532           7.420    401.955      34.960      33.424               32.683               0.000               0.000         53045282.198   1.00000 
  1473.532           7.297    401.432      34.960      33.423               32.077               0.000               0.000         53045314.275   1.00000 
  1474.532           7.174    400.916      34.959      33.423               31.493               0.000               0.000         53045345.768   1.00000 
  1475.532           7.052    400.407      34.959      33.423               30.928               0.000               0.000         53045376.696   1.00000 
  1476.532           6.931    399.905      34.959      33.423               30.382               0.000               0.000         53045407.078   1.00000 
  1477.532           6.811    399.408      34.959      33.423               29.854               0.000               0.000         53045436.932   1.00000 
  1478.532           6.692    398.919      34.959      33.423               29.343               0.000               0.000         53045466.275   1.00000 
  1479.532           6.574    398.435      34.959      33.423               28.848               0.000               0.000         53045495.123   1.00000 
  1480.532           6.457    397.958      34.959      33.423               28.369               0.000               0.000         53045523.492   1.00000 
  1481.532           6.341    397.486      34.959      33.422               27.903               0.000               0.000         53045551.395   1.00000 
  1482.532           6.226    397.021      34.959      33.422               27.452               0.000               0.000         53045578.848   1.00000 
  1483.532           6.111    396.561      34.958      33.422               27.014               0.000               0.000         53045605.862   1.00000 
  1484.532           5.997    396.107      34.958      33.422               26.589               0.000               0.000         53045632.451   1.00000 
  1485.532           5.884    395.658      34.958      33.422               26.176               0.000               0.000         53045658.627   1.00000 
  1486.532           5.772    395.216      34.958      33.422               25.774               0.000               0.000         53045684.402   1.00000 
  1487.532           5.661    394.778      34.958      33.422               25.384               0.000               0.000         53045709.786   1.00000 
  1488.532           5.550    394.346      34.958      33.422               25.004               0.000               0.000         53045734.790   1.00000 
  1489.532           5.440    393.919      34.958      33.421               24.634               0.000               0.000         53045759.424   1.00000 
  1490.532           5.331    393.498      34.958      33.421               24.274               0.000               0.000         53045783.699   1.00000 
  1491.532           5.223    393.081      34.958      33.421               23.924               0.000               0.000         53045807.622   1.00000 
  1492.532           5.115    392.669      34.957      33.421               23.582               0.000               0.000         53045831.205   1.00000 
  1493.532           5.008    392.263      34.957      33.421               23.250               0.000               0.000         53045854.454   1.00000 
  1494.532           4.902    391.861      34.957      33.421               22.925               0.000               0.000         53045877.380   1.00000 
  1495.532           4.796    391.464      34.957      33.421               22.609               0.000               0.000         53045899.988   1.00000 
  1496.532           4.691    391.072      34.957      33.421               22.300               0.000               0.000         53045922.289   1.00000 
  1497.532           4.587    390.684      34.957      33.421               21.999               0.000               0.000         53045944.288   1.00000 
  1498.532           4.483    390.301      34.957      33.420               21.705               0.000               0.000         53045965.993   1.00000 
  1499.532           4.380    389.923      34.957      33.420               21.418               0.000               0.000         53045987.411   1.00000 
  1500.532           4.278    389.549      34.957      33.420               21.138               0.000               0.000         53046008.549   1.00000 
  1501.532           4.176    389.179      34.957      33.420               20.865               0.000               0.000         53046029.414   1.00000 
  1502.532           4.074    388.814      34.956      33.420               20.597               0.000               0.000         53046050.011   1.00000 
  1503.532           3.974    388.453      34.956      33.420               20.336               0.000               0.000         53046070.347   1.00000 
  1504.532           3.874    388.096      34.956      33.420               20.081               0.000               0.000         53046090.428   1.00000 
  1505.532           3.774    387.743      34.956      33.420               19.831               0.000               0.000         53046110.260   1.00000 
  1506.532           3.675    387.395      34.956      33.419               19.587               0.000               0.000         53046129.847   1.00000 
  1507.532           3.577    387.050      34.956      33.419               19.348               0.000               0.000         53046149.195   1.00000 
  1508.532           3.479    386.710      34.956      33.419               19.115               0.000               0.000         53046168.310   1.00000 
  1509.532           3.382    386.373      34.956      33.419               18.886               0.000               0.000         53046187.197   1.00000 
  1510.532           3.285    386.040      34.956      33.419               18.663               0.000               0.000         53046205.859   1.00000 
  1511.532           3.189    385.711      34.956      33.419               18.444               0.000               0.000         53046224.303   1.00000 
  1512.532           3.093    385.386      34.955      33.419               18.229               0.000               0.000         53046242.532   1.00000 
  1513.532           2.998    385.065      34.955      33.419               18.019               0.000               0.000         53046260.551   1.00000 
  1514.532           2.903    384.747      34.955      33.419               17.813               0.000               0.000         53046278.365   1.00000 
  1515.532           2.809    384.433      34.955      33.419               17.612               0.000               0.000         53046295.977   1.00000 
  1516.532           2.715    384.123      34.955      33.418               17.414               0.000               0.000         53046313.391   1.00000 
  1517.532           2.622    383.816      34.955      33.418               17.221               0.000               0.000         53046330.612   1.00000 
  1518.532           2.529    383.512      34.955      33.418               17.031               0.000               0.000         53046347.643   1.00000 
  1519.532           2.437    383.212      34.955      33.418               16.845               0.000               0.000         53046364.488   1.00000 
  1520.532           2.345    382.916      34.955      33.418               16.662               0.000               0.000         53046381.150   1.00000 
  1521.532           2.254    382.623      34.955      33.418               16.483               0.000               0.000         53046397.633   1.00000 
  1522.532           2.163    382.333      34.954      33.418               16.308               0.000               0.000         53046413.941   1.00000 
  1523.532           2.072    382.047      34.954      33.418               16.135               0.000               0.000         53046430.076   1.00000 
  1524.532           1.982    381.763      34.954      33.418               15.966               0.000               0.000         53046446.042   1.00000 
  1525.532           1.892    381.484      34.954      33.417               15.800               0.000               0.000         53046461.842   1.00000 
  1526.532           1.803    381.207      34.954      33.417               15.637               0.000               0.000         53046477.479   1.00000 
  1527.532           1.715    380.933      34.954      33.417               15.477               0.000               0.000         53046492.955   1.00000 
  1528.532           1.626    380.663      34.954      33.417               15.320               0.000               0.000         53046508.275   1.00000 
  1529.532           1.538    380.395      34.954      33.417               15.165               0.000               0.000         53046523.441   1.00000 
  1530.532           1.451    380.131      34.954      33.417               15.014               0.000               0.000         53046538.454   1.00000 
  1531.532           1.364    379.869      34.954      33.417               14.865               0.000               0.000         53046553.319   1.00000 
  1532.532           1.277    379.611      34.954      33.417               14.718               0.000               0.000         53046568.038   1.00000 
  1533.532           1.191    379.355      34.953      33.417               14.575               0.000               0.000         53046582.612   1.00000 
  1534.532           1.105    379.103      34.953      33.417               14.433               0.000               0.000         53046597.045   1.00000 
  1535.532           1.019    378.853      34.953      33.416               14.294               0.000               0.000         53046611.340   1.00000 
  1536.532           0.934    378.606      34.953      33.416               14.158               0.000               0.000         53046625.497   1.00000 
  1537.532           0.849    378.362      34.953      33.416               14.023               0.000               0.000         53046639.520   1.00000 
  1538.532           0.765    378.121      34.953      33.416               13.891               0.000               0.000         53046653.412   1.00000 
  1539.532           0.681    377.883      34.953      33.416               13.761               0.000               0.000         53046667.173   1.00000 
  1540.532           0.597    377.647      34.953      33.416               13.633               0.000               0.000         53046680.806   1.00000 
  1541.532           0.514    377.414      34.953      33.416               13.508               0.000               0.000         53046694.314   1.00000 
  1542.532           0.431    377.184      34.953      33.416               13.384               0.000               0.000         53046707.698   1.00000 
  1543.532           0.349    376.956      34.953      33.416               13.262               0.000               0.000         53046720.960   1.00000 
  1544.532           0.266    376.731      34.953      33.416               13.143               0.000               0.000         53046734.103   1.00000 
  1545.532           0.185    376.508      34.952      33.415               13.025               0.000               0.000         53046747.127   1.00000 
  1546.532           0.103    376.288      34.952      33.415               12.909               0.000               0.000         53046760.036   1.00000 
  1547.532           0.022    376.071      34.952      33.415               12.794               0.000               0.000         53046772.830   1.00000 
  1548.532           0.000    375.850      34.952      33.415               12.656               0.000               0.000         53046785.486   1.00000 
