#_______________________________________________________________________________
#    ######   ####     ##             #####   #####     ##    #    #    ##
#    #       #        #  #            #    #  #    #   #  #   ##  ##   #  #
#    #####    ####   ######           #    #  #####   ######  # ## #  ######
#    #            #  #    #           #    #  #    #  #    #  #    #  #    #
#____######__#####___#____#___________#####___#____#__#____#__#____#__#____#____
#
#              ESA Debris Risk Assessment and Mitigation Analysis
#
#                      ---- DRAMA ( SESAM 2.1.5 ) ----
#                                      ESA 2018 
#
#                              trajectory history file
#-------------------------------------------------------------------------------
# Filename      : PySara.Gyrosbl.43089cf7-03c5-4130-a53f-e1761f4b1c62_Trajectory.txt
# RunID         : PySara
# ObjectID      : 43089cf7-03c5-4130-a53f-e1761f4b1c62
# ObjectName    : Gyrosbl
# Content       : This file contains the trajectory state data of the object,
#                 computed by the DRAMA 3 Re-entry Analysis.
# Documentation : DRAMA Software User Manual, section OPERATIONS MANUAL / Normal operation / SARA / SARA Simulation Output / Re-entry simulation output
#
#--------------------------------------------------------------------------------------------------------------------------------------------------------------------------------------------
#  Time [s]  Altitude [km]  Lat [deg]  Lon [deg]  Velocity [km/s]   Downrange [km]       Drag       Lift       Side    Knudsen       Mach  Flight Path [deg]  Heading [deg]  Density [kg/m^2]
#--------------------------------------------------------------------------------------------------------------------------------------------------------------------------------------------
  1264.100         101.199      2.847     24.799            7.296         9123.066      3.902      0.000      0.000    1.06571   24.18672           -0.52001       79.79198         6.801e-07 
  1264.200         101.192      2.849     24.806            7.296         9123.785      3.902      0.000      0.000    1.06495   24.18492           -0.52017       79.79234         6.806e-07 
  1264.650         101.162      2.854     24.834            7.296         9127.017      3.902      0.000      0.000    1.06144   24.17657           -0.52092       79.79396         6.829e-07 
  1265.650         101.096      2.865     24.898            7.295         9134.199      3.903      0.000      0.000    1.05341   24.15750           -0.52261       79.79758         6.882e-07 
  1266.650         101.029      2.877     24.961            7.294         9141.381      3.903      0.000      0.000    1.04484   24.13713           -0.52431       79.80121         6.939e-07 
  1267.650         100.962      2.888     25.025            7.293         9148.562      3.903      0.000      0.000    1.03630   24.11690           -0.52602       79.80485         6.998e-07 
  1268.650         100.895      2.900     25.088            7.292         9155.742      3.903      0.000      0.000    1.02780   24.09680           -0.52776       79.80851         7.057e-07 
  1269.650         100.828      2.911     25.152            7.291         9162.921      3.903      0.000      0.000    1.01934   24.07685           -0.52951       79.81219         7.116e-07 
  1270.650         100.760      2.923     25.215            7.290         9170.099      3.903      0.000      0.000    1.01092   24.05706           -0.53128       79.81587         7.177e-07 
  1271.650         100.693      2.934     25.279            7.289         9177.277      3.903      0.000      0.000    1.00254   24.03743           -0.53307       79.81958         7.238e-07 
  1272.650         100.625      2.946     25.343            7.288         9184.454      3.903      0.000      0.000    0.99419   24.01798           -0.53488       79.82329         7.300e-07 
  1273.650         100.557      2.957     25.406            7.287         9191.630      3.903      0.000      0.000    0.98588   23.99871           -0.53670       79.82702         7.363e-07 
  1274.650         100.488      2.969     25.470            7.287         9198.805      3.903      0.000      0.000    0.97760   23.97964           -0.53855       79.83077         7.426e-07 
  1275.650         100.420      2.980     25.533            7.286         9205.979      3.903      0.000      0.000    0.96936   23.96078           -0.54041       79.83453         7.490e-07 
  1276.650         100.351      2.991     25.597            7.285         9213.152      3.903      0.000      0.000    0.96115   23.94213           -0.54229       79.83830         7.556e-07 
  1277.650         100.282      3.003     25.660            7.284         9220.325      3.903      0.000      0.000    0.95297   23.92370           -0.54420       79.84209         7.622e-07 
  1278.650         100.213      3.014     25.724            7.283         9227.496      3.903      0.000      0.000    0.94481   23.90551           -0.54612       79.84589         7.689e-07 
  1279.650         100.143      3.026     25.787            7.282         9234.667      3.903      0.000      0.000    0.93669   23.88757           -0.54806       79.84970         7.757e-07 
  1280.650         100.073      3.037     25.850            7.281         9241.837      3.902      0.000      0.000    0.92860   23.86989           -0.55002       79.85353         7.825e-07 
  1281.650         100.003      3.049     25.914            7.280         9249.006      3.902      0.000      0.000    0.92054   23.85248           -0.55200       79.85738         7.895e-07 
  1282.650          99.933      3.060     25.977            7.279         9256.174      3.901      0.000      0.000    0.91250   23.83536           -0.55400       79.86123         7.966e-07 
  1283.650          99.862      3.071     26.041            7.278         9263.341      3.901      0.000      0.000    0.90448   23.81852           -0.55602       79.86510         8.038e-07 
  1284.650          99.792      3.083     26.104            7.277         9270.507      3.900      0.000      0.000    0.89650   23.80196           -0.55806       79.86899         8.111e-07 
  1285.650          99.721      3.094     26.168            7.276         9277.672      3.899      0.000      0.000    0.88854   23.78569           -0.56012       79.87289         8.185e-07 
  1286.650          99.649      3.106     26.231            7.275         9284.836      3.899      0.000      0.000    0.88061   23.76971           -0.56220       79.87681         8.260e-07 
  1287.650          99.578      3.117     26.295            7.274         9291.999      3.898      0.000      0.000    0.87270   23.75403           -0.56431       79.88073         8.336e-07 
  1288.650          99.506      3.128     26.358            7.272         9299.162      3.897      0.000      0.000    0.86482   23.73863           -0.56643       79.88468         8.413e-07 
  1289.650          99.434      3.140     26.421            7.271         9306.323      3.896      0.000      0.000    0.85696   23.72352           -0.56857       79.88863         8.492e-07 
  1290.650          99.362      3.151     26.485            7.270         9313.483      3.895      0.000      0.000    0.84914   23.70871           -0.57074       79.89260         8.571e-07 
  1291.650          99.289      3.162     26.548            7.269         9320.643      3.894      0.000      0.000    0.84133   23.69419           -0.57293       79.89659         8.652e-07 
  1292.650          99.217      3.174     26.612            7.268         9327.801      3.893      0.000      0.000    0.83356   23.67996           -0.57514       79.90059         8.734e-07 
  1293.650          99.143      3.185     26.675            7.267         9334.958      3.892      0.000      0.000    0.82581   23.66603           -0.57737       79.90460         8.818e-07 
  1294.650          99.070      3.196     26.738            7.266         9342.115      3.890      0.000      0.000    0.81808   23.65240           -0.57963       79.90862         8.902e-07 
  1295.650          98.996      3.208     26.802            7.265         9349.270      3.889      0.000      0.000    0.81038   23.63906           -0.58191       79.91266         8.988e-07 
  1296.650          98.922      3.219     26.865            7.264         9356.424      3.887      0.000      0.000    0.80271   23.62602           -0.58421       79.91672         9.076e-07 
  1297.650          98.848      3.230     26.929            7.262         9363.577      3.886      0.000      0.000    0.79507   23.61328           -0.58653       79.92079         9.165e-07 
  1298.650          98.774      3.242     26.992            7.261         9370.729      3.884      0.000      0.000    0.78745   23.60084           -0.58888       79.92487         9.255e-07 
  1299.650          98.699      3.253     27.055            7.260         9377.880      3.883      0.000      0.000    0.77985   23.58870           -0.59124       79.92897         9.346e-07 
  1300.650          98.624      3.264     27.119            7.259         9385.030      3.881      0.000      0.000    0.77229   23.57687           -0.59364       79.93308         9.439e-07 
  1301.650          98.549      3.276     27.182            7.258         9392.179      3.879      0.000      0.000    0.76475   23.56533           -0.59605       79.93720         9.534e-07 
  1302.650          98.473      3.287     27.245            7.257         9399.327      3.877      0.000      0.000    0.75723   23.55409           -0.59850       79.94134         9.630e-07 
  1303.650          98.397      3.298     27.308            7.255         9406.474      3.875      0.000      0.000    0.74974   23.54316           -0.60096       79.94549         9.728e-07 
  1304.650          98.321      3.309     27.372            7.254         9413.619      3.873      0.000      0.000    0.74228   23.53254           -0.60345       79.94966         9.827e-07 
  1305.650          98.244      3.321     27.435            7.253         9420.763      3.871      0.000      0.000    0.73485   23.52221           -0.60597       79.95383         9.928e-07 
  1306.650          98.167      3.332     27.498            7.252         9427.907      3.868      0.000      0.000    0.72744   23.51219           -0.60850       79.95803         1.003e-06 
  1307.650          98.090      3.343     27.562            7.250         9435.049      3.866      0.000      0.000    0.72006   23.50248           -0.61107       79.96224         1.014e-06 
  1308.650          98.013      3.354     27.625            7.249         9442.189      3.863      0.000      0.000    0.71271   23.49307           -0.61366       79.96646         1.024e-06 
  1309.650          97.935      3.366     27.688            7.248         9449.329      3.861      0.000      0.000    0.70538   23.48397           -0.61628       79.97069         1.035e-06 
  1310.650          97.857      3.377     27.751            7.246         9456.468      3.858      0.000      0.000    0.69808   23.47517           -0.61892       79.97494         1.046e-06 
  1311.650          97.778      3.388     27.815            7.245         9463.605      3.855      0.000      0.000    0.69081   23.46669           -0.62159       79.97920         1.057e-06 
  1312.650          97.700      3.399     27.878            7.244         9470.741      3.853      0.000      0.000    0.68357   23.45850           -0.62428       79.98348         1.068e-06 
  1313.650          97.621      3.411     27.941            7.242         9477.876      3.850      0.000      0.000    0.67635   23.45063           -0.62700       79.98777         1.080e-06 
  1314.650          97.541      3.422     28.004            7.241         9485.009      3.846      0.000      0.000    0.66917   23.44306           -0.62975       79.99207         1.092e-06 
  1315.650          97.461      3.433     28.067            7.240         9492.141      3.843      0.000      0.000    0.66201   23.43580           -0.63252       79.99639         1.104e-06 
  1316.650          97.381      3.444     28.131            7.238         9499.272      3.840      0.000      0.000    0.65488   23.42885           -0.63533       80.00072         1.116e-06 
  1317.650          97.301      3.455     28.194            7.237         9506.402      3.837      0.000      0.000    0.64777   23.42221           -0.63816       80.00506         1.128e-06 
  1318.650          97.220      3.467     28.257            7.235         9513.530      3.833      0.000      0.000    0.64070   23.41587           -0.64102       80.00942         1.141e-06 
  1319.650          97.139      3.478     28.320            7.234         9520.658      3.829      0.000      0.000    0.63366   23.40984           -0.64390       80.01379         1.154e-06 
  1320.650          97.057      3.489     28.383            7.233         9527.783      3.826      0.000      0.000    0.62664   23.40412           -0.64682       80.01818         1.167e-06 
  1321.650          96.976      3.500     28.446            7.231         9534.908      3.822      0.000      0.000    0.61966   23.39870           -0.64977       80.02258         1.180e-06 
  1322.650          96.893      3.511     28.510            7.230         9542.031      3.818      0.000      0.000    0.61270   23.39359           -0.65274       80.02699         1.194e-06 
  1323.650          96.811      3.522     28.573            7.228         9549.152      3.814      0.000      0.000    0.60577   23.38879           -0.65574       80.03142         1.208e-06 
  1324.650          96.728      3.534     28.636            7.227         9556.273      3.810      0.000      0.000    0.59888   23.38429           -0.65878       80.03586         1.222e-06 
  1325.650          96.645      3.545     28.699            7.225         9563.391      3.805      0.000      0.000    0.59201   23.38010           -0.66184       80.04031         1.236e-06 
  1326.650          96.561      3.556     28.762            7.224         9570.509      3.801      0.000      0.000    0.58518   23.37622           -0.66494       80.04478         1.251e-06 
  1327.650          96.477      3.567     28.825            7.222         9577.625      3.796      0.000      0.000    0.57838   23.37263           -0.66806       80.04926         1.266e-06 
  1328.650          96.393      3.578     28.888            7.220         9584.739      3.792      0.000      0.000    0.57160   23.36936           -0.67122       80.05375         1.281e-06 
  1329.650          96.308      3.589     28.951            7.219         9591.852      3.787      0.000      0.000    0.56486   23.36638           -0.67441       80.05826         1.296e-06 
  1330.650          96.223      3.600     29.014            7.217         9598.964      3.782      0.000      0.000    0.55815   23.36371           -0.67763       80.06278         1.312e-06 
  1331.650          96.137      3.611     29.077            7.216         9606.074      3.777      0.000      0.000    0.55148   23.36134           -0.68088       80.06731         1.328e-06 
  1332.650          96.051      3.622     29.140            7.214         9613.183      3.771      0.000      0.000    0.54483   23.35926           -0.68416       80.07186         1.345e-06 
  1333.650          95.965      3.634     29.203            7.212         9620.290      3.766      0.000      0.000    0.53822   23.35749           -0.68748       80.07642         1.361e-06 
  1334.650          95.878      3.645     29.266            7.211         9627.395      3.761      0.000      0.000    0.53164   23.35601           -0.69083       80.08099         1.378e-06 
  1335.650          95.791      3.656     29.329            7.209         9634.499      3.755      0.000      0.000    0.52509   23.35483           -0.69422       80.08558         1.396e-06 
  1336.650          95.703      3.667     29.392            7.207         9641.601      3.749      0.000      0.000    0.51858   23.35395           -0.69764       80.09017         1.413e-06 
  1337.650          95.615      3.678     29.455            7.206         9648.702      3.743      0.000      0.000    0.51210   23.35336           -0.70109       80.09479         1.432e-06 
  1338.650          95.527      3.689     29.518            7.204         9655.801      3.737      0.000      0.000    0.50566   23.35306           -0.70458       80.09941         1.450e-06 
  1339.650          95.438      3.700     29.581            7.202         9662.898      3.731      0.000      0.000    0.49925   23.35305           -0.70810       80.10405         1.469e-06 
  1340.650          95.349      3.711     29.644            7.200         9669.994      3.725      0.000      0.000    0.49287   23.35333           -0.71166       80.10870         1.488e-06 
  1341.650          95.259      3.722     29.707            7.198         9677.088      3.718      0.000      0.000    0.48653   23.35389           -0.71525       80.11337         1.508e-06 
  1342.650          95.169      3.733     29.770            7.197         9684.181      3.711      0.000      0.000    0.48023   23.35474           -0.71889       80.11805         1.528e-06 
  1343.650          95.079      3.744     29.832            7.195         9691.271      3.705      0.000      0.000    0.47396   23.35588           -0.72255       80.12274         1.548e-06 
  1344.650          94.988      3.755     29.895            7.193         9698.360      3.698      0.000      0.000    0.46772   23.35729           -0.72626       80.12744         1.569e-06 
  1345.650          94.897      3.766     29.958            7.191         9705.447      3.690      0.000      0.000    0.46152   23.35898           -0.73000       80.13216         1.590e-06 
  1346.650          94.805      3.777     30.021            7.189         9712.533      3.683      0.000      0.000    0.45536   23.36095           -0.73378       80.13689         1.612e-06 
  1347.650          94.712      3.788     30.084            7.187         9719.616      3.676      0.000      0.000    0.44924   23.36318           -0.73760       80.14163         1.634e-06 
  1348.650          94.620      3.799     30.147            7.185         9726.698      3.668      0.000      0.000    0.44315   23.36568           -0.74146       80.14638         1.657e-06 
  1349.650          94.526      3.810     30.209            7.183         9733.778      3.660      0.000      0.000    0.43710   23.36845           -0.74536       80.15115         1.680e-06 
  1350.650          94.433      3.821     30.272            7.181         9740.856      3.652      0.000      0.000    0.43109   23.37147           -0.74930       80.15593         1.704e-06 
  1351.650          94.339      3.832     30.335            7.179         9747.932      3.644      0.000      0.000    0.42512   23.37475           -0.75327       80.16072         1.728e-06 
  1352.650          94.244      3.842     30.398            7.177         9755.006      3.636      0.000      0.000    0.41919   23.37827           -0.75729       80.16553         1.752e-06 
  1353.650          94.149      3.853     30.460            7.175         9762.078      3.627      0.000      0.000    0.41329   23.38204           -0.76135       80.17035         1.778e-06 
  1354.650          94.053      3.864     30.523            7.173         9769.149      3.619      0.000      0.000    0.40743   23.38604           -0.76546       80.17518         1.804e-06 
  1355.650          93.957      3.875     30.586            7.171         9776.217      3.610      0.000      0.000    0.40162   23.39028           -0.76960       80.18002         1.830e-06 
  1356.650          93.861      3.886     30.649            7.169         9783.283      3.601      0.000      0.000    0.39584   23.39475           -0.77379       80.18487         1.857e-06 
  1357.650          93.764      3.897     30.711            7.166         9790.347      3.592      0.000      0.000    0.39011   23.39944           -0.77802       80.18974         1.884e-06 
  1358.650          93.666      3.908     30.774            7.164         9797.410      3.583      0.000      0.000    0.38441   23.40435           -0.78229       80.19462         1.913e-06 
  1359.650          93.568      3.919     30.836            7.162         9804.470      3.573      0.000      0.000    0.37876   23.40946           -0.78661       80.19951         1.941e-06 
  1360.650          93.469      3.930     30.899            7.160         9811.528      3.563      0.000      0.000    0.37314   23.41479           -0.79098       80.20441         1.971e-06 
  1361.650          93.370      3.940     30.962            7.157         9818.583      3.554      0.000      0.000    0.36757   23.42030           -0.79539       80.20933         2.001e-06 
  1362.650          93.271      3.951     31.024            7.155         9825.637      3.543      0.000      0.000    0.36204   23.42601           -0.79985       80.21426         2.032e-06 
  1363.650          93.171      3.962     31.087            7.153         9832.689      3.533      0.000      0.000    0.35655   23.43190           -0.80435       80.21920         2.063e-06 
  1364.650          93.070      3.973     31.149            7.150         9839.738      3.523      0.000      0.000    0.35111   23.43797           -0.80890       80.22415         2.095e-06 
  1365.650          92.969      3.984     31.212            7.148         9846.785      3.512      0.000      0.000    0.34570   23.44421           -0.81350       80.22911         2.128e-06 
  1366.650          92.867      3.995     31.274            7.146         9853.829      3.501      0.000      0.000    0.34034   23.45060           -0.81814       80.23409         2.162e-06 
  1367.650          92.765      4.005     31.337            7.143         9860.872      3.490      0.000      0.000    0.33503   23.45715           -0.82284       80.23907         2.197e-06 
  1368.650          92.662      4.016     31.399            7.141         9867.912      3.479      0.000      0.000    0.32976   23.46385           -0.82759       80.24407         2.232e-06 
  1369.650          92.558      4.027     31.462            7.138         9874.949      3.468      0.000      0.000    0.32453   23.47068           -0.83238       80.24908         2.268e-06 
  1370.650          92.454      4.038     31.524            7.136         9881.985      3.456      0.000      0.000    0.31934   23.47763           -0.83723       80.25411         2.305e-06 
  1371.650          92.350      4.048     31.587            7.133         9889.018      3.444      0.000      0.000    0.31420   23.48471           -0.84213       80.25914         2.343e-06 
  1372.650          92.245      4.059     31.649            7.130         9896.048      3.433      0.000      0.000    0.30911   23.49189           -0.84708       80.26418         2.382e-06 
  1373.650          92.139      4.070     31.711            7.128         9903.076      3.420      0.000      0.000    0.30406   23.49917           -0.85209       80.26924         2.422e-06 
  1374.650          92.033      4.081     31.774            7.125         9910.101      3.408      0.000      0.000    0.29905   23.50654           -0.85715       80.27431         2.463e-06 
  1375.650          91.926      4.091     31.836            7.122         9917.124      3.396      0.000      0.000    0.29410   23.51398           -0.86226       80.27939         2.505e-06 
  1376.650          91.818      4.102     31.898            7.119         9924.144      3.383      0.000      0.000    0.28918   23.52149           -0.86743       80.28448         2.548e-06 
  1377.650          91.710      4.113     31.961            7.117         9931.162      3.370      0.000      0.000    0.28432   23.52906           -0.87265       80.28958         2.591e-06 
  1378.650          91.602      4.124     32.023            7.114         9938.176      3.357      0.000      0.000    0.27950   23.53667           -0.87793       80.29469         2.636e-06 
  1379.650          91.492      4.134     32.085            7.111         9945.189      3.344      0.000      0.000    0.27472   23.54432           -0.88327       80.29982         2.682e-06 
  1380.650          91.382      4.145     32.147            7.108         9952.198      3.330      0.000      0.000    0.27000   23.55198           -0.88867       80.30496         2.730e-06 
  1381.650          91.272      4.156     32.210            7.105         9959.205      3.316      0.000      0.000    0.26532   23.55965           -0.89413       80.31010         2.778e-06 
  1382.650          91.161      4.166     32.272            7.102         9966.208      3.303      0.000      0.000    0.26069   23.56731           -0.89964       80.31526         2.828e-06 
  1383.650          91.049      4.177     32.334            7.099         9973.209      3.288      0.000      0.000    0.25610   23.57496           -0.90522       80.32043         2.879e-06 
  1384.650          90.936      4.187     32.396            7.096         9980.208      3.274      0.000      0.000    0.25157   23.58257           -0.91086       80.32561         2.931e-06 
  1385.650          90.823      4.198     32.458            7.093         9987.203      3.260      0.000      0.000    0.24708   23.59013           -0.91656       80.33080         2.984e-06 
  1386.650          90.709      4.209     32.520            7.090         9994.195      3.245      0.000      0.000    0.24264   23.59764           -0.92232       80.33600         3.039e-06 
  1387.650          90.595      4.219     32.582            7.087        10001.184      3.230      0.000      0.000    0.23824   23.60506           -0.92815       80.34122         3.095e-06 
  1388.650          90.480      4.230     32.644            7.083        10008.170      3.215      0.000      0.000    0.23390   23.61239           -0.93404       80.34644         3.153e-06 
  1389.650          90.364      4.240     32.706            7.080        10015.153      3.200      0.000      0.000    0.22960   23.61961           -0.94000       80.35168         3.212e-06 
  1390.650          90.247      4.251     32.768            7.077        10022.133      3.185      0.000      0.000    0.22536   23.62671           -0.94602       80.35692         3.273e-06 
  1391.650          90.130      4.262     32.830            7.073        10029.110      3.169      0.000      0.000    0.22116   23.63367           -0.95212       80.36218         3.336e-06 
  1392.650          90.012      4.272     32.892            7.070        10036.083      3.154      0.000      0.000    0.21701   23.64046           -0.95828       80.36745         3.400e-06 
  1393.650          89.894      4.283     32.954            7.067        10043.053      3.138      0.000      0.000    0.21291   23.64707           -0.96451       80.37273         3.465e-06 
  1394.650          89.774      4.293     33.016            7.063        10050.020      3.122      0.000      0.000    0.20886   23.65350           -0.97081       80.37802         3.533e-06 
  1395.650          89.654      4.304     33.078            7.060        10056.984      3.106      0.000      0.000    0.20486   23.65974           -0.97718       80.38332         3.602e-06 
  1396.650          89.534      4.314     33.140            7.056        10063.944      3.089      0.000      0.000    0.20091   23.66577           -0.98363       80.38863         3.673e-06 
  1397.650          89.412      4.325     33.201            7.052        10070.901      3.073      0.000      0.000    0.19701   23.67160           -0.99015       80.39396         3.746e-06 
  1398.650          89.290      4.335     33.263            7.049        10077.854      3.056      0.000      0.000    0.19315   23.67722           -0.99674       80.39929         3.821e-06 
  1399.650          89.167      4.346     33.325            7.045        10084.803      3.039      0.000      0.000    0.18934   23.68261           -1.00341       80.40464         3.898e-06 
  1400.650          89.043      4.356     33.386            7.041        10091.749      3.022      0.000      0.000    0.18559   23.68778           -1.01016       80.40999         3.978e-06 
  1401.650          88.919      4.367     33.448            7.037        10098.692      3.005      0.000      0.000    0.18188   23.69271           -1.01698       80.41536         4.059e-06 
  1402.650          88.793      4.377     33.510            7.033        10105.630      2.988      0.000      0.000    0.17822   23.69740           -1.02388       80.42074         4.143e-06 
  1403.650          88.667      4.388     33.571            7.029        10112.565      2.970      0.000      0.000    0.17460   23.70185           -1.03087       80.42613         4.229e-06 
  1404.650          88.540      4.398     33.633            7.025        10119.496      2.953      0.000      0.000    0.17104   23.70603           -1.03793       80.43153         4.317e-06 
  1405.650          88.413      4.408     33.694            7.021        10126.423      2.935      0.000      0.000    0.16752   23.70996           -1.04508       80.43694         4.408e-06 
  1406.650          88.284      4.419     33.756            7.017        10133.346      2.917      0.000      0.000    0.16405   23.71360           -1.05231       80.44237         4.501e-06 
  1407.650          88.155      4.429     33.817            7.013        10140.266      2.899      0.000      0.000    0.16063   23.71697           -1.05962       80.44780         4.598e-06 
  1408.650          88.025      4.440     33.879            7.009        10147.181      2.881      0.000      0.000    0.15725   23.72005           -1.06702       80.45325         4.696e-06 
  1409.650          87.894      4.450     33.940            7.004        10154.092      2.863      0.000      0.000    0.15392   23.72283           -1.07451       80.45870         4.798e-06 
  1410.650          87.762      4.460     34.002            7.000        10160.999      2.845      0.000      0.000    0.15064   23.72530           -1.08209       80.46417         4.903e-06 
  1411.650          87.630      4.471     34.063            6.996        10167.902      2.826      0.000      0.000    0.14741   23.72745           -1.08976       80.46965         5.011e-06 
  1412.650          87.496      4.481     34.124            6.991        10174.800      2.808      0.000      0.000    0.14422   23.72928           -1.09752       80.47514         5.122e-06 
  1413.650          87.362      4.491     34.185            6.986        10181.694      2.789      0.000      0.000    0.14108   23.73077           -1.10537       80.48064         5.236e-06 
  1414.650          87.227      4.501     34.247            6.982        10188.584      2.771      0.000      0.000    0.13798   23.73188           -1.11332       80.48615         5.354e-06 
  1415.650          87.090      4.512     34.308            6.977        10195.469      2.752      0.000      0.000    0.13493   23.73220           -1.12136       80.49167         5.475e-06 
  1416.650          86.953      4.522     34.369            6.972        10202.349      2.733      0.000      0.000    0.13193   23.73162           -1.12950       80.49721         5.600e-06 
  1417.650          86.816      4.532     34.430            6.967        10209.224      2.714      0.000      0.000    0.12897   23.73006           -1.13775       80.50275         5.729e-06 
  1418.650          86.677      4.543     34.491            6.961        10216.094      2.695      0.000      0.000    0.12606   23.72745           -1.14612       80.50831         5.861e-06 
  1419.650          86.537      4.553     34.552            6.955        10222.959      2.676      0.000      0.000    0.12319   23.72368           -1.15460       80.51388         5.998e-06 
  1420.650          86.397      4.563     34.613            6.949        10229.817      2.657      0.000      0.000    0.12037   23.71864           -1.16320       80.51946         6.139e-06 
  1421.650          86.255      4.573     34.674            6.942        10236.670      2.638      0.000      0.000    0.11759   23.71223           -1.17194       80.52505         6.284e-06 
  1422.650          86.113      4.583     34.735            6.935        10243.516      2.618      0.000      0.000    0.11485   23.70430           -1.18081       80.53066         6.434e-06 
  1423.650          85.969      4.594     34.796            6.928        10250.355      2.599      0.000      0.000    0.11217   23.69469           -1.18983       80.53627         6.588e-06 
  1424.650          85.825      4.604     34.856            6.920        10257.186      2.580      0.000      0.000    0.10952   23.68320           -1.19901       80.54190         6.748e-06 
  1425.650          85.680      4.614     34.917            6.911        10264.010      2.561      0.000      0.000    0.10692   23.66962           -1.20836       80.54753         6.912e-06 
  1426.650          85.533      4.624     34.978            6.902        10270.825      2.541      0.000      0.000    0.10436   23.65367           -1.21788       80.55318         7.082e-06 
  1427.650          85.386      4.634     35.038            6.893        10277.630      2.522      0.000      0.000    0.10185   23.63505           -1.22760       80.55884         7.256e-06 
  1428.650          85.238      4.644     35.098            6.882        10284.426      2.503      0.000      0.000    0.09938   23.61334           -1.23753       80.56450         7.437e-06 
  1429.650          85.089      4.654     35.159            6.870        10291.211      2.484      0.000      0.000    0.09695   23.58808           -1.24769       80.57018         7.623e-06 
  1430.650          84.939      4.664     35.219            6.857        10297.984      2.465      0.000      0.000    0.09457   23.55863           -1.25809       80.57587         7.816e-06 
  1431.650          84.788      4.674     35.279            6.843        10304.744      2.446      0.000      0.000    0.09223   23.52422           -1.26878       80.58157         8.014e-06 
  1432.650          84.636      4.684     35.339            6.827        10311.489      2.427      0.000      0.000    0.08993   23.48378           -1.27977       80.58728         8.219e-06 
  1433.650          84.483      4.694     35.399            6.809        10318.217      2.408      0.000      0.000    0.08767   23.43590           -1.29112       80.59299         8.431e-06 
  1434.650          84.329      4.704     35.459            6.789        10324.927      2.389      0.000      0.000    0.08546   23.37857           -1.30286       80.59872         8.650e-06 
  1435.650          84.174      4.714     35.518            6.764        10331.614      2.370      0.000      0.000    0.08329   23.30878           -1.31507       80.60445         8.876e-06 
  1436.650          84.018      4.724     35.577            6.735        10338.275      2.352      0.000      0.000    0.08116   23.22185           -1.32783       80.61020         9.109e-06 
  1437.650          83.862      4.734     35.636            6.698        10344.903      2.333      0.000      0.000    0.07907   23.10974           -1.34128       80.61596         9.349e-06 
  1438.650          83.705      4.743     35.695            6.649        10351.489      2.315      0.000      0.000    0.07703   22.95701           -1.35562       80.62173         9.597e-06 
  1439.650          83.548      4.753     35.753            6.576        10358.015      2.297      0.000      0.000    0.07504   22.72752           -1.37123       80.62755         9.852e-06 
  1440.650          83.391      4.762     35.810            6.441        10364.438      2.280      0.000      0.000    0.07310   22.29742           -1.38900       80.63350         1.011e-05 
  1441.440          83.273      4.769     35.852            5.812        10369.206      2.269      0.000      0.000    0.07162   20.32466           -1.40924       80.63979         1.032e-05 
