#_______________________________________________________________________________
#    ######   ####     ##             #####   #####     ##    #    #    ## 
#    #       #        #  #            #    #  #    #   #  #   ##  ##   #  #
#    #####    ####   ######           #    #  #####   ######  # ## #  ######
#    #            #  #    #           #    #  #    #  #    #  #    #  #    #
#____######__#####___#____#___________#####___#____#__#____#__#____#__#____#____
#
#              ESA Debris Risk Assessment and Mitigation Analysis
#
#                      ---- DRAMA ( SESAM 2.1.5 ) ----
#                                      ESA 2018
#
#                              aerothermal history file
#-------------------------------------------------------------------------------
# Filename      : PySara.Battery4.5650f82c-a8f5-4122-9599-3bc5b665f544_AeroThermalHistory.txt
# RunID         : PySara
# ObjectID      : 5650f82c-a8f5-4122-9599-3bc5b665f544
# ObjectName    : Battery4
# ReferenceArea : 0.006413 [m^2]
# Content       : This file contains the aerothermal data of the object,
#                 computed by the DRAMA 3 Re-entry Analysis.
# Documentation : DRAMA Software User Manual, section OPERATIONS MANUAL / Normal operation / SARA / SARA Simulation Output / Re-entry simulation output
# Note          : The convective heat and the integrated heat values in this file take into account the visibility factor
#
#-------------------------------------------------------------------------------------------------------------------------------------------------------------------
#  Time [s]  Altitude [km]   Temp [K]   Mass [kg]   Thick [mm]  Convective Heat [W]  Radiative Heat [W]  Oxidation Heat [W]  Integrated Heat [J] VisibilityFactor [-]
#-------------------------------------------------------------------------------------------------------------------------------------------------------------------
  1264.100         101.199    300.000       0.243       2.647              502.927               0.000               0.000                0.000   1.00000 
  1264.200         101.192    300.233       0.243       2.647              503.257               0.000               0.000               50.326   1.00000 
  1264.650         101.162    301.285       0.243       2.647              504.794               0.000               0.000              277.483   1.00000 
  1265.650         101.096    303.639       0.243       2.647              508.367               0.000               0.000              785.851   1.00000 
  1266.650         101.029    306.007       0.243       2.647              512.279               0.000               0.000             1298.130   1.00000 
  1267.650         100.962    308.390       0.243       2.647              516.271               0.000               0.000             1814.401   1.00000 
  1268.650         100.895    310.789       0.243       2.647              520.344               0.000               0.000             2334.745   1.00000 
  1269.650         100.828    313.203       0.243       2.647              524.500               0.000               0.000             2859.245   1.00000 
  1270.650         100.760    315.634       0.243       2.647              528.742               0.000               0.000             3387.987   1.00000 
  1271.650         100.693    318.081       0.243       2.647              533.071               0.000               0.000             3921.058   1.00000 
  1272.650         100.625    320.544       0.243       2.647              537.490               0.000               0.000             4458.548   1.00000 
  1273.650         100.557    323.025       0.243       2.647              542.001               0.000               0.000             5000.549   1.00000 
  1274.650         100.488    325.523       0.243       2.647              546.605               0.000               0.000             5547.154   1.00000 
  1275.650         100.420    328.039       0.243       2.647              551.306               0.000               0.000             6098.460   1.00000 
  1276.650         100.351    330.572       0.243       2.647              556.106               0.000               0.000             6654.566   1.00000 
  1277.650         100.282    333.125       0.243       2.647              561.007               0.000               0.000             7215.574   1.00000 
  1278.650         100.213    335.696       0.243       2.647              566.013               0.000               0.000             7781.586   1.00000 
  1279.650         100.143    338.286       0.243       2.647              571.125               0.000               0.000             8352.711   1.00000 
  1280.650         100.074    340.896       0.243       2.647              576.346               0.000               0.000             8929.057   1.00000 
  1281.650         100.004    343.526       0.243       2.647              581.680               0.000               0.000             9510.737   1.00000 
  1282.650          99.934    346.176       0.243       2.647              587.129               0.000               0.000            10097.866   1.00000 
  1283.650          99.863    348.847       0.243       2.647              592.697               0.000               0.000            10690.563   1.00000 
  1284.650          99.793    351.539       0.243       2.647              598.385               0.000               0.000            11288.948   1.00000 
  1285.650          99.722    354.253       0.243       2.647              604.196               0.000               0.000            11893.144   1.00000 
  1286.650          99.651    356.989       0.243       2.647              610.134               0.000               0.000            12503.278   1.00000 
  1287.650          99.580    359.747       0.243       2.647              616.200               0.000               0.000            13119.477   1.00000 
  1288.650          99.508    362.526       0.243       2.647              622.397               0.000               0.000            13741.874   1.00000 
  1289.650          99.437    365.329       0.243       2.647              628.729               0.000               0.000            14370.604   1.00000 
  1290.650          99.365    368.154       0.243       2.647              635.198               0.000               0.000            15005.802   1.00000 
  1291.650          99.293    371.003       0.243       2.647              641.808               0.000               0.000            15647.610   1.00000 
  1292.650          99.220    373.876       0.243       2.647              648.561               0.000               0.000            16296.170   1.00000 
  1293.650          99.148    376.773       0.243       2.647              655.460               0.000               0.000            16951.631   1.00000 
  1294.650          99.075    379.695       0.243       2.647              662.509               0.000               0.000            17614.140   1.00000 
  1295.650          99.002    382.641       0.243       2.647              669.711               0.000               0.000            18283.850   1.00000 
  1296.650          98.929    385.612       0.243       2.647              677.069               0.000               0.000            18960.919   1.00000 
  1297.650          98.855    388.608       0.243       2.647              684.586               0.000               0.000            19645.506   1.00000 
  1298.650          98.781    391.631       0.243       2.647              692.267               0.000               0.000            20337.773   1.00000 
  1299.650          98.707    394.680       0.243       2.647              700.114               0.000               0.000            21037.887   1.00000 
  1300.650          98.633    397.755       0.243       2.647              708.131               0.000               0.000            21746.018   1.00000 
  1301.650          98.559    400.858       0.243       2.647              716.322               0.000               0.000            22462.340   1.00000 
  1302.650          98.484    403.988       0.243       2.647              724.690               0.000               0.000            23187.030   1.00000 
  1303.650          98.409    407.147       0.243       2.647              733.240               0.000               0.000            23920.270   1.00000 
  1304.650          98.334    410.334       0.243       2.647              741.975               0.000               0.000            24662.245   1.00000 
  1305.650          98.259    413.550       0.243       2.647              750.899               0.000               0.000            25413.144   1.00000 
  1306.650          98.183    416.796       0.243       2.647              760.016               0.000               0.000            26173.160   1.00000 
  1307.650          98.107    420.074       0.243       2.647              769.330               0.000               0.000            26942.490   1.00000 
  1308.650          98.031    423.383       0.243       2.647              778.846               0.000               0.000            27721.337   1.00000 
  1309.650          97.955    426.725       0.243       2.647              788.568               0.000               0.000            28509.905   1.00000 
  1310.650          97.879    430.101       0.243       2.647              798.500               0.000               0.000            29308.404   1.00000 
  1311.650          97.802    433.510       0.243       2.647              808.646               0.000               0.000            30117.051   1.00000 
  1312.650          97.725    436.953       0.243       2.647              819.012               0.000               0.000            30936.062   1.00000 
  1313.650          97.647    440.427       0.243       2.647              829.601               0.000               0.000            31765.663   1.00000 
  1314.650          97.570    443.932       0.243       2.647              840.418               0.000               0.000            32606.081   1.00000 
  1315.650          97.492    447.468       0.243       2.647              851.469               0.000               0.000            33457.550   1.00000 
  1316.650          97.414    451.038       0.243       2.647              862.758               0.000               0.000            34320.307   1.00000 
  1317.650          97.336    454.640       0.243       2.647              874.289               0.000               0.000            35194.597   1.00000 
  1318.650          97.257    458.270       0.243       2.647              886.069               0.000               0.000            36080.666   1.00000 
  1319.650          97.179    461.921       0.243       2.647              898.103               0.000               0.000            36978.769   1.00000 
  1320.650          97.100    465.593       0.243       2.647              910.394               0.000               0.000            37889.163   1.00000 
  1321.650          97.020    469.288       0.243       2.647              922.950               0.000               0.000            38812.112   1.00000 
  1322.650          96.941    473.006       0.243       2.647              935.774               0.000               0.000            39747.887   1.00000 
  1323.650          96.861    476.746       0.243       2.647              948.874               0.000               0.000            40696.761   1.00000 
  1324.650          96.781    480.491       0.243       2.647              962.254               0.000               0.000            41659.015   1.00000 
  1325.650          96.701    484.239       0.243       2.647              975.920               0.000               0.000            42634.935   1.00000 
  1326.650          96.620    487.994       0.243       2.647              989.878               0.000               0.000            43624.814   1.00000 
  1327.650          96.539    491.754       0.243       2.647             1004.135               0.000               0.000            44628.948   1.00000 
  1328.650          96.458    495.521       0.243       2.647             1018.695               0.000               0.000            45647.643   1.00000 
  1329.650          96.377    499.309       0.243       2.647             1033.565               0.000               0.000            46681.208   1.00000 
  1330.650          96.296    503.123       0.243       2.647             1048.751               0.000               0.000            47729.959   1.00000 
  1331.650          96.214    506.965       0.243       2.647             1064.261               0.000               0.000            48794.220   1.00000 
  1332.650          96.132    510.835       0.243       2.647             1080.099               0.000               0.000            49874.319   1.00000 
  1333.650          96.049    514.733       0.243       2.647             1096.273               0.000               0.000            50970.592   1.00000 
  1334.650          95.967    518.679       0.243       2.647             1112.789               0.000               0.000            52083.382   1.00000 
  1335.650          95.884    522.697       0.243       2.647             1129.655               0.000               0.000            53213.036   1.00000 
  1336.650          95.801    526.789       0.243       2.647             1146.876               0.000               0.000            54359.913   1.00000 
  1337.650          95.718    530.958       0.243       2.647             1164.461               0.000               0.000            55524.374   1.00000 
  1338.650          95.634    535.204       0.243       2.647             1182.415               0.000               0.000            56706.789   1.00000 
  1339.650          95.550    539.536       0.243       2.647             1200.747               0.000               0.000            57907.536   1.00000 
  1340.650          95.466    543.963       0.243       2.647             1219.463               0.000               0.000            59126.999   1.00000 
  1341.650          95.381    548.487       0.243       2.647             1238.571               0.000               0.000            60365.570   1.00000 
  1342.650          95.297    553.111       0.243       2.647             1258.079               0.000               0.000            61623.650   1.00000 
  1343.650          95.212    557.839       0.243       2.647             1277.994               0.000               0.000            62901.644   1.00000 
  1344.650          95.126    562.644       0.243       2.647             1298.324               0.000               0.000            64199.968   1.00000 
  1345.650          95.041    567.528       0.243       2.647             1319.077               0.000               0.000            65519.045   1.00000 
  1346.650          94.955    572.492       0.243       2.647             1340.260               0.000               0.000            66859.305   1.00000 
  1347.650          94.869    577.538       0.243       2.647             1361.883               0.000               0.000            68221.188   1.00000 
  1348.650          94.783    582.619       0.243       2.647             1383.952               0.000               0.000            69605.140   1.00000 
  1349.650          94.696    587.730       0.243       2.647             1406.476               0.000               0.000            71011.616   1.00000 
  1350.650          94.609    592.872       0.243       2.647             1429.463               0.000               0.000            72441.079   1.00000 
  1351.650          94.522    598.045       0.243       2.647             1452.922               0.000               0.000            73894.001   1.00000 
  1352.650          94.434    603.245       0.243       2.647             1476.860               0.000               0.000            75370.862   1.00000 
  1353.650          94.347    608.473       0.243       2.647             1501.287               0.000               0.000            76872.149   1.00000 
  1354.650          94.258    613.729       0.243       2.647             1526.211               0.000               0.000            78398.360   1.00000 
  1355.650          94.170    619.014       0.243       2.647             1551.641               0.000               0.000            79950.001   1.00000 
  1356.650          94.081    624.331       0.243       2.647             1577.584               0.000               0.000            81527.585   1.00000 
  1357.650          93.993    629.680       0.243       2.647             1604.051               0.000               0.000            83131.637   1.00000 
  1358.650          93.903    635.062       0.243       2.647             1631.050               0.000               0.000            84762.687   1.00000 
  1359.650          93.814    640.478       0.243       2.647             1658.590               0.000               0.000            86421.277   1.00000 
  1360.650          93.724    645.927       0.243       2.647             1686.681               0.000               0.000            88107.958   1.00000 
  1361.650          93.634    651.411       0.243       2.647             1715.331               0.000               0.000            89823.289   1.00000 
  1362.650          93.544    656.930       0.243       2.647             1744.549               0.000               0.000            91567.837   1.00000 
  1363.650          93.453    662.488       0.243       2.647             1774.345               0.000               0.000            93342.182   1.00000 
  1364.650          93.362    668.087       0.243       2.647             1804.728               0.000               0.000            95146.911   1.00000 
  1365.650          93.271    673.728       0.243       2.647             1835.708               0.000               0.000            96982.619   1.00000 
  1366.650          93.179    679.413       0.243       2.647             1867.295               0.000               0.000            98849.914   1.00000 
  1367.650          93.087    685.152       0.243       2.647             1899.497               0.000               0.000           100749.410   1.00000 
  1368.650          92.995    690.945       0.243       2.647             1932.324               0.000               0.000           102681.734   1.00000 
  1369.650          92.903    696.794       0.243       2.647             1965.786               0.000               0.000           104647.520   1.00000 
  1370.650          92.810    702.723       0.243       2.647             1999.893               0.000               0.000           106647.413   1.00000 
  1371.650          92.717    708.747       0.243       2.647             2034.654               0.000               0.000           108682.067   1.00000 
  1372.650          92.623    714.868       0.243       2.647             2070.079               0.000               0.000           110752.146   1.00000 
  1373.650          92.529    721.159       0.243       2.647             2106.179               0.000               0.000           112858.325   1.00000 
  1374.650          92.435    727.807       0.243       2.647             2142.962               0.000               0.000           115001.286   1.00000 
  1375.650          92.341    734.861       0.243       2.647             2180.438               0.000               0.000           117181.724   1.00000 
  1376.650          92.246    742.303       0.243       2.647             2218.618               0.000               0.000           119400.343   1.00000 
  1377.650          92.151    749.940       0.243       2.647             2257.512               0.000               0.000           121657.854   1.00000 
  1378.650          92.056    757.779       0.243       2.647             2297.128               0.000               0.000           123954.983   1.00000 
  1379.650          91.961    765.770       0.243       2.647             2337.478               0.000               0.000           126292.460   1.00000 
  1380.650          91.865    773.875       0.243       2.647             2378.570               0.000               0.000           128671.030   1.00000 
  1381.650          91.768    782.094       0.243       2.647             2420.415               0.000               0.000           131091.446   1.00000 
  1382.650          91.672    790.403       0.243       2.647             2463.023               0.000               0.000           133554.468   1.00000 
  1383.650          91.575    798.803       0.243       2.647             2506.403               0.000               0.000           136060.871   1.00000 
  1384.650          91.478    807.293       0.243       2.647             2550.564               0.000               0.000           138611.435   1.00000 
  1385.650          91.380    815.871       0.243       2.647             2595.518               0.000               0.000           141206.953   1.00000 
  1386.650          91.282    824.536       0.243       2.647             2641.272               0.000               0.000           143848.226   1.00000 
  1387.650          91.184    833.286       0.243       2.647             2687.838               0.000               0.000           146536.063   1.00000 
  1388.650          91.085    842.117       0.243       2.647             2735.224               0.000               0.000           149271.287   1.00000 
  1389.650          90.986    850.000       0.242       2.640             2783.439               0.000               0.000           152054.726   1.00000 
  1390.650          90.887    850.000       0.236       2.569             2832.493               0.000               0.000           154887.218   1.00000 
  1391.650          90.787    850.000       0.230       2.497             2882.389               0.000               0.000           157769.608   1.00000 
  1392.650          90.687    850.000       0.224       2.423             2933.136               0.000               0.000           160702.744   1.00000 
  1393.650          90.587    850.000       0.217       2.349             2984.742               0.000               0.000           163687.486   1.00000 
  1394.650          90.486    850.000       0.211       2.273             3037.215               0.000               0.000           166724.702   1.00000 
  1395.650          90.385    850.000       0.204       2.197             3090.563               0.000               0.000           169815.265   1.00000 
  1396.650          90.284    850.000       0.197       2.118             3144.793               0.000               0.000           172960.057   1.00000 
  1397.650          90.182    850.000       0.190       2.039             3199.912               0.000               0.000           176159.970   1.00000 
  1398.650          90.080    850.000       0.183       1.959             3255.929               0.000               0.000           179415.899   1.00000 
  1399.650          89.978    850.000       0.176       1.877             3312.849               0.000               0.000           182728.748   1.00000 
  1400.650          89.875    850.000       0.169       1.794             3370.679               0.000               0.000           186099.427   1.00000 
  1401.650          89.772    850.000       0.161       1.710             3429.429               0.000               0.000           189528.856   1.00000 
  1402.650          89.669    850.000       0.153       1.624             3489.107               0.000               0.000           193017.964   1.00000 
  1403.650          89.565    850.000       0.146       1.538             3549.722               0.000               0.000           196567.685   1.00000 
  1404.650          89.461    850.000       0.138       1.450             3611.281               0.000               0.000           200178.966   1.00000 
  1405.650          89.356    850.000       0.129       1.361             3673.794               0.000               0.000           203852.760   1.00000 
  1406.650          89.251    850.000       0.121       1.270             3737.268               0.000               0.000           207590.029   1.00000 
  1407.650          89.146    850.000       0.113       1.178             3801.712               0.000               0.000           211391.741   1.00000 
  1408.650          89.040    850.000       0.104       1.085             3867.133               0.000               0.000           215258.873   1.00000 
  1409.650          88.934    850.000       0.095       0.991             3933.539               0.000               0.000           219192.412   1.00000 
  1410.650          88.827    850.000       0.086       0.895             4000.936               0.000               0.000           223193.348   1.00000 
  1411.650          88.720    850.000       0.077       0.798             4069.333               0.000               0.000           227262.681   1.00000 
  1412.650          88.613    850.000       0.068       0.700             4138.736               0.000               0.000           231401.417   1.00000 
  1413.650          88.506    850.000       0.058       0.600             4209.151               0.000               0.000           235610.568   1.00000 
  1414.650          88.398    850.000       0.049       0.499             4280.584               0.000               0.000           239891.152   1.00000 
  1415.650          88.289    850.000       0.039       0.397             4353.042               0.000               0.000           244244.194   1.00000 
  1416.650          88.180    850.000       0.029       0.294             4426.530               0.000               0.000           248670.724   1.00000 
  1417.650          88.071    850.000       0.019       0.189             4501.053               0.000               0.000           253171.777   1.00000 
  1418.650          87.961    850.000       0.008       0.083             4576.615               0.000               0.000           257748.392   1.00000 
  1419.650          87.851    850.000       0.000       0.000             4653.221               0.000               0.000           262401.613   1.00000 
