#_______________________________________________________________________________
#    ######   ####     ##             #####   #####     ##    #    #    ##
#    #       #        #  #            #    #  #    #   #  #   ##  ##   #  #
#    #####    ####   ######           #    #  #####   ######  # ## #  ######
#    #            #  #    #           #    #  #    #  #    #  #    #  #    #
#____######__#####___#____#___________#####___#____#__#____#__#____#__#____#____
#
#              ESA Debris Risk Assessment and Mitigation Analysis
#
#                      ---- DRAMA ( SESAM 2.1.5 ) ----
#                                      ESA 2018 
#
#                              trajectory history file
#-------------------------------------------------------------------------------
# Filename      : PySara.SAR-Rx.7e04c61e-3319-481b-af18-815f518ca060_Trajectory.txt
# RunID         : PySara
# ObjectID      : 7e04c61e-3319-481b-af18-815f518ca060
# ObjectName    : SAR-Rx
# Content       : This file contains the trajectory state data of the object,
#                 computed by the DRAMA 3 Re-entry Analysis.
# Documentation : DRAMA Software User Manual, section OPERATIONS MANUAL / Normal operation / SARA / SARA Simulation Output / Re-entry simulation output
#
#--------------------------------------------------------------------------------------------------------------------------------------------------------------------------------------------
#  Time [s]  Altitude [km]  Lat [deg]  Lon [deg]  Velocity [km/s]   Downrange [km]       Drag       Lift       Side    Knudsen       Mach  Flight Path [deg]  Heading [deg]  Density [kg/m^2]
#--------------------------------------------------------------------------------------------------------------------------------------------------------------------------------------------
  1398.200          90.148      4.345     33.321            7.238        10084.387      3.492      0.000      0.000    0.13854   24.18216           -0.80411       80.40118         3.334e-06 
  1398.300          90.138      4.346     33.327            7.238        10085.101      3.491      0.000      0.000    0.13834   24.18232           -0.80441       80.40173         3.339e-06 
  1398.750          90.092      4.351     33.356            7.236        10088.313      3.484      0.000      0.000    0.13742   24.18303           -0.80573       80.40419         3.361e-06 
  1399.750          89.990      4.362     33.419            7.231        10095.446      3.468      0.000      0.000    0.13534   24.18453           -0.80874       80.40968         3.413e-06 
  1400.750          89.888      4.373     33.483            7.227        10102.575      3.450      0.000      0.000    0.13314   24.18594           -0.81183       80.41518         3.470e-06 
  1401.750          89.786      4.383     33.546            7.223        10109.700      3.433      0.000      0.000    0.13095   24.18714           -0.81500       80.42069         3.528e-06 
  1402.750          89.683      4.394     33.609            7.218        10116.821      3.415      0.000      0.000    0.12880   24.18812           -0.81827       80.42621         3.587e-06 
  1403.750          89.580      4.405     33.672            7.214        10123.937      3.398      0.000      0.000    0.12667   24.18888           -0.82162       80.43174         3.648e-06 
  1404.750          89.476      4.416     33.735            7.209        10131.049      3.380      0.000      0.000    0.12457   24.18942           -0.82506       80.43728         3.709e-06 
  1405.750          89.372      4.426     33.799            7.205        10138.157      3.363      0.000      0.000    0.12249   24.18973           -0.82859       80.44283         3.772e-06 
  1406.750          89.268      4.437     33.862            7.200        10145.260      3.345      0.000      0.000    0.12044   24.18981           -0.83221       80.44839         3.837e-06 
  1407.750          89.163      4.448     33.925            7.195        10152.358      3.328      0.000      0.000    0.11842   24.18966           -0.83592       80.45396         3.903e-06 
  1408.750          89.058      4.458     33.988            7.190        10159.453      3.310      0.000      0.000    0.11642   24.18927           -0.83973       80.45955         3.970e-06 
  1409.750          88.952      4.469     34.051            7.186        10166.542      3.293      0.000      0.000    0.11444   24.18865           -0.84363       80.46514         4.039e-06 
  1410.750          88.846      4.479     34.114            7.181        10173.627      3.275      0.000      0.000    0.11249   24.18778           -0.84762       80.47075         4.109e-06 
  1411.750          88.740      4.490     34.177            7.176        10180.707      3.258      0.000      0.000    0.11056   24.18666           -0.85171       80.47636         4.181e-06 
  1412.750          88.633      4.501     34.240            7.171        10187.783      3.240      0.000      0.000    0.10865   24.18529           -0.85590       80.48199         4.255e-06 
  1413.750          88.525      4.511     34.302            7.166        10194.853      3.222      0.000      0.000    0.10677   24.18367           -0.86019       80.48763         4.330e-06 
  1414.750          88.417      4.522     34.365            7.161        10201.919      3.205      0.000      0.000    0.10491   24.18178           -0.86458       80.49327         4.407e-06 
  1415.750          88.309      4.532     34.428            7.156        10208.980      3.187      0.000      0.000    0.10308   24.17963           -0.86906       80.49893         4.485e-06 
  1416.750          88.200      4.543     34.491            7.151        10216.036      3.170      0.000      0.000    0.10127   24.17722           -0.87365       80.50460         4.566e-06 
  1417.750          88.091      4.553     34.553            7.145        10223.086      3.152      0.000      0.000    0.09947   24.17452           -0.87835       80.51028         4.648e-06 
  1418.750          87.981      4.564     34.616            7.140        10230.132      3.135      0.000      0.000    0.09771   24.17155           -0.88314       80.51597         4.733e-06 
  1419.750          87.871      4.574     34.678            7.135        10237.173      3.117      0.000      0.000    0.09596   24.16829           -0.88805       80.52167         4.819e-06 
  1420.750          87.760      4.585     34.741            7.129        10244.208      3.100      0.000      0.000    0.09424   24.16474           -0.89306       80.52738         4.907e-06 
  1421.750          87.649      4.595     34.803            7.124        10251.238      3.082      0.000      0.000    0.09253   24.16090           -0.89818       80.53311         4.998e-06 
  1422.750          87.537      4.606     34.866            7.118        10258.263      3.065      0.000      0.000    0.09085   24.15675           -0.90340       80.53884         5.091e-06 
  1423.750          87.424      4.616     34.928            7.113        10265.283      3.047      0.000      0.000    0.08919   24.15230           -0.90874       80.54458         5.186e-06 
  1424.750          87.311      4.626     34.991            7.107        10272.297      3.030      0.000      0.000    0.08755   24.14753           -0.91419       80.55033         5.283e-06 
  1425.750          87.198      4.637     35.053            7.101        10279.305      3.012      0.000      0.000    0.08593   24.14245           -0.91976       80.55610         5.383e-06 
  1426.750          87.083      4.647     35.115            7.095        10286.308      2.995      0.000      0.000    0.08433   24.13703           -0.92544       80.56187         5.485e-06 
  1427.750          86.968      4.658     35.177            7.090        10293.305      2.978      0.000      0.000    0.08275   24.13128           -0.93123       80.56765         5.590e-06 
  1428.750          86.853      4.668     35.239            7.084        10300.297      2.961      0.000      0.000    0.08120   24.12519           -0.93715       80.57345         5.697e-06 
  1429.750          86.737      4.678     35.302            7.078        10307.283      2.943      0.000      0.000    0.07966   24.11875           -0.94318       80.57925         5.807e-06 
  1430.750          86.620      4.689     35.364            7.072        10314.262      2.926      0.000      0.000    0.07814   24.11196           -0.94934       80.58506         5.920e-06 
  1431.750          86.502      4.699     35.426            7.065        10321.236      2.909      0.000      0.000    0.07664   24.10480           -0.95561       80.59089         6.036e-06 
  1432.750          86.384      4.709     35.488            7.059        10328.204      2.892      0.000      0.000    0.07516   24.09726           -0.96201       80.59672         6.155e-06 
  1433.750          86.265      4.720     35.549            7.053        10335.166      2.875      0.000      0.000    0.07370   24.08934           -0.96854       80.60256         6.277e-06 
  1434.750          86.146      4.730     35.611            7.046        10342.122      2.859      0.000      0.000    0.07226   24.08019           -0.97520       80.60841         6.403e-06 
  1435.750          86.025      4.740     35.673            7.039        10349.071      2.842      0.000      0.000    0.07084   24.06942           -0.98199       80.61428         6.531e-06 
  1436.750          85.904      4.750     35.735            7.032        10356.013      2.825      0.000      0.000    0.06944   24.05681           -0.98893       80.62015         6.663e-06 
  1437.750          85.783      4.760     35.797            7.023        10362.947      2.809      0.000      0.000    0.06805   24.04212           -0.99603       80.62604         6.799e-06 
  1438.750          85.660      4.771     35.858            7.015        10369.873      2.792      0.000      0.000    0.06669   24.02507           -1.00331       80.63194         6.939e-06 
  1439.750          85.537      4.781     35.920            7.005        10376.790      2.776      0.000      0.000    0.06534   24.00530           -1.01076       80.63785         7.082e-06 
  1440.750          85.413      4.791     35.981            6.994        10383.697      2.760      0.000      0.000    0.06401   23.98239           -1.01842       80.64377         7.229e-06 
  1441.750          85.288      4.801     36.042            6.983        10390.594      2.744      0.000      0.000    0.06271   23.95577           -1.02630       80.64970         7.380e-06 
  1442.750          85.163      4.811     36.104            6.970        10397.478      2.728      0.000      0.000    0.06141   23.92475           -1.03442       80.65564         7.535e-06 
  1443.750          85.037      4.821     36.165            6.956        10404.349      2.712      0.000      0.000    0.06014   23.88837           -1.04282       80.66160         7.695e-06 
  1444.750          84.910      4.831     36.226            6.940        10411.206      2.696      0.000      0.000    0.05889   23.84535           -1.05152       80.66757         7.859e-06 
  1445.750          84.782      4.841     36.287            6.921        10418.045      2.681      0.000      0.000    0.05765   23.79390           -1.06058       80.67355         8.027e-06 
  1446.750          84.654      4.851     36.347            6.899        10424.864      2.665      0.000      0.000    0.05644   23.73134           -1.07004       80.67954         8.201e-06 
  1447.750          84.524      4.861     36.408            6.872        10431.660      2.650      0.000      0.000    0.05524   23.65349           -1.08000       80.68556         8.379e-06 
  1448.750          84.394      4.871     36.468            6.839        10438.426      2.635      0.000      0.000    0.05406   23.55322           -1.09056       80.69159         8.562e-06 
  1449.750          84.264      4.881     36.528            6.795        10445.154      2.621      0.000      0.000    0.05290   23.41689           -1.10191       80.69767         8.749e-06 
  1450.750          84.133      4.891     36.587            6.730        10451.828      2.606      0.000      0.000    0.05176   23.21289           -1.11436       80.70382         8.942e-06 
  1451.750          84.003      4.900     36.646            6.611        10458.412      2.592      0.000      0.000    0.05065   22.83478           -1.12869       80.71018         9.139e-06 
