#_______________________________________________________________________________
#    ######   ####     ##             #####   #####     ##    #    #    ## 
#    #       #        #  #            #    #  #    #   #  #   ##  ##   #  #
#    #####    ####   ######           #    #  #####   ######  # ## #  ######
#    #            #  #    #           #    #  #    #  #    #  #    #  #    #
#____######__#####___#____#___________#####___#____#__#____#__#____#__#____#____
#
#              ESA Debris Risk Assessment and Mitigation Analysis
#
#                      ---- DRAMA ( SESAM 2.1.5 ) ----
#                                      ESA 2018
#
#                              aerothermal history file
#-------------------------------------------------------------------------------
# Filename      : PySara.FMU1.8c6e4d00-4ff8-4a89-ba8f-3af08b2a8d80_AeroThermalHistory.txt
# RunID         : PySara
# ObjectID      : 8c6e4d00-4ff8-4a89-ba8f-3af08b2a8d80
# ObjectName    : FMU1
# ReferenceArea : 0.003723 [m^2]
# Content       : This file contains the aerothermal data of the object,
#                 computed by the DRAMA 3 Re-entry Analysis.
# Documentation : DRAMA Software User Manual, section OPERATIONS MANUAL / Normal operation / SARA / SARA Simulation Output / Re-entry simulation output
# Note          : The convective heat and the integrated heat values in this file take into account the visibility factor
#
#-------------------------------------------------------------------------------------------------------------------------------------------------------------------
#  Time [s]  Altitude [km]   Temp [K]   Mass [kg]   Thick [mm]  Convective Heat [W]  Radiative Heat [W]  Oxidation Heat [W]  Integrated Heat [J] VisibilityFactor [-]
#-------------------------------------------------------------------------------------------------------------------------------------------------------------------
  1398.200          90.148    300.000       0.138       2.265             1876.522               0.000               0.000                0.000   1.00000 
  1398.300          90.138    301.544       0.138       2.265             1879.265               0.000               0.000              187.926   1.00000 
  1398.750          90.092    308.537       0.138       2.265             1892.045               0.000               0.000             1039.347   1.00000 
  1399.750          89.990    324.265       0.138       2.265             1921.614               0.000               0.000             2960.961   1.00000 
  1400.750          89.888    340.135       0.138       2.265             1953.793               0.000               0.000             4914.753   1.00000 
  1401.750          89.786    356.147       0.138       2.265             1986.417               0.000               0.000             6901.171   1.00000 
  1402.750          89.683    372.293       0.138       2.265             2019.494               0.000               0.000             8920.665   1.00000 
  1403.750          89.580    388.550       0.138       2.265             2053.028               0.000               0.000            10973.694   1.00000 
  1404.750          89.476    404.888       0.138       2.265             2087.025               0.000               0.000            13060.719   1.00000 
  1405.750          89.372    421.294       0.138       2.265             2121.491               0.000               0.000            15182.209   1.00000 
  1406.750          89.268    437.779       0.138       2.265             2156.430               0.000               0.000            17338.639   1.00000 
  1407.750          89.163    454.326       0.138       2.265             2191.849               0.000               0.000            19530.488   1.00000 
  1408.750          89.058    470.842       0.138       2.265             2227.753               0.000               0.000            21758.241   1.00000 
  1409.750          88.953    487.092       0.138       2.265             2264.148               0.000               0.000            24022.389   1.00000 
  1410.750          88.847    502.788       0.138       2.265             2301.041               0.000               0.000            26323.430   1.00000 
  1411.750          88.740    518.157       0.138       2.265             2338.436               0.000               0.000            28661.866   1.00000 
  1412.750          88.633    533.555       0.138       2.265             2376.340               0.000               0.000            31038.205   1.00000 
  1413.750          88.526    549.424       0.138       2.265             2414.758               0.000               0.000            33452.963   1.00000 
  1414.750          88.418    565.941       0.138       2.265             2453.697               0.000               0.000            35906.660   1.00000 
  1415.750          88.309    582.860       0.138       2.265             2493.161               0.000               0.000            38399.821   1.00000 
  1416.750          88.200    599.755       0.138       2.265             2533.158               0.000               0.000            40932.979   1.00000 
  1417.750          88.091    616.365       0.138       2.265             2573.693               0.000               0.000            43506.672   1.00000 
  1418.750          87.981    632.691       0.138       2.265             2614.771               0.000               0.000            46121.442   1.00000 
  1419.750          87.870    648.777       0.138       2.265             2656.398               0.000               0.000            48777.840   1.00000 
  1420.750          87.759    664.640       0.138       2.265             2698.580               0.000               0.000            51476.420   1.00000 
  1421.750          87.647    680.329       0.138       2.265             2741.322               0.000               0.000            54217.741   1.00000 
  1422.750          87.534    695.905       0.138       2.265             2784.630               0.000               0.000            57002.371   1.00000 
  1423.750          87.421    711.473       0.138       2.265             2828.509               0.000               0.000            59830.880   1.00000 
  1424.750          87.307    727.250       0.138       2.265             2872.964               0.000               0.000            62703.844   1.00000 
  1425.750          87.193    744.753       0.138       2.265             2918.000               0.000               0.000            65621.843   1.00000 
  1426.750          87.077    763.496       0.138       2.265             2963.621               0.000               0.000            68585.465   1.00000 
  1427.750          86.961    782.675       0.138       2.265             3009.834               0.000               0.000            71595.298   1.00000 
  1428.750          86.845    801.975       0.138       2.265             3056.641               0.000               0.000            74651.939   1.00000 
  1429.750          86.727    821.312       0.138       2.265             3104.046               0.000               0.000            77755.986   1.00000 
  1430.750          86.609    840.667       0.138       2.265             3152.055               0.000               0.000            80908.040   1.00000 
  1431.750          86.490    850.000       0.134       2.199             3200.669               0.000               0.000            84108.710   1.00000 
  1432.750          86.370    850.000       0.127       2.068             3249.570               0.000               0.000            87358.279   1.00000 
  1433.750          86.250    850.000       0.119       1.936             3298.304               0.000               0.000            90656.583   1.00000 
  1434.750          86.128    850.000       0.112       1.804             3346.657               0.000               0.000            94003.240   1.00000 
  1435.750          86.006    850.000       0.104       1.670             3394.410               0.000               0.000            97397.650   1.00000 
  1436.750          85.883    850.000       0.096       1.536             3441.295               0.000               0.000           100838.945   1.00000 
  1437.750          85.759    850.000       0.088       1.401             3486.969               0.000               0.000           104325.915   1.00000 
  1438.750          85.634    850.000       0.080       1.266             3530.994               0.000               0.000           107856.908   1.00000 
  1439.750          85.508    850.000       0.071       1.130             3572.792               0.000               0.000           111429.701   1.00000 
  1440.750          85.382    850.000       0.063       0.993             3611.592               0.000               0.000           115041.292   1.00000 
  1441.750          85.254    850.000       0.055       0.857             3646.318               0.000               0.000           118687.611   1.00000 
  1442.750          85.126    850.000       0.046       0.720             3675.424               0.000               0.000           122363.035   1.00000 
  1443.750          84.997    850.000       0.038       0.584             3696.556               0.000               0.000           126059.591   1.00000 
  1444.750          84.867    850.000       0.029       0.449             3705.881               0.000               0.000           129765.472   1.00000 
  1445.750          84.737    850.000       0.020       0.315             3696.477               0.000               0.000           133461.949   1.00000 
  1446.750          84.606    850.000       0.012       0.185             3653.702               0.000               0.000           137115.651   1.00000 
  1447.750          84.475    850.000       0.004       0.059             3536.195               0.000               0.000           140651.846   1.00000 
  1448.750          84.347    850.000       0.000       0.000             3094.206               0.000               0.000           143746.053   1.00000 
