#_______________________________________________________________________________
#    ######   ####     ##             #####   #####     ##    #    #    ## 
#    #       #        #  #            #    #  #    #   #  #   ##  ##   #  #
#    #####    ####   ######           #    #  #####   ######  # ## #  ######
#    #            #  #    #           #    #  #    #  #    #  #    #  #    #
#____######__#####___#____#___________#####___#____#__#____#__#____#__#____#____
#
#              ESA Debris Risk Assessment and Mitigation Analysis
#
#                      ---- DRAMA ( SESAM 2.1.5 ) ----
#                                      ESA 2018
#
#                              aerothermal history file
#-------------------------------------------------------------------------------
# Filename      : PySara.RWheel2.37335509-7a26-4e33-8286-b58da32b5558_AeroThermalHistory.txt
# RunID         : PySara
# ObjectID      : 37335509-7a26-4e33-8286-b58da32b5558
# ObjectName    : RWheel2
# ReferenceArea : 0.00882473 [m^2]
# Content       : This file contains the aerothermal data of the object,
#                 computed by the DRAMA 3 Re-entry Analysis.
# Documentation : DRAMA Software User Manual, section OPERATIONS MANUAL / Normal operation / SARA / SARA Simulation Output / Re-entry simulation output
# Note          : The convective heat and the integrated heat values in this file take into account the visibility factor
#
#-------------------------------------------------------------------------------------------------------------------------------------------------------------------
#  Time [s]  Altitude [km]   Temp [K]   Mass [kg]   Thick [mm]  Convective Heat [W]  Radiative Heat [W]  Oxidation Heat [W]  Integrated Heat [J] VisibilityFactor [-]
#-------------------------------------------------------------------------------------------------------------------------------------------------------------------
  1264.100         101.199    300.000       0.428       1.934              274.818               0.000               0.000                0.000   1.00000 
  1264.200         101.192    300.131       0.428       1.934              274.964               0.000               0.000               27.496   1.00000 
  1264.650         101.162    300.723       0.428       1.934              275.659               0.000               0.000              151.543   1.00000 
  1265.650         101.096    302.046       0.428       1.934              277.295               0.000               0.000              428.838   1.00000 
  1266.650         101.029    303.376       0.428       1.934              279.146               0.000               0.000              707.984   1.00000 
  1267.650         100.962    304.714       0.428       1.934              281.012               0.000               0.000              988.996   1.00000 
  1268.650         100.895    306.058       0.428       1.934              282.893               0.000               0.000             1271.889   1.00000 
  1269.650         100.828    307.411       0.428       1.934              284.789               0.000               0.000             1556.678   1.00000 
  1270.650         100.760    308.771       0.428       1.934              286.709               0.000               0.000             1843.387   1.00000 
  1271.650         100.693    310.138       0.428       1.934              288.672               0.000               0.000             2132.058   1.00000 
  1272.650         100.625    311.513       0.428       1.934              290.681               0.000               0.000             2422.739   1.00000 
  1273.650         100.557    312.897       0.428       1.934              292.736               0.000               0.000             2715.475   1.00000 
  1274.650         100.488    314.289       0.428       1.934              294.841               0.000               0.000             3010.316   1.00000 
  1275.650         100.420    315.689       0.428       1.934              296.995               0.000               0.000             3307.311   1.00000 
  1276.650         100.351    317.098       0.428       1.934              299.201               0.000               0.000             3606.511   1.00000 
  1277.650         100.282    318.515       0.428       1.934              301.459               0.000               0.000             3907.971   1.00000 
  1278.650         100.213    319.942       0.428       1.934              303.772               0.000               0.000             4211.743   1.00000 
  1279.650         100.143    321.379       0.428       1.934              306.142               0.000               0.000             4517.885   1.00000 
  1280.650         100.073    322.824       0.428       1.934              308.569               0.000               0.000             4826.454   1.00000 
  1281.650         100.003    324.280       0.428       1.934              311.057               0.000               0.000             5137.511   1.00000 
  1282.650          99.933    325.746       0.428       1.934              313.606               0.000               0.000             5451.117   1.00000 
  1283.650          99.863    327.222       0.428       1.934              316.218               0.000               0.000             5767.335   1.00000 
  1284.650          99.792    328.708       0.428       1.934              318.896               0.000               0.000             6086.231   1.00000 
  1285.650          99.721    330.206       0.428       1.934              321.641               0.000               0.000             6407.871   1.00000 
  1286.650          99.650    331.714       0.428       1.934              324.454               0.000               0.000             6732.326   1.00000 
  1287.650          99.579    333.234       0.428       1.934              327.338               0.000               0.000             7059.664   1.00000 
  1288.650          99.507    334.766       0.428       1.934              330.295               0.000               0.000             7389.959   1.00000 
  1289.650          99.435    336.310       0.428       1.934              333.326               0.000               0.000             7723.285   1.00000 
  1290.650          99.363    337.867       0.428       1.934              336.434               0.000               0.000             8059.720   1.00000 
  1291.650          99.291    339.436       0.428       1.934              339.621               0.000               0.000             8399.341   1.00000 
  1292.650          99.218    341.018       0.428       1.934              342.889               0.000               0.000             8742.230   1.00000 
  1293.650          99.145    342.613       0.428       1.934              346.240               0.000               0.000             9088.470   1.00000 
  1294.650          99.072    344.223       0.428       1.934              349.676               0.000               0.000             9438.145   1.00000 
  1295.650          98.999    345.846       0.428       1.934              353.200               0.000               0.000             9791.345   1.00000 
  1296.650          98.925    347.484       0.428       1.934              356.814               0.000               0.000            10148.159   1.00000 
  1297.650          98.851    349.137       0.428       1.934              360.520               0.000               0.000            10508.679   1.00000 
  1298.650          98.777    350.804       0.428       1.934              364.322               0.000               0.000            10873.001   1.00000 
  1299.650          98.703    352.488       0.428       1.934              368.221               0.000               0.000            11241.223   1.00000 
  1300.650          98.628    354.187       0.428       1.934              372.221               0.000               0.000            11613.444   1.00000 
  1301.650          98.553    355.903       0.428       1.934              376.324               0.000               0.000            11989.768   1.00000 
  1302.650          98.478    357.636       0.428       1.934              380.533               0.000               0.000            12370.301   1.00000 
  1303.650          98.403    359.386       0.428       1.934              384.850               0.000               0.000            12755.151   1.00000 
  1304.650          98.327    361.154       0.428       1.934              389.280               0.000               0.000            13144.431   1.00000 
  1305.650          98.251    362.939       0.428       1.934              393.824               0.000               0.000            13538.255   1.00000 
  1306.650          98.175    364.744       0.428       1.934              398.486               0.000               0.000            13936.741   1.00000 
  1307.650          98.098    366.567       0.428       1.934              403.269               0.000               0.000            14340.010   1.00000 
  1308.650          98.021    368.410       0.428       1.934              408.177               0.000               0.000            14748.188   1.00000 
  1309.650          97.944    370.273       0.428       1.934              413.213               0.000               0.000            15161.400   1.00000 
  1310.650          97.867    372.157       0.428       1.934              418.379               0.000               0.000            15579.779   1.00000 
  1311.650          97.789    374.061       0.428       1.934              423.681               0.000               0.000            16003.460   1.00000 
  1312.650          97.711    375.988       0.428       1.934              429.121               0.000               0.000            16432.582   1.00000 
  1313.650          97.633    377.936       0.428       1.934              434.704               0.000               0.000            16867.285   1.00000 
  1314.650          97.554    379.908       0.428       1.934              440.432               0.000               0.000            17307.717   1.00000 
  1315.650          97.475    381.903       0.428       1.934              446.311               0.000               0.000            17754.028   1.00000 
  1316.650          97.396    383.921       0.428       1.934              452.344               0.000               0.000            18206.372   1.00000 
  1317.650          97.317    385.965       0.428       1.934              458.535               0.000               0.000            18664.907   1.00000 
  1318.650          97.237    388.034       0.428       1.934              464.888               0.000               0.000            19129.795   1.00000 
  1319.650          97.157    390.128       0.428       1.934              471.409               0.000               0.000            19601.204   1.00000 
  1320.650          97.076    392.249       0.428       1.934              478.101               0.000               0.000            20079.305   1.00000 
  1321.650          96.996    394.398       0.428       1.934              484.969               0.000               0.000            20564.274   1.00000 
  1322.650          96.915    396.574       0.428       1.934              492.018               0.000               0.000            21056.292   1.00000 
  1323.650          96.834    398.778       0.428       1.934              499.252               0.000               0.000            21555.544   1.00000 
  1324.650          96.752    401.012       0.428       1.934              506.677               0.000               0.000            22062.222   1.00000 
  1325.650          96.670    403.276       0.428       1.934              514.298               0.000               0.000            22576.520   1.00000 
  1326.650          96.588    405.571       0.428       1.934              522.120               0.000               0.000            23098.640   1.00000 
  1327.650          96.505    407.897       0.428       1.934              530.147               0.000               0.000            23628.787   1.00000 
  1328.650          96.422    410.255       0.428       1.934              538.387               0.000               0.000            24167.174   1.00000 
  1329.650          96.339    412.647       0.428       1.934              546.844               0.000               0.000            24714.018   1.00000 
  1330.650          96.256    415.072       0.428       1.934              555.524               0.000               0.000            25269.542   1.00000 
  1331.650          96.172    417.532       0.428       1.934              564.433               0.000               0.000            25833.974   1.00000 
  1332.650          96.088    420.028       0.428       1.934              573.577               0.000               0.000            26407.551   1.00000 
  1333.650          96.003    422.560       0.428       1.934              582.962               0.000               0.000            26990.514   1.00000 
  1334.650          95.918    425.130       0.428       1.934              592.595               0.000               0.000            27583.109   1.00000 
  1335.650          95.833    427.738       0.428       1.934              602.482               0.000               0.000            28185.591   1.00000 
  1336.650          95.747    430.385       0.428       1.934              612.630               0.000               0.000            28798.222   1.00000 
  1337.650          95.662    433.073       0.428       1.934              623.046               0.000               0.000            29421.268   1.00000 
  1338.650          95.575    435.802       0.428       1.934              633.736               0.000               0.000            30055.003   1.00000 
  1339.650          95.489    438.573       0.428       1.934              644.708               0.000               0.000            30699.711   1.00000 
  1340.650          95.402    441.387       0.428       1.934              655.968               0.000               0.000            31355.680   1.00000 
  1341.650          95.314    444.245       0.428       1.934              667.526               0.000               0.000            32023.205   1.00000 
  1342.650          95.227    447.149       0.428       1.934              679.387               0.000               0.000            32702.592   1.00000 
  1343.650          95.139    450.098       0.428       1.934              691.561               0.000               0.000            33394.153   1.00000 
  1344.650          95.050    453.096       0.428       1.934              704.054               0.000               0.000            34098.207   1.00000 
  1345.650          94.962    456.141       0.428       1.934              716.876               0.000               0.000            34815.083   1.00000 
  1346.650          94.872    459.237       0.428       1.934              730.034               0.000               0.000            35545.116   1.00000 
  1347.650          94.783    462.383       0.428       1.934              743.537               0.000               0.000            36288.653   1.00000 
  1348.650          94.693    465.582       0.428       1.934              757.393               0.000               0.000            37046.046   1.00000 
  1349.650          94.603    468.833       0.428       1.934              771.613               0.000               0.000            37817.659   1.00000 
  1350.650          94.512    472.140       0.428       1.934              786.203               0.000               0.000            38603.862   1.00000 
  1351.650          94.421    475.502       0.428       1.934              801.174               0.000               0.000            39405.036   1.00000 
  1352.650          94.330    478.921       0.428       1.934              816.535               0.000               0.000            40221.572   1.00000 
  1353.650          94.238    482.398       0.428       1.934              832.296               0.000               0.000            41053.867   1.00000 
  1354.650          94.146    485.935       0.428       1.934              848.466               0.000               0.000            41902.333   1.00000 
  1355.650          94.053    489.532       0.428       1.934              865.055               0.000               0.000            42767.388   1.00000 
  1356.650          93.960    493.192       0.428       1.934              882.073               0.000               0.000            43649.460   1.00000 
  1357.650          93.867    496.915       0.428       1.934              899.530               0.000               0.000            44548.991   1.00000 
  1358.650          93.773    500.704       0.428       1.934              917.438               0.000               0.000            45466.429   1.00000 
  1359.650          93.679    504.558       0.428       1.934              935.806               0.000               0.000            46402.235   1.00000 
  1360.650          93.584    508.481       0.428       1.934              954.646               0.000               0.000            47356.882   1.00000 
  1361.650          93.489    512.473       0.428       1.934              973.969               0.000               0.000            48330.851   1.00000 
  1362.650          93.393    516.535       0.428       1.934              993.785               0.000               0.000            49324.636   1.00000 
  1363.650          93.297    520.670       0.428       1.934             1014.107               0.000               0.000            50338.743   1.00000 
  1364.650          93.201    524.878       0.428       1.934             1034.945               0.000               0.000            51373.688   1.00000 
  1365.650          93.104    529.161       0.428       1.934             1056.312               0.000               0.000            52430.000   1.00000 
  1366.650          93.007    533.521       0.428       1.934             1078.220               0.000               0.000            53508.220   1.00000 
  1367.650          92.910    537.958       0.428       1.934             1100.680               0.000               0.000            54608.900   1.00000 
  1368.650          92.811    542.476       0.428       1.934             1123.705               0.000               0.000            55732.606   1.00000 
  1369.650          92.713    547.074       0.428       1.934             1147.308               0.000               0.000            56879.914   1.00000 
  1370.650          92.614    551.755       0.428       1.934             1171.501               0.000               0.000            58051.415   1.00000 
  1371.650          92.515    556.520       0.428       1.934             1196.297               0.000               0.000            59247.711   1.00000 
  1372.650          92.415    561.370       0.428       1.934             1221.708               0.000               0.000            60469.420   1.00000 
  1373.650          92.314    566.308       0.428       1.934             1247.749               0.000               0.000            61717.169   1.00000 
  1374.650          92.213    571.334       0.428       1.934             1274.432               0.000               0.000            62991.601   1.00000 
  1375.650          92.112    576.451       0.428       1.934             1301.771               0.000               0.000            64293.371   1.00000 
  1376.650          92.010    581.659       0.428       1.934             1329.778               0.000               0.000            65623.150   1.00000 
  1377.650          91.908    586.960       0.428       1.934             1358.469               0.000               0.000            66981.619   1.00000 
  1378.650          91.805    592.357       0.428       1.934             1387.856               0.000               0.000            68369.475   1.00000 
  1379.650          91.702    597.850       0.428       1.934             1417.954               0.000               0.000            69787.430   1.00000 
  1380.650          91.599    603.441       0.428       1.934             1448.777               0.000               0.000            71236.207   1.00000 
  1381.650          91.494    609.131       0.428       1.934             1480.338               0.000               0.000            72716.545   1.00000 
  1382.650          91.390    614.922       0.428       1.934             1512.653               0.000               0.000            74229.198   1.00000 
  1383.650          91.285    620.815       0.428       1.934             1545.734               0.000               0.000            75774.932   1.00000 
  1384.650          91.179    626.811       0.428       1.934             1579.597               0.000               0.000            77354.528   1.00000 
  1385.650          91.073    632.912       0.428       1.934             1614.255               0.000               0.000            78968.783   1.00000 
  1386.650          90.966    639.119       0.428       1.934             1649.723               0.000               0.000            80618.507   1.00000 
  1387.650          90.859    645.434       0.428       1.934             1686.016               0.000               0.000            82304.523   1.00000 
  1388.650          90.751    651.857       0.428       1.934             1723.148               0.000               0.000            84027.671   1.00000 
  1389.650          90.643    658.389       0.428       1.934             1761.133               0.000               0.000            85788.805   1.00000 
  1390.650          90.534    665.032       0.428       1.934             1799.986               0.000               0.000            87588.791   1.00000 
  1391.650          90.425    671.787       0.428       1.934             1839.721               0.000               0.000            89428.511   1.00000 
  1392.650          90.315    678.655       0.428       1.934             1880.351               0.000               0.000            91308.863   1.00000 
  1393.650          90.204    685.636       0.428       1.934             1921.892               0.000               0.000            93230.755   1.00000 
  1394.650          90.093    692.731       0.428       1.934             1964.357               0.000               0.000            95195.111   1.00000 
  1395.650          89.982    699.942       0.428       1.934             2007.760               0.000               0.000            97202.871   1.00000 
  1396.650          89.870    707.276       0.428       1.934             2052.115               0.000               0.000            99254.986   1.00000 
  1397.650          89.757    714.735       0.428       1.934             2097.440               0.000               0.000           101352.426   1.00000 
  1398.650          89.644    722.319       0.428       1.934             2143.749               0.000               0.000           103496.175   1.00000 
  1399.650          89.530    730.030       0.428       1.934             2191.060               0.000               0.000           105687.236   1.00000 
  1400.650          89.415    737.867       0.428       1.934             2239.389               0.000               0.000           107926.625   1.00000 
  1401.650          89.300    745.832       0.428       1.934             2288.751               0.000               0.000           110215.375   1.00000 
  1402.650          89.185    753.927       0.428       1.934             2339.162               0.000               0.000           112554.537   1.00000 
  1403.650          89.069    762.151       0.428       1.934             2390.639               0.000               0.000           114945.177   1.00000 
  1404.650          88.952    770.504       0.428       1.934             2443.199               0.000               0.000           117388.376   1.00000 
  1405.650          88.834    778.988       0.428       1.934             2496.856               0.000               0.000           119885.231   1.00000 
  1406.650          88.716    787.600       0.428       1.934             2551.627               0.000               0.000           122436.858   1.00000 
  1407.650          88.598    796.340       0.428       1.934             2607.527               0.000               0.000           125044.385   1.00000 
  1408.650          88.478    805.209       0.428       1.934             2664.573               0.000               0.000           127708.958   1.00000 
  1409.650          88.358    814.204       0.428       1.934             2722.779               0.000               0.000           130431.738   1.00000 
  1410.650          88.238    823.323       0.428       1.934             2782.162               0.000               0.000           133213.900   1.00000 
  1411.650          88.117    832.535       0.428       1.934             2842.737               0.000               0.000           136056.637   1.00000 
  1412.650          87.995    841.841       0.428       1.934             2904.512               0.000               0.000           138961.148   1.00000 
  1413.650          87.872    851.237       0.428       1.934             2967.503               0.000               0.000           141928.652   1.00000 
  1414.650          87.749    860.723       0.428       1.934             3031.725               0.000               0.000           144960.377   1.00000 
  1415.650          87.625    870.282       0.428       1.934             3097.193               0.000               0.000           148057.570   1.00000 
  1416.650          87.501    879.908       0.428       1.934             3163.918               0.000               0.000           151221.488   1.00000 
  1417.650          87.376    889.598       0.428       1.934             3231.913               0.000               0.000           154453.402   1.00000 
  1418.650          87.250    899.352       0.428       1.934             3301.193               0.000               0.000           157754.595   1.00000 
  1419.650          87.123    909.193       0.428       1.934             3371.771               0.000               0.000           161126.366   1.00000 
  1420.650          86.996    919.132       0.428       1.934             3443.664               0.000               0.000           164570.030   1.00000 
  1421.650          86.868    929.167       0.428       1.934             3516.889               0.000               0.000           168086.919   1.00000 
  1422.650          86.739    939.295       0.428       1.934             3591.457               0.000               0.000           171678.376   1.00000 
  1423.650          86.610    949.517       0.428       1.934             3667.381               0.000               0.000           175345.757   1.00000 
  1424.650          86.480    959.833       0.428       1.934             3744.672               0.000               0.000           179090.429   1.00000 
  1425.650          86.349    970.239       0.428       1.934             3823.342               0.000               0.000           182913.771   1.00000 
  1426.650          86.217    980.732       0.428       1.934             3903.401               0.000               0.000           186817.173   1.00000 
  1427.650          86.085    991.310       0.428       1.934             3984.860               0.000               0.000           190802.032   1.00000 
  1428.650          85.952   1001.970       0.428       1.934             4067.726               0.000               0.000           194869.758   1.00000 
  1429.650          85.818   1012.708       0.428       1.934             4152.010               0.000               0.000           199021.768   1.00000 
  1430.650          85.683   1023.519       0.428       1.934             4237.718               0.000               0.000           203259.486   1.00000 
  1431.650          85.548   1034.401       0.428       1.934             4324.858               0.000               0.000           207584.344   1.00000 
  1432.650          85.412   1045.348       0.428       1.934             4413.436               0.000               0.000           211997.781   1.00000 
  1433.650          85.275   1056.358       0.428       1.934             4503.458               0.000               0.000           216501.239   1.00000 
  1434.650          85.137   1067.424       0.428       1.934             4594.928               0.000               0.000           221096.167   1.00000 
  1435.650          84.998   1078.543       0.428       1.934             4687.849               0.000               0.000           225784.015   1.00000 
  1436.650          84.859   1089.709       0.428       1.934             4782.225               0.000               0.000           230566.240   1.00000 
  1437.650          84.719   1100.918       0.428       1.934             4878.060               0.000               0.000           235444.300   1.00000 
  1438.650          84.578   1112.164       0.428       1.934             4975.360               0.000               0.000           240419.660   1.00000 
  1439.650          84.436   1123.441       0.428       1.934             5074.130               0.000               0.000           245493.790   1.00000 
  1440.650          84.293   1134.743       0.428       1.934             5174.372               0.000               0.000           250668.162   1.00000 
  1441.650          84.149   1146.066       0.428       1.934             5276.091               0.000               0.000           255944.253   1.00000 
  1442.650          84.005   1157.401       0.428       1.934             5379.289               0.000               0.000           261323.543   1.00000 
  1443.650          83.859   1168.745       0.428       1.934             5483.968               0.000               0.000           266807.511   1.00000 
  1444.650          83.713   1180.090       0.428       1.934             5590.130               0.000               0.000           272397.641   1.00000 
  1445.650          83.566   1191.430       0.428       1.934             5697.774               0.000               0.000           278095.414   1.00000 
  1446.650          83.418   1202.760       0.428       1.934             5806.900               0.000               0.000           283902.314   1.00000 
  1447.650          83.269   1214.072       0.428       1.934             5917.507               0.000               0.000           289819.821   1.00000 
  1448.650          83.119   1225.362       0.428       1.934             6029.594               0.000               0.000           295849.415   1.00000 
  1449.650          82.968   1236.622       0.428       1.934             6143.157               0.000               0.000           301992.572   1.00000 
  1450.650          82.817   1247.847       0.428       1.934             6258.194               0.000               0.000           308250.765   1.00000 
  1451.650          82.664   1259.032       0.428       1.934             6374.699               0.000               0.000           314625.464   1.00000 
  1452.650          82.510   1270.170       0.428       1.934             6492.668               0.000               0.000           321118.132   1.00000 
  1453.650          82.356   1281.255       0.428       1.934             6612.094               0.000               0.000           327730.226   1.00000 
  1454.650          82.200   1292.284       0.428       1.934             6732.971               0.000               0.000           334463.197   1.00000 
  1455.650          82.044   1303.250       0.428       1.934             6855.290               0.000               0.000           341318.486   1.00000 
  1456.650          81.886   1314.147       0.428       1.934             6979.043               0.000               0.000           348297.529   1.00000 
  1457.650          81.727   1324.970       0.428       1.934             7104.218               0.000               0.000           355401.747   1.00000 
  1458.650          81.568   1335.717       0.428       1.934             7230.807               0.000               0.000           362632.555   1.00000 
  1459.650          81.407   1346.381       0.428       1.934             7358.796               0.000               0.000           369991.351   1.00000 
  1460.650          81.246   1356.959       0.428       1.934             7488.174               0.000               0.000           377479.525   1.00000 
  1461.650          81.083   1367.446       0.428       1.934             7618.925               0.000               0.000           385098.449   1.00000 
  1462.650          80.919   1377.841       0.428       1.934             7751.035               0.000               0.000           392849.484   1.00000 
  1463.650          80.754   1388.141       0.428       1.934             7884.488               0.000               0.000           400733.972   1.00000 
  1464.650          80.589   1398.340       0.428       1.934             8019.267               0.000               0.000           408753.240   1.00000 
  1465.650          80.422   1408.438       0.428       1.934             8155.354               0.000               0.000           416908.594   1.00000 
  1466.650          80.253   1418.433       0.428       1.934             8292.730               0.000               0.000           425201.325   1.00000 
  1467.650          80.084   1428.323       0.428       1.934             8431.375               0.000               0.000           433632.699   1.00000 
  1468.650          79.914   1438.103       0.428       1.934             8571.266               0.000               0.000           442203.965   1.00000 
  1469.650          79.743   1447.775       0.428       1.934             8712.374               0.000               0.000           450916.339   1.00000 
  1470.650          79.570   1457.338       0.428       1.934             8854.657               0.000               0.000           459770.996   1.00000 
  1471.650          79.396   1466.790       0.428       1.934             8998.070               0.000               0.000           468769.065   1.00000 
  1472.650          79.221   1476.129       0.428       1.934             9142.562               0.000               0.000           477911.628   1.00000 
  1473.650          79.045   1485.355       0.428       1.934             9288.083               0.000               0.000           487199.711   1.00000 
  1474.650          78.868   1494.470       0.428       1.934             9434.576               0.000               0.000           496634.286   1.00000 
  1475.650          78.690   1503.472       0.428       1.934             9581.981               0.000               0.000           506216.267   1.00000 
  1476.650          78.510   1512.359       0.428       1.934             9730.236               0.000               0.000           515946.503   1.00000 
  1477.650          78.329   1521.132       0.428       1.934             9879.273               0.000               0.000           525825.776   1.00000 
  1478.650          78.147   1529.792       0.428       1.934            10029.021               0.000               0.000           535854.797   1.00000 
  1479.650          77.963   1538.341       0.428       1.934            10179.406               0.000               0.000           546034.203   1.00000 
  1480.650          77.779   1546.775       0.428       1.934            10330.349               0.000               0.000           556364.552   1.00000 
  1481.650          77.593   1555.095       0.428       1.934            10481.765               0.000               0.000           566846.317   1.00000 
  1482.650          77.405   1563.301       0.428       1.934            10633.566               0.000               0.000           577479.883   1.00000 
  1483.650          77.217   1571.394       0.428       1.934            10785.662               0.000               0.000           588265.545   1.00000 
  1484.650          77.027   1579.375       0.428       1.934            10937.954               0.000               0.000           599203.498   1.00000 
  1485.650          76.836   1587.243       0.428       1.934            11090.340               0.000               0.000           610293.839   1.00000 
  1486.650          76.643   1594.996       0.428       1.934            11242.715               0.000               0.000           621536.554   1.00000 
  1487.650          76.449   1602.636       0.428       1.934            11394.967               0.000               0.000           632931.522   1.00000 
  1488.650          76.254   1610.164       0.428       1.934            11546.980               0.000               0.000           644478.501   1.00000 
  1489.650          76.057   1617.580       0.428       1.934            11698.631               0.000               0.000           656177.132   1.00000 
  1490.650          75.859   1624.882       0.428       1.934            11849.795               0.000               0.000           668026.928   1.00000 
  1491.650          75.660   1632.069       0.428       1.934            12000.340               0.000               0.000           680027.268   1.00000 
  1492.650          75.459   1639.142       0.428       1.934            12150.128               0.000               0.000           692177.396   1.00000 
  1493.650          75.257   1646.100       0.428       1.934            12299.017               0.000               0.000           704476.413   1.00000 
  1494.650          75.053   1652.944       0.428       1.934            12446.860               0.000               0.000           716923.273   1.00000 
  1495.650          74.847   1659.674       0.428       1.934            12593.503               0.000               0.000           729516.776   1.00000 
  1496.650          74.641   1665.000       0.427       1.928            12738.804               0.000               0.000           742255.580   1.00000 
  1497.650          74.432   1665.000       0.403       1.813            12882.220               0.000               0.000           755137.800   1.00000 
  1498.650          74.223   1665.000       0.378       1.698            13018.413               0.000               0.000           768156.213   1.00000 
  1499.650          74.011   1665.000       0.353       1.580            13145.845               0.000               0.000           781302.058   1.00000 
  1500.650          73.799   1665.000       0.328       1.462            13262.609               0.000               0.000           794564.667   1.00000 
  1501.650          73.584   1665.000       0.302       1.342            13366.360               0.000               0.000           807931.027   1.00000 
  1502.650          73.369   1665.000       0.276       1.222            13454.171               0.000               0.000           821385.198   1.00000 
  1503.650          73.152   1665.000       0.249       1.101            13522.338               0.000               0.000           834907.537   1.00000 
  1504.650          72.934   1665.000       0.223       0.980            13566.100               0.000               0.000           848473.637   1.00000 
  1505.650          72.714   1665.000       0.196       0.860            13579.211               0.000               0.000           862052.848   1.00000 
  1506.276          72.576   1665.000       0.179       0.786            13563.983               0.000               0.000           870544.468   1.00000 
  1506.600          72.505   1665.000       0.171       0.747            13544.837               0.000               0.000           874930.364   1.00000 
  1507.600          72.284   1665.000       0.145       0.631            13439.663               0.000               0.000           888370.027   1.00000 
  1508.600          72.061   1665.000       0.119       0.518            13302.593               0.000               0.000           901672.619   1.00000 
  1509.600          71.839   1665.000       0.094       0.409            13077.005               0.000               0.000           914749.624   1.00000 
  1510.600          71.616   1665.000       0.071       0.306            12726.531               0.000               0.000           927476.155   1.00000 
  1511.600          71.395   1665.000       0.049       0.213            12191.811               0.000               0.000           939667.966   1.00000 
  1512.600          71.175   1665.000       0.031       0.133            11369.807               0.000               0.000           951037.773   1.00000 
  1513.600          70.960   1665.000       0.017       0.074            10077.838               0.000               0.000           961115.611   1.00000 
  1514.600          70.755   1665.000       0.011       0.047             8075.100               0.000               0.000           969190.711   1.00000 
  1515.600          70.564   1586.068       0.011       0.047             5756.502               0.000               0.000           974947.213   1.00000 
