#_______________________________________________________________________________
#    ######   ####     ##             #####   #####     ##    #    #    ## 
#    #       #        #  #            #    #  #    #   #  #   ##  ##   #  #
#    #####    ####   ######           #    #  #####   ######  # ## #  ######
#    #            #  #    #           #    #  #    #  #    #  #    #  #    #
#____######__#####___#____#___________#####___#____#__#____#__#____#__#____#____
#
#              ESA Debris Risk Assessment and Mitigation Analysis
#
#                      ---- DRAMA ( SESAM 2.1.5 ) ----
#                                      ESA 2018
#
#                              aerothermal history file
#-------------------------------------------------------------------------------
# Filename      : PySara.SAsupp8.3c98b668-d3c6-4e6c-9b25-feb7c56786a3_AeroThermalHistory.txt
# RunID         : PySara
# ObjectID      : 3c98b668-d3c6-4e6c-9b25-feb7c56786a3
# ObjectName    : SAsupp8
# ReferenceArea : 0.001196 [m^2]
# Content       : This file contains the aerothermal data of the object,
#                 computed by the DRAMA 3 Re-entry Analysis.
# Documentation : DRAMA Software User Manual, section OPERATIONS MANUAL / Normal operation / SARA / SARA Simulation Output / Re-entry simulation output
# Note          : The convective heat and the integrated heat values in this file take into account the visibility factor
#
#-------------------------------------------------------------------------------------------------------------------------------------------------------------------
#  Time [s]  Altitude [km]   Temp [K]   Mass [kg]   Thick [mm]  Convective Heat [W]  Radiative Heat [W]  Oxidation Heat [W]  Integrated Heat [J] VisibilityFactor [-]
#-------------------------------------------------------------------------------------------------------------------------------------------------------------------
  1264.100         101.199    300.000       0.042       1.825              124.888               0.000               0.000                0.000   1.00000 
  1264.200         101.192    300.335       0.042       1.825              124.936               0.000               0.000               12.494   1.00000 
  1264.650         101.162    301.843       0.042       1.825              125.159               0.000               0.000               68.815   1.00000 
  1265.650         101.096    305.207       0.042       1.825              125.671               0.000               0.000              194.486   1.00000 
  1266.650         101.029    308.578       0.042       1.825              126.224               0.000               0.000              320.709   1.00000 
  1267.650         100.962    311.957       0.042       1.825              126.779               0.000               0.000              447.489   1.00000 
  1268.650         100.895    315.344       0.042       1.825              127.338               0.000               0.000              574.826   1.00000 
  1269.650         100.828    318.739       0.042       1.825              127.899               0.000               0.000              702.725   1.00000 
  1270.650         100.761    322.141       0.042       1.825              128.464               0.000               0.000              831.190   1.00000 
  1271.650         100.693    325.550       0.042       1.825              129.032               0.000               0.000              960.222   1.00000 
  1272.650         100.625    328.968       0.042       1.825              129.604               0.000               0.000             1089.826   1.00000 
  1273.650         100.557    332.393       0.042       1.825              130.179               0.000               0.000             1220.005   1.00000 
  1274.650         100.488    335.825       0.042       1.825              130.758               0.000               0.000             1350.763   1.00000 
  1275.650         100.420    339.265       0.042       1.825              131.341               0.000               0.000             1482.104   1.00000 
  1276.650         100.351    342.713       0.042       1.825              131.928               0.000               0.000             1614.032   1.00000 
  1277.650         100.282    346.168       0.042       1.825              132.519               0.000               0.000             1746.552   1.00000 
  1278.650         100.212    349.630       0.042       1.825              133.115               0.000               0.000             1879.666   1.00000 
  1279.650         100.143    353.100       0.042       1.825              133.715               0.000               0.000             2013.382   1.00000 
  1280.650         100.073    356.578       0.042       1.825              134.320               0.000               0.000             2147.701   1.00000 
  1281.650         100.002    360.061       0.042       1.825              134.930               0.000               0.000             2282.631   1.00000 
  1282.650          99.932    363.551       0.042       1.825              135.545               0.000               0.000             2418.176   1.00000 
  1283.650          99.861    367.047       0.042       1.825              136.165               0.000               0.000             2554.341   1.00000 
  1284.650          99.790    370.548       0.042       1.825              136.790               0.000               0.000             2691.131   1.00000 
  1285.650          99.719    374.056       0.042       1.825              137.421               0.000               0.000             2828.552   1.00000 
  1286.650          99.647    377.570       0.042       1.825              138.057               0.000               0.000             2966.609   1.00000 
  1287.650          99.575    381.088       0.042       1.825              138.699               0.000               0.000             3105.309   1.00000 
  1288.650          99.503    384.611       0.042       1.825              139.347               0.000               0.000             3244.656   1.00000 
  1289.650          99.430    388.139       0.042       1.825              140.001               0.000               0.000             3384.657   1.00000 
  1290.650          99.357    391.671       0.042       1.825              140.661               0.000               0.000             3525.318   1.00000 
  1291.650          99.284    395.208       0.042       1.825              141.326               0.000               0.000             3666.644   1.00000 
  1292.650          99.210    398.749       0.042       1.825              141.999               0.000               0.000             3808.643   1.00000 
  1293.650          99.137    402.295       0.042       1.825              142.677               0.000               0.000             3951.320   1.00000 
  1294.650          99.062    405.844       0.042       1.825              143.362               0.000               0.000             4094.681   1.00000 
  1295.650          98.988    409.397       0.042       1.825              144.053               0.000               0.000             4238.735   1.00000 
  1296.650          98.913    412.954       0.042       1.825              144.752               0.000               0.000             4383.486   1.00000 
  1297.650          98.837    416.515       0.042       1.825              145.457               0.000               0.000             4528.943   1.00000 
  1298.650          98.762    420.082       0.042       1.825              146.169               0.000               0.000             4675.112   1.00000 
  1299.650          98.686    423.654       0.042       1.825              146.888               0.000               0.000             4822.000   1.00000 
  1300.650          98.609    427.231       0.042       1.825              147.615               0.000               0.000             4969.615   1.00000 
  1301.650          98.532    430.814       0.042       1.825              148.349               0.000               0.000             5117.963   1.00000 
  1302.650          98.455    434.402       0.042       1.825              149.090               0.000               0.000             5267.054   1.00000 
  1303.650          98.378    437.994       0.042       1.825              149.839               0.000               0.000             5416.893   1.00000 
  1304.650          98.300    441.587       0.042       1.825              150.596               0.000               0.000             5567.489   1.00000 
  1305.650          98.221    445.180       0.042       1.825              151.362               0.000               0.000             5718.851   1.00000 
  1306.650          98.142    448.774       0.042       1.825              152.135               0.000               0.000             5870.986   1.00000 
  1307.650          98.063    452.368       0.042       1.825              152.916               0.000               0.000             6023.902   1.00000 
  1308.650          97.983    455.964       0.042       1.825              153.706               0.000               0.000             6177.608   1.00000 
  1309.650          97.903    459.550       0.042       1.825              154.505               0.000               0.000             6332.113   1.00000 
  1310.650          97.823    463.124       0.042       1.825              155.312               0.000               0.000             6487.425   1.00000 
  1311.650          97.742    466.688       0.042       1.825              156.128               0.000               0.000             6643.553   1.00000 
  1312.650          97.660    470.240       0.042       1.825              156.954               0.000               0.000             6800.507   1.00000 
  1313.650          97.578    473.782       0.042       1.825              157.788               0.000               0.000             6958.295   1.00000 
  1314.650          97.496    477.310       0.042       1.825              158.632               0.000               0.000             7116.928   1.00000 
  1315.650          97.413    480.809       0.042       1.825              159.486               0.000               0.000             7276.414   1.00000 
  1316.650          97.330    484.283       0.042       1.825              160.349               0.000               0.000             7436.763   1.00000 
  1317.650          97.246    487.731       0.042       1.825              161.223               0.000               0.000             7597.986   1.00000 
  1318.650          97.162    491.154       0.042       1.825              162.109               0.000               0.000             7760.094   1.00000 
  1319.650          97.077    494.554       0.042       1.825              163.038               0.000               0.000             7923.132   1.00000 
  1320.650          96.991    497.940       0.042       1.825              164.022               0.000               0.000             8087.155   1.00000 
  1321.650          96.906    501.321       0.042       1.825              165.062               0.000               0.000             8252.217   1.00000 
  1322.650          96.819    504.699       0.042       1.825              166.161               0.000               0.000             8418.378   1.00000 
  1323.650          96.732    508.075       0.042       1.825              167.320               0.000               0.000             8585.698   1.00000 
  1324.650          96.645    511.449       0.042       1.825              168.542               0.000               0.000             8754.240   1.00000 
  1325.650          96.557    514.824       0.042       1.825              169.830               0.000               0.000             8924.070   1.00000 
  1326.650          96.468    518.218       0.042       1.825              171.185               0.000               0.000             9095.256   1.00000 
  1327.650          96.379    521.645       0.042       1.825              172.611               0.000               0.000             9267.867   1.00000 
  1328.650          96.290    525.108       0.042       1.825              174.110               0.000               0.000             9441.977   1.00000 
  1329.650          96.200    528.608       0.042       1.825              175.684               0.000               0.000             9617.662   1.00000 
  1330.650          96.109    532.148       0.042       1.825              177.338               0.000               0.000             9794.999   1.00000 
  1331.650          96.017    535.730       0.042       1.825              179.072               0.000               0.000             9974.071   1.00000 
  1332.650          95.925    539.360       0.042       1.825              180.891               0.000               0.000            10154.962   1.00000 
  1333.650          95.833    543.044       0.042       1.825              182.798               0.000               0.000            10337.760   1.00000 
  1334.650          95.740    546.784       0.042       1.825              184.795               0.000               0.000            10522.556   1.00000 
  1335.650          95.646    550.583       0.042       1.825              186.887               0.000               0.000            10709.443   1.00000 
  1336.650          95.551    554.444       0.042       1.825              189.077               0.000               0.000            10898.520   1.00000 
  1337.650          95.456    558.362       0.042       1.825              191.368               0.000               0.000            11089.887   1.00000 
  1338.650          95.361    562.327       0.042       1.825              193.763               0.000               0.000            11283.651   1.00000 
  1339.650          95.264    566.341       0.042       1.825              196.268               0.000               0.000            11479.919   1.00000 
  1340.650          95.167    570.407       0.042       1.825              198.886               0.000               0.000            11678.805   1.00000 
  1341.650          95.070    574.527       0.042       1.825              201.620               0.000               0.000            11880.425   1.00000 
  1342.650          94.971    578.690       0.042       1.825              204.476               0.000               0.000            12084.900   1.00000 
  1343.650          94.872    582.875       0.042       1.825              207.456               0.000               0.000            12292.357   1.00000 
  1344.650          94.772    587.084       0.042       1.825              210.567               0.000               0.000            12502.924   1.00000 
  1345.650          94.672    591.320       0.042       1.825              213.813               0.000               0.000            12716.737   1.00000 
  1346.650          94.571    595.584       0.042       1.825              217.198               0.000               0.000            12933.934   1.00000 
  1347.650          94.469    599.876       0.042       1.825              220.726               0.000               0.000            13154.661   1.00000 
  1348.650          94.366    604.197       0.042       1.825              224.404               0.000               0.000            13379.065   1.00000 
  1349.650          94.263    608.550       0.042       1.825              228.237               0.000               0.000            13607.302   1.00000 
  1350.650          94.159    612.936       0.042       1.825              232.229               0.000               0.000            13839.531   1.00000 
  1351.650          94.054    617.359       0.042       1.825              236.387               0.000               0.000            14075.918   1.00000 
  1352.650          93.948    621.820       0.042       1.825              240.715               0.000               0.000            14316.633   1.00000 
  1353.650          93.842    626.324       0.042       1.825              245.220               0.000               0.000            14561.854   1.00000 
  1354.650          93.734    630.872       0.042       1.825              249.908               0.000               0.000            14811.762   1.00000 
  1355.650          93.626    635.466       0.042       1.825              254.785               0.000               0.000            15066.547   1.00000 
  1356.650          93.518    640.109       0.042       1.825              259.857               0.000               0.000            15326.405   1.00000 
  1357.650          93.408    644.804       0.042       1.825              265.131               0.000               0.000            15591.536   1.00000 
  1358.650          93.297    649.551       0.042       1.825              270.614               0.000               0.000            15862.150   1.00000 
  1359.650          93.186    654.355       0.042       1.825              276.311               0.000               0.000            16138.461   1.00000 
  1360.650          93.074    659.217       0.042       1.825              282.231               0.000               0.000            16420.692   1.00000 
  1361.650          92.961    664.144       0.042       1.825              288.380               0.000               0.000            16709.072   1.00000 
  1362.650          92.847    669.139       0.042       1.825              294.766               0.000               0.000            17003.838   1.00000 
  1363.650          92.732    674.203       0.042       1.825              301.397               0.000               0.000            17305.235   1.00000 
  1364.650          92.617    679.341       0.042       1.825              308.279               0.000               0.000            17613.514   1.00000 
  1365.650          92.500    684.563       0.042       1.825              315.421               0.000               0.000            17928.935   1.00000 
  1366.650          92.383    689.873       0.042       1.825              322.831               0.000               0.000            18251.766   1.00000 
  1367.650          92.264    695.272       0.042       1.825              330.518               0.000               0.000            18582.284   1.00000 
  1368.650          92.145    700.777       0.042       1.825              338.488               0.000               0.000            18920.772   1.00000 
  1369.650          92.024    706.413       0.042       1.825              346.752               0.000               0.000            19267.525   1.00000 
  1370.650          91.903    712.182       0.042       1.825              355.317               0.000               0.000            19622.842   1.00000 
  1371.650          91.781    718.090       0.042       1.825              364.193               0.000               0.000            19987.035   1.00000 
  1372.650          91.658    724.335       0.042       1.825              373.388               0.000               0.000            20360.423   1.00000 
  1373.650          91.533    730.994       0.042       1.825              382.912               0.000               0.000            20743.335   1.00000 
  1374.650          91.408    738.124       0.042       1.825              392.772               0.000               0.000            21136.107   1.00000 
  1375.650          91.282    745.583       0.042       1.825              402.980               0.000               0.000            21539.087   1.00000 
  1376.650          91.155    753.304       0.042       1.825              413.544               0.000               0.000            21952.631   1.00000 
  1377.650          91.026    761.298       0.042       1.825              424.474               0.000               0.000            22377.105   1.00000 
  1378.650          90.897    769.480       0.042       1.825              435.778               0.000               0.000            22812.883   1.00000 
  1379.650          90.767    777.855       0.042       1.825              447.468               0.000               0.000            23260.351   1.00000 
  1380.650          90.635    786.413       0.042       1.825              459.551               0.000               0.000            23719.902   1.00000 
  1381.650          90.502    795.146       0.042       1.825              472.039               0.000               0.000            24191.941   1.00000 
  1382.650          90.369    804.057       0.042       1.825              484.940               0.000               0.000            24676.881   1.00000 
  1383.650          90.234    813.147       0.042       1.825              498.265               0.000               0.000            25175.146   1.00000 
  1384.650          90.098    822.419       0.042       1.825              512.022               0.000               0.000            25687.167   1.00000 
  1385.650          89.961    831.872       0.042       1.825              526.221               0.000               0.000            26213.388   1.00000 
  1386.650          89.822    841.509       0.042       1.825              540.871               0.000               0.000            26754.260   1.00000 
  1387.650          89.683    850.000       0.042       1.818              555.985               0.000               0.000            27310.244   1.00000 
  1388.650          89.542    850.000       0.041       1.762              571.564               0.000               0.000            27881.808   1.00000 
  1389.650          89.400    850.000       0.039       1.705              587.567               0.000               0.000            28469.375   1.00000 
  1390.650          89.257    850.000       0.038       1.646              603.984               0.000               0.000            29073.359   1.00000 
  1391.650          89.113    850.000       0.037       1.585              620.808               0.000               0.000            29694.168   1.00000 
  1392.650          88.967    850.000       0.036       1.523              638.029               0.000               0.000            30332.196   1.00000 
  1393.650          88.821    850.000       0.034       1.460              655.631               0.000               0.000            30987.828   1.00000 
  1394.650          88.672    850.000       0.033       1.394              673.597               0.000               0.000            31661.424   1.00000 
  1395.650          88.523    850.000       0.031       1.327              691.900               0.000               0.000            32353.325   1.00000 
  1396.650          88.373    850.000       0.030       1.259              710.510               0.000               0.000            33063.835   1.00000 
  1397.650          88.221    850.000       0.028       1.189              729.383               0.000               0.000            33793.217   1.00000 
  1398.650          88.068    850.000       0.027       1.117              748.467               0.000               0.000            34541.684   1.00000 
  1399.650          87.913    850.000       0.025       1.044              767.694               0.000               0.000            35309.378   1.00000 
  1400.650          87.758    850.000       0.023       0.969              786.979               0.000               0.000            36096.357   1.00000 
  1401.650          87.601    850.000       0.022       0.893              806.210               0.000               0.000            36902.566   1.00000 
  1402.650          87.442    850.000       0.020       0.815              825.242               0.000               0.000            37727.809   1.00000 
  1403.650          87.283    850.000       0.018       0.736              843.887               0.000               0.000            38571.696   1.00000 
  1404.650          87.122    850.000       0.016       0.656              861.892               0.000               0.000            39433.588   1.00000 
  1405.650          86.960    850.000       0.014       0.574              878.908               0.000               0.000            40312.496   1.00000 
  1406.650          86.797    850.000       0.012       0.492              894.448               0.000               0.000            41206.944   1.00000 
  1407.650          86.632    850.000       0.010       0.409              907.794               0.000               0.000            42114.738   1.00000 
  1408.650          86.467    850.000       0.008       0.326              917.833               0.000               0.000            43032.572   1.00000 
  1409.650          86.301    850.000       0.006       0.243              922.708               0.000               0.000            43955.279   1.00000 
  1410.650          86.134    850.000       0.004       0.161              918.936               0.000               0.000            44874.215   1.00000 
  1411.650          85.967    850.000       0.002       0.082              898.659               0.000               0.000            45772.874   1.00000 
  1412.650          85.802    850.000       0.000       0.010              836.241               0.000               0.000            46609.115   1.00000 
  1412.947          85.755    850.000       0.000       0.000              667.450               0.000               0.000            46807.050   1.00000 
