#_______________________________________________________________________________
#    ######   ####     ##             #####   #####     ##    #    #    ## 
#    #       #        #  #            #    #  #    #   #  #   ##  ##   #  #
#    #####    ####   ######           #    #  #####   ######  # ## #  ######
#    #            #  #    #           #    #  #    #  #    #  #    #  #    #
#____######__#####___#____#___________#####___#____#__#____#__#____#__#____#____
#
#              ESA Debris Risk Assessment and Mitigation Analysis
#
#                      ---- DRAMA ( SESAM 2.1.5 ) ----
#                                      ESA 2018
#
#                              aerothermal history file
#-------------------------------------------------------------------------------
# Filename      : PySara.Battery5.add9fe66-608e-4d9e-8747-8ace1c56ec7e_AeroThermalHistory.txt
# RunID         : PySara
# ObjectID      : add9fe66-608e-4d9e-8747-8ace1c56ec7e
# ObjectName    : Battery5
# ReferenceArea : 0.04756 [m^2]
# Content       : This file contains the aerothermal data of the object,
#                 computed by the DRAMA 3 Re-entry Analysis.
# Documentation : DRAMA Software User Manual, section OPERATIONS MANUAL / Normal operation / SARA / SARA Simulation Output / Re-entry simulation output
# Note          : The convective heat and the integrated heat values in this file take into account the visibility factor
#
#-------------------------------------------------------------------------------------------------------------------------------------------------------------------
#  Time [s]  Altitude [km]   Temp [K]   Mass [kg]   Thick [mm]  Convective Heat [W]  Radiative Heat [W]  Oxidation Heat [W]  Integrated Heat [J] VisibilityFactor [-]
#-------------------------------------------------------------------------------------------------------------------------------------------------------------------
  2353.100          90.144    300.000       4.870       7.166            23415.445               0.000               0.000                0.000   1.00000 
  2353.200          90.139    300.546       4.870       7.166            23429.931               0.000               0.000             2342.993   1.00000 
  2353.650          90.113    303.007       4.870       7.166            23497.283               0.000               0.000            12916.770   1.00000 
  2354.650          90.056    308.507       4.870       7.166            23652.246               0.000               0.000            36569.016   1.00000 
  2355.650          89.999    314.031       4.870       7.166            23819.540               0.000               0.000            60388.557   1.00000 
  2356.650          89.942    319.579       4.870       7.166            23987.758               0.000               0.000            84376.315   1.00000 
  2357.650          89.884    325.152       4.870       7.166            24156.901               0.000               0.000           108533.215   1.00000 
  2358.650          89.827    330.749       4.870       7.166            24326.973               0.000               0.000           132860.188   1.00000 
  2359.650          89.769    336.370       4.870       7.166            24497.976               0.000               0.000           157358.164   1.00000 
  2360.650          89.712    342.016       4.870       7.166            24669.915               0.000               0.000           182028.079   1.00000 
  2361.650          89.654    347.685       4.870       7.166            24842.792               0.000               0.000           206870.871   1.00000 
  2362.650          89.596    353.379       4.870       7.166            25016.610               0.000               0.000           231887.481   1.00000 
  2363.650          89.537    359.096       4.870       7.166            25191.373               0.000               0.000           257078.854   1.00000 
  2364.650          89.479    364.834       4.870       7.166            25367.083               0.000               0.000           282445.937   1.00000 
  2365.650          89.421    370.593       4.870       7.166            25543.745               0.000               0.000           307989.682   1.00000 
  2366.650          89.362    376.371       4.870       7.166            25721.361               0.000               0.000           333711.044   1.00000 
  2367.650          89.303    382.168       4.870       7.166            25899.935               0.000               0.000           359610.979   1.00000 
  2368.650          89.244    387.982       4.870       7.166            26079.470               0.000               0.000           385690.449   1.00000 
  2369.650          89.185    393.812       4.870       7.166            26259.970               0.000               0.000           411950.419   1.00000 
  2370.650          89.126    399.658       4.870       7.166            26441.438               0.000               0.000           438391.857   1.00000 
  2371.650          89.067    405.518       4.870       7.166            26623.878               0.000               0.000           465015.735   1.00000 
  2372.650          89.007    411.393       4.870       7.166            26807.293               0.000               0.000           491823.027   1.00000 
  2373.650          88.948    417.282       4.870       7.166            26991.687               0.000               0.000           518814.714   1.00000 
  2374.650          88.888    423.188       4.870       7.166            27177.063               0.000               0.000           545991.777   1.00000 
  2375.650          88.828    429.112       4.870       7.166            27363.426               0.000               0.000           573355.203   1.00000 
  2376.650          88.768    435.053       4.870       7.166            27550.779               0.000               0.000           600905.983   1.00000 
  2377.650          88.708    441.009       4.870       7.166            27739.127               0.000               0.000           628645.109   1.00000 
  2378.650          88.647    446.969       4.870       7.166            27928.472               0.000               0.000           656573.581   1.00000 
  2379.650          88.587    452.933       4.870       7.166            28118.819               0.000               0.000           684692.400   1.00000 
  2380.650          88.526    458.903       4.870       7.166            28310.172               0.000               0.000           713002.572   1.00000 
  2381.650          88.466    464.843       4.870       7.166            28502.535               0.000               0.000           741505.108   1.00000 
  2382.650          88.405    470.754       4.870       7.166            28695.913               0.000               0.000           770201.021   1.00000 
  2383.650          88.343    476.638       4.870       7.166            28890.309               0.000               0.000           799091.330   1.00000 
  2384.650          88.282    482.465       4.870       7.166            29085.729               0.000               0.000           828177.059   1.00000 
  2385.650          88.221    488.219       4.870       7.166            29282.175               0.000               0.000           857459.234   1.00000 
  2386.650          88.159    493.905       4.870       7.166            29479.654               0.000               0.000           886938.888   1.00000 
  2387.650          88.097    499.533       4.870       7.166            29678.169               0.000               0.000           916617.056   1.00000 
  2388.650          88.036    505.140       4.870       7.166            29877.725               0.000               0.000           946494.781   1.00000 
  2389.650          87.973    510.727       4.870       7.166            30078.327               0.000               0.000           976573.108   1.00000 
  2390.650          87.911    516.294       4.870       7.166            30279.980               0.000               0.000          1006853.088   1.00000 
  2391.650          87.849    521.893       4.870       7.166            30482.688               0.000               0.000          1037335.776   1.00000 
  2392.650          87.786    527.557       4.870       7.166            30686.457               0.000               0.000          1068022.233   1.00000 
  2393.650          87.724    533.289       4.870       7.166            30891.293               0.000               0.000          1098913.526   1.00000 
  2394.650          87.661    539.090       4.870       7.166            31097.199               0.000               0.000          1130010.725   1.00000 
  2395.650          87.598    544.982       4.870       7.166            31304.182               0.000               0.000          1161314.907   1.00000 
  2396.650          87.535    550.967       4.870       7.166            31512.247               0.000               0.000          1192827.154   1.00000 
  2397.650          87.471    557.047       4.870       7.166            31721.400               0.000               0.000          1224548.554   1.00000 
  2398.650          87.408    563.193       4.870       7.166            31931.647               0.000               0.000          1256480.201   1.00000 
  2399.650          87.344    569.388       4.870       7.166            32142.992               0.000               0.000          1288623.193   1.00000 
  2400.650          87.280    575.633       4.870       7.166            32355.443               0.000               0.000          1320978.636   1.00000 
  2401.650          87.216    581.892       4.870       7.166            32569.005               0.000               0.000          1353547.641   1.00000 
  2402.650          87.152    588.119       4.870       7.166            32783.685               0.000               0.000          1386331.326   1.00000 
  2403.650          87.088    594.315       4.870       7.166            32999.489               0.000               0.000          1419330.815   1.00000 
  2404.650          87.023    600.479       4.870       7.166            33216.424               0.000               0.000          1452547.239   1.00000 
  2405.650          86.959    606.607       4.870       7.166            33434.496               0.000               0.000          1485981.736   1.00000 
  2406.650          86.894    612.700       4.870       7.166            33653.713               0.000               0.000          1519635.448   1.00000 
  2407.650          86.829    618.760       4.870       7.166            33874.080               0.000               0.000          1553509.528   1.00000 
  2408.650          86.764    624.790       4.870       7.166            34095.606               0.000               0.000          1587605.134   1.00000 
  2409.650          86.698    630.793       4.870       7.166            34318.298               0.000               0.000          1621923.432   1.00000 
  2410.650          86.633    636.768       4.870       7.166            34542.163               0.000               0.000          1656465.596   1.00000 
  2411.650          86.567    642.716       4.870       7.166            34767.210               0.000               0.000          1691232.805   1.00000 
  2412.650          86.501    648.639       4.870       7.166            34993.445               0.000               0.000          1726226.250   1.00000 
  2413.650          86.435    654.538       4.870       7.166            35220.878               0.000               0.000          1761447.128   1.00000 
  2414.650          86.369    660.413       4.870       7.166            35449.515               0.000               0.000          1796896.643   1.00000 
  2415.650          86.302    666.271       4.870       7.166            35679.368               0.000               0.000          1832576.011   1.00000 
  2416.650          86.236    672.112       4.870       7.166            35910.442               0.000               0.000          1868486.453   1.00000 
  2417.650          86.169    677.936       4.870       7.166            36142.749               0.000               0.000          1904629.202   1.00000 
  2418.650          86.102    683.755       4.870       7.166            36376.296               0.000               0.000          1941005.498   1.00000 
  2419.650          86.035    689.569       4.870       7.166            36611.094               0.000               0.000          1977616.592   1.00000 
  2420.650          85.967    695.380       4.870       7.166            36847.151               0.000               0.000          2014463.743   1.00000 
  2421.650          85.900    701.203       4.870       7.166            37084.479               0.000               0.000          2051548.222   1.00000 
  2422.650          85.832    707.060       4.870       7.166            37323.086               0.000               0.000          2088871.308   1.00000 
  2423.650          85.764    712.951       4.870       7.166            37562.985               0.000               0.000          2126434.293   1.00000 
  2424.650          85.696    718.876       4.870       7.166            37804.184               0.000               0.000          2164238.477   1.00000 
  2425.650          85.628    725.056       4.870       7.166            38046.696               0.000               0.000          2202285.173   1.00000 
  2426.650          85.559    731.524       4.870       7.166            38290.530               0.000               0.000          2240575.703   1.00000 
  2427.650          85.491    738.316       4.870       7.166            38535.701               0.000               0.000          2279111.404   1.00000 
  2428.650          85.422    745.269       4.870       7.166            38782.218               0.000               0.000          2317893.622   1.00000 
  2429.650          85.353    752.330       4.870       7.166            39030.094               0.000               0.000          2356923.715   1.00000 
  2430.650          85.284    759.502       4.870       7.166            39279.341               0.000               0.000          2396203.057   1.00000 
  2431.650          85.214    766.715       4.870       7.166            39529.974               0.000               0.000          2435733.030   1.00000 
  2432.650          85.145    773.963       4.870       7.166            39782.004               0.000               0.000          2475515.034   1.00000 
  2433.650          85.075    781.241       4.870       7.166            40035.445               0.000               0.000          2515550.479   1.00000 
  2434.650          85.005    788.533       4.870       7.166            40290.311               0.000               0.000          2555840.789   1.00000 
  2435.650          84.934    795.838       4.870       7.166            40546.616               0.000               0.000          2596387.405   1.00000 
  2436.650          84.864    803.156       4.870       7.166            40804.372               0.000               0.000          2637191.778   1.00000 
  2437.650          84.793    810.484       4.870       7.166            41063.591               0.000               0.000          2678255.368   1.00000 
  2438.650          84.723    817.823       4.870       7.166            41324.284               0.000               0.000          2719579.652   1.00000 
  2439.650          84.651    825.171       4.870       7.166            41586.462               0.000               0.000          2761166.115   1.00000 
  2440.650          84.580    832.527       4.870       7.166            41850.138               0.000               0.000          2803016.253   1.00000 
  2441.650          84.509    839.889       4.870       7.166            42115.324               0.000               0.000          2845131.577   1.00000 
  2442.650          84.437    847.186       4.870       7.166            42382.033               0.000               0.000          2887513.611   1.00000 
  2443.650          84.365    850.000       4.810       7.070            42650.277               0.000               0.000          2930163.888   1.00000 
  2444.650          84.293    850.000       4.710       6.913            42920.045               0.000               0.000          2973083.933   1.00000 
  2445.650          84.221    850.000       4.610       6.754            43191.328               0.000               0.000          3016275.261   1.00000 
  2446.650          84.148    850.000       4.509       6.596            43464.135               0.000               0.000          3059739.396   1.00000 
  2447.650          84.075    850.000       4.407       6.436            43738.477               0.000               0.000          3103477.874   1.00000 
  2448.650          84.002    850.000       4.305       6.277            44014.367               0.000               0.000          3147492.240   1.00000 
  2449.650          83.929    850.000       4.201       6.116            44291.814               0.000               0.000          3191784.054   1.00000 
  2450.650          83.856    850.000       4.098       5.956            44570.831               0.000               0.000          3236354.886   1.00000 
  2451.650          83.782    850.000       3.993       5.794            44851.431               0.000               0.000          3281206.316   1.00000 
  2452.650          83.708    850.000       3.888       5.632            45133.624               0.000               0.000          3326339.941   1.00000 
  2453.650          83.634    850.000       3.782       5.470            45417.425               0.000               0.000          3371757.366   1.00000 
  2454.650          83.560    850.000       3.676       5.307            45702.846               0.000               0.000          3417460.211   1.00000 
  2455.650          83.485    850.000       3.568       5.143            45989.899               0.000               0.000          3463450.111   1.00000 
  2456.650          83.411    850.000       3.460       4.979            46278.599               0.000               0.000          3509728.709   1.00000 
  2457.650          83.336    850.000       3.352       4.815            46568.958               0.000               0.000          3556297.667   1.00000 
  2458.650          83.261    850.000       3.242       4.650            46860.991               0.000               0.000          3603158.658   1.00000 
  2459.650          83.185    850.000       3.132       4.484            47154.711               0.000               0.000          3650313.368   1.00000 
  2460.650          83.109    850.000       3.021       4.318            47450.133               0.000               0.000          3697763.502   1.00000 
  2461.650          83.033    850.000       2.909       4.151            47747.272               0.000               0.000          3745510.773   1.00000 
  2462.650          82.957    850.000       2.797       3.984            48046.142               0.000               0.000          3793556.915   1.00000 
  2463.650          82.881    850.000       2.683       3.816            48346.759               0.000               0.000          3841903.674   1.00000 
  2464.650          82.804    850.000       2.570       3.648            48649.139               0.000               0.000          3890552.813   1.00000 
  2465.650          82.727    850.000       2.455       3.479            48953.296               0.000               0.000          3939506.109   1.00000 
  2466.650          82.650    850.000       2.339       3.310            49259.248               0.000               0.000          3988765.357   1.00000 
  2467.650          82.573    850.000       2.223       3.140            49567.011               0.000               0.000          4038332.368   1.00000 
  2468.650          82.495    850.000       2.106       2.970            49876.600               0.000               0.000          4088208.968   1.00000 
  2469.650          82.417    850.000       1.988       2.799            50188.035               0.000               0.000          4138397.003   1.00000 
  2470.650          82.339    850.000       1.870       2.627            50501.331               0.000               0.000          4188898.334   1.00000 
  2471.650          82.261    850.000       1.750       2.455            50816.506               0.000               0.000          4239714.840   1.00000 
  2472.650          82.182    850.000       1.630       2.283            51133.580               0.000               0.000          4290848.420   1.00000 
  2473.650          82.103    850.000       1.509       2.110            51452.569               0.000               0.000          4342300.989   1.00000 
  2474.650          82.024    850.000       1.387       1.936            51773.492               0.000               0.000          4394074.482   1.00000 
  2475.650          81.945    850.000       1.265       1.762            52096.370               0.000               0.000          4446170.852   1.00000 
  2476.650          81.865    850.000       1.141       1.587            52421.220               0.000               0.000          4498592.071   1.00000 
  2477.650          81.785    850.000       1.017       1.412            52748.062               0.000               0.000          4551340.134   1.00000 
  2478.650          81.705    850.000       0.892       1.236            53076.917               0.000               0.000          4604417.051   1.00000 
  2479.650          81.624    850.000       0.766       1.060            53407.805               0.000               0.000          4657824.855   1.00000 
  2480.650          81.544    850.000       0.640       0.883            53740.746               0.000               0.000          4711565.601   1.00000 
  2481.650          81.463    850.000       0.512       0.706            54075.761               0.000               0.000          4765641.362   1.00000 
  2482.650          81.381    850.000       0.384       0.528            54412.873               0.000               0.000          4820054.235   1.00000 
  2483.650          81.300    850.000       0.255       0.350            54752.101               0.000               0.000          4874806.337   1.00000 
  2484.650          81.218    850.000       0.124       0.171            55093.469               0.000               0.000          4929899.806   1.00000 
  2485.650          81.136    850.000       0.000       0.000            55436.998               0.000               0.000          4985336.804   1.00000 
