#_______________________________________________________________________________
#    ######   ####     ##             #####   #####     ##    #    #    ##
#    #       #        #  #            #    #  #    #   #  #   ##  ##   #  #
#    #####    ####   ######           #    #  #####   ######  # ## #  ######
#    #            #  #    #           #    #  #    #  #    #  #    #  #    #
#____######__#####___#____#___________#####___#____#__#____#__#____#__#____#____
#
#              ESA Debris Risk Assessment and Mitigation Analysis
#
#                      ---- DRAMA ( SESAM 2.1.5 ) ----
#                                      ESA 2018 
#
#                              trajectory history file
#-------------------------------------------------------------------------------
# Filename      : PySara.SADM2-internal.40fdfd8c-e723-4faa-9e1f-5f012fbe443a_Trajectory.txt
# RunID         : PySara
# ObjectID      : 40fdfd8c-e723-4faa-9e1f-5f012fbe443a
# ObjectName    : SADM2-internal
# Content       : This file contains the trajectory state data of the object,
#                 computed by the DRAMA 3 Re-entry Analysis.
# Documentation : DRAMA Software User Manual, section OPERATIONS MANUAL / Normal operation / SARA / SARA Simulation Output / Re-entry simulation output
#
#--------------------------------------------------------------------------------------------------------------------------------------------------------------------------------------------
#  Time [s]  Altitude [km]  Lat [deg]  Lon [deg]  Velocity [km/s]   Downrange [km]       Drag       Lift       Side    Knudsen       Mach  Flight Path [deg]  Heading [deg]  Density [kg/m^2]
#--------------------------------------------------------------------------------------------------------------------------------------------------------------------------------------------
  2497.650          79.703      9.547     91.026            7.155        18058.672      1.268      0.000      0.000    0.01081   25.24297           -0.77117       85.66238         1.901e-05 
  2497.750          79.693      9.547     91.032            7.155        18059.379      1.268      0.000      0.000    0.01079   25.24122           -0.77164       85.66358         1.904e-05 
  2498.200          79.650      9.549     91.061            7.153        18062.558      1.268      0.000      0.000    0.01072   25.23307           -0.77376       85.66900         1.916e-05 
  2499.200          79.553      9.554     91.125            7.149        18069.620      1.268      0.000      0.000    0.01057   25.21423           -0.77853       85.68106         1.944e-05 
  2500.200          79.455      9.559     91.189            7.145        18076.678      1.268      0.000      0.000    0.01040   25.19376           -0.78337       85.69311         1.975e-05 
  2501.200          79.357      9.564     91.254            7.141        18083.732      1.268      0.000      0.000    0.01023   25.17304           -0.78828       85.70516         2.007e-05 
  2502.200          79.259      9.568     91.318            7.137        18090.783      1.268      0.000      0.000    0.01007   25.15206           -0.79328       85.71722         2.040e-05 
  2503.200          79.160      9.573     91.382            7.133        18097.829      1.268      0.000      0.000    0.00991   25.13083           -0.79835       85.72927         2.073e-05 
  2504.200          79.060      9.578     91.446            7.129        18104.872      1.268      0.000      0.000    0.00975   25.10934           -0.80351       85.74132         2.107e-05 
  2505.200          78.960      9.583     91.510            7.125        18111.911      1.268      0.000      0.000    0.00959   25.08758           -0.80874       85.75338         2.142e-05 
  2506.200          78.859      9.587     91.573            7.121        18118.946      1.268      0.000      0.000    0.00944   25.06556           -0.81406       85.76543         2.177e-05 
  2507.200          78.757      9.592     91.637            7.117        18125.977      1.268      0.000      0.000    0.00928   25.04326           -0.81946       85.77749         2.213e-05 
  2508.200          78.655      9.597     91.701            7.112        18133.003      1.268      0.000      0.000    0.00913   25.02069           -0.82495       85.78954         2.250e-05 
  2509.200          78.553      9.601     91.765            7.108        18140.026      1.268      0.000      0.000    0.00898   24.99783           -0.83052       85.80160         2.288e-05 
  2510.200          78.449      9.606     91.829            7.103        18147.044      1.268      0.000      0.000    0.00883   24.97470           -0.83618       85.81365         2.327e-05 
  2511.200          78.345      9.611     91.892            7.099        18154.057      1.268      0.000      0.000    0.00868   24.95127           -0.84193       85.82571         2.367e-05 
  2512.200          78.241      9.615     91.956            7.094        18161.066      1.268      0.000      0.000    0.00853   24.92756           -0.84778       85.83776         2.407e-05 
  2513.200          78.135      9.620     92.020            7.089        18168.071      1.268      0.000      0.000    0.00839   24.90355           -0.85371       85.84981         2.448e-05 
  2514.200          78.029      9.624     92.083            7.085        18175.071      1.268      0.000      0.000    0.00825   24.87924           -0.85974       85.86187         2.491e-05 
  2515.200          77.923      9.629     92.147            7.080        18182.067      1.268      0.000      0.000    0.00811   24.85462           -0.86587       85.87392         2.534e-05 
  2516.200          77.815      9.634     92.210            7.075        18189.058      1.268      0.000      0.000    0.00797   24.82970           -0.87209       85.88597         2.579e-05 
  2517.200          77.707      9.638     92.274            7.070        18196.044      1.268      0.000      0.000    0.00783   24.80446           -0.87841       85.89802         2.624e-05 
  2518.200          77.599      9.643     92.337            7.065        18203.025      1.268      0.000      0.000    0.00769   24.77891           -0.88483       85.91007         2.671e-05 
  2519.200          77.489      9.647     92.401            7.060        18210.001      1.268      0.000      0.000    0.00756   24.75303           -0.89136       85.92212         2.718e-05 
  2520.200          77.379      9.652     92.464            7.054        18216.972      1.268      0.000      0.000    0.00742   24.72682           -0.89798       85.93417         2.767e-05 
  2521.200          77.268      9.656     92.527            7.049        18223.938      1.268      0.000      0.000    0.00729   24.70028           -0.90472       85.94621         2.817e-05 
  2522.200          77.156      9.660     92.591            7.044        18230.898      1.268      0.000      0.000    0.00716   24.67340           -0.91156       85.95825         2.868e-05 
  2523.200          77.044      9.665     92.654            7.038        18237.854      1.268      0.000      0.000    0.00703   24.64618           -0.91851       85.97030         2.921e-05 
  2524.200          76.931      9.669     92.717            7.032        18244.804      1.268      0.000      0.000    0.00691   24.61862           -0.92557       85.98234         2.974e-05 
  2525.200          76.817      9.674     92.780            7.027        18251.748      1.268      0.000      0.000    0.00678   24.59069           -0.93275       85.99438         3.029e-05 
  2526.200          76.702      9.678     92.843            7.021        18258.687      1.268      0.000      0.000    0.00666   24.56241           -0.94004       86.00642         3.086e-05 
  2527.200          76.586      9.682     92.906            7.015        18265.620      1.268      0.000      0.000    0.00654   24.53377           -0.94745       86.01845         3.144e-05 
  2528.200          76.470      9.687     92.969            7.009        18272.547      1.268      0.000      0.000    0.00641   24.50475           -0.95498       86.03048         3.203e-05 
  2529.200          76.353      9.691     93.032            7.003        18279.469      1.268      0.000      0.000    0.00629   24.47536           -0.96263       86.04251         3.264e-05 
  2530.200          76.235      9.695     93.095            6.997        18286.384      1.268      0.000      0.000    0.00618   24.44559           -0.97040       86.05454         3.326e-05 
  2531.200          76.116      9.700     93.158            6.990        18293.294      1.268      0.000      0.000    0.00606   24.41543           -0.97830       86.06657         3.390e-05 
  2532.200          75.996      9.704     93.221            6.984        18300.197      1.268      0.000      0.000    0.00595   24.38487           -0.98633       86.07859         3.456e-05 
  2533.200          75.875      9.708     93.283            6.977        18307.094      1.268      0.000      0.000    0.00583   24.35260           -0.99449       86.09062         3.523e-05 
  2534.200          75.754      9.712     93.346            6.968        18313.982      1.268      0.000      0.000    0.00572   24.31440           -1.00280       86.10264         3.592e-05 
  2535.200          75.631      9.717     93.409            6.956        18320.861      1.268      0.000      0.000    0.00561   24.26610           -1.01129       86.11467         3.663e-05 
  2536.200          75.508      9.721     93.471            6.938        18327.726      1.268      0.000      0.000    0.00550   24.19859           -1.02004       86.12672         3.736e-05 
  2537.200          75.385      9.725     93.533            6.905        18334.565      1.268      0.000      0.000    0.00539   24.07994           -1.02917       86.13881         3.810e-05 
  2538.200          75.262      9.729     93.594            6.669        18341.270      1.268      0.000      0.000    0.00529   23.33382           -1.03933       86.15181         3.885e-05 
