#_______________________________________________________________________________
#    ######   ####     ##             #####   #####     ##    #    #    ## 
#    #       #        #  #            #    #  #    #   #  #   ##  ##   #  #
#    #####    ####   ######           #    #  #####   ######  # ## #  ######
#    #            #  #    #           #    #  #    #  #    #  #    #  #    #
#____######__#####___#____#___________#####___#____#__#____#__#____#__#____#____
#
#              ESA Debris Risk Assessment and Mitigation Analysis
#
#                      ---- DRAMA ( SESAM 2.1.5 ) ----
#                                      ESA 2018
#
#                              aerothermal history file
#-------------------------------------------------------------------------------
# Filename      : PySara.EPRM.6d068f8c-42c1-4e67-8a34-0e2d5d014c75_AeroThermalHistory.txt
# RunID         : PySara
# ObjectID      : 6d068f8c-42c1-4e67-8a34-0e2d5d014c75
# ObjectName    : EPRM
# ReferenceArea : 0.046374 [m^2]
# Content       : This file contains the aerothermal data of the object,
#                 computed by the DRAMA 3 Re-entry Analysis.
# Documentation : DRAMA Software User Manual, section OPERATIONS MANUAL / Normal operation / SARA / SARA Simulation Output / Re-entry simulation output
# Note          : The convective heat and the integrated heat values in this file take into account the visibility factor
#
#-------------------------------------------------------------------------------------------------------------------------------------------------------------------
#  Time [s]  Altitude [km]   Temp [K]   Mass [kg]   Thick [mm]  Convective Heat [W]  Radiative Heat [W]  Oxidation Heat [W]  Integrated Heat [J] VisibilityFactor [-]
#-------------------------------------------------------------------------------------------------------------------------------------------------------------------
  2353.100          90.144    300.000       4.855       7.158            22110.444               0.000               0.000                0.000   1.00000 
  2353.200          90.139    300.517       4.855       7.158            22123.791               0.000               0.000             2212.379   1.00000 
  2353.650          90.113    302.848       4.855       7.158            22185.836               0.000               0.000            12196.005   1.00000 
  2354.650          90.056    308.056       4.855       7.158            22328.548               0.000               0.000            34524.553   1.00000 
  2355.650          89.999    313.287       4.855       7.158            22482.547               0.000               0.000            57007.100   1.00000 
  2356.650          89.942    318.540       4.855       7.158            22637.329               0.000               0.000            79644.429   1.00000 
  2357.650          89.885    323.816       4.855       7.158            22792.899               0.000               0.000           102437.328   1.00000 
  2358.650          89.827    329.115       4.855       7.158            22949.261               0.000               0.000           125386.589   1.00000 
  2359.650          89.769    334.437       4.855       7.158            23106.423               0.000               0.000           148493.012   1.00000 
  2360.650          89.712    339.781       4.855       7.158            23264.389               0.000               0.000           171757.401   1.00000 
  2361.650          89.654    345.148       4.855       7.158            23423.165               0.000               0.000           195180.567   1.00000 
  2362.650          89.596    350.538       4.855       7.158            23582.758               0.000               0.000           218763.324   1.00000 
  2363.650          89.537    355.950       4.855       7.158            23743.172               0.000               0.000           242506.497   1.00000 
  2364.650          89.479    361.383       4.855       7.158            23904.415               0.000               0.000           266410.911   1.00000 
  2365.650          89.421    366.835       4.855       7.158            24066.491               0.000               0.000           290477.402   1.00000 
  2366.650          89.362    372.307       4.855       7.158            24229.407               0.000               0.000           314706.809   1.00000 
  2367.650          89.303    377.797       4.855       7.158            24393.170               0.000               0.000           339099.979   1.00000 
  2368.650          89.244    383.304       4.855       7.158            24557.785               0.000               0.000           363657.764   1.00000 
  2369.650          89.185    388.826       4.855       7.158            24723.259               0.000               0.000           388381.023   1.00000 
  2370.650          89.126    394.364       4.855       7.158            24889.599               0.000               0.000           413270.622   1.00000 
  2371.650          89.066    399.918       4.855       7.158            25056.810               0.000               0.000           438327.432   1.00000 
  2372.650          89.006    405.485       4.855       7.158            25224.900               0.000               0.000           463552.332   1.00000 
  2373.650          88.947    411.065       4.855       7.158            25393.875               0.000               0.000           488946.207   1.00000 
  2374.650          88.887    416.660       4.855       7.158            25563.742               0.000               0.000           514509.949   1.00000 
  2375.650          88.826    422.270       4.855       7.158            25734.509               0.000               0.000           540244.458   1.00000 
  2376.650          88.766    427.897       4.855       7.158            25906.180               0.000               0.000           566150.638   1.00000 
  2377.650          88.705    433.541       4.855       7.158            26078.765               0.000               0.000           592229.404   1.00000 
  2378.650          88.645    439.201       4.855       7.158            26252.270               0.000               0.000           618481.674   1.00000 
  2379.650          88.584    444.866       4.855       7.158            26426.702               0.000               0.000           644908.376   1.00000 
  2380.650          88.523    450.536       4.855       7.158            26602.069               0.000               0.000           671510.445   1.00000 
  2381.650          88.461    456.211       4.855       7.158            26778.378               0.000               0.000           698288.823   1.00000 
  2382.650          88.400    461.874       4.855       7.158            26955.636               0.000               0.000           725244.459   1.00000 
  2383.650          88.338    467.511       4.855       7.158            27133.852               0.000               0.000           752378.311   1.00000 
  2384.650          88.276    473.123       4.855       7.158            27313.032               0.000               0.000           779691.343   1.00000 
  2385.650          88.214    478.710       4.855       7.158            27493.185               0.000               0.000           807184.528   1.00000 
  2386.650          88.152    484.230       4.855       7.158            27674.319               0.000               0.000           834858.847   1.00000 
  2387.650          88.090    489.686       4.855       7.158            27856.442               0.000               0.000           862715.289   1.00000 
  2388.650          88.027    495.083       4.855       7.158            28039.562               0.000               0.000           890754.851   1.00000 
  2389.650          87.964    500.437       4.855       7.158            28223.686               0.000               0.000           918978.537   1.00000 
  2390.650          87.901    505.772       4.855       7.158            28408.825               0.000               0.000           947387.362   1.00000 
  2391.650          87.838    511.091       4.855       7.158            28594.985               0.000               0.000           975982.348   1.00000 
  2392.650          87.774    516.392       4.855       7.158            28782.177               0.000               0.000          1004764.525   1.00000 
  2393.650          87.710    521.727       4.855       7.158            28970.408               0.000               0.000          1033734.932   1.00000 
  2394.650          87.646    527.121       4.855       7.158            29159.687               0.000               0.000          1062894.619   1.00000 
  2395.650          87.582    532.578       4.855       7.158            29350.023               0.000               0.000          1092244.642   1.00000 
  2396.650          87.518    538.098       4.855       7.158            29541.426               0.000               0.000          1121786.068   1.00000 
  2397.650          87.453    543.699       4.855       7.158            29733.905               0.000               0.000          1151519.974   1.00000 
  2398.650          87.388    549.384       4.855       7.158            29927.469               0.000               0.000          1181447.443   1.00000 
  2399.650          87.323    555.157       4.855       7.158            30122.128               0.000               0.000          1211569.571   1.00000 
  2400.650          87.257    561.003       4.855       7.158            30317.892               0.000               0.000          1241887.463   1.00000 
  2401.650          87.192    566.895       4.855       7.158            30514.769               0.000               0.000          1272402.232   1.00000 
  2402.650          87.126    572.832       4.855       7.158            30712.771               0.000               0.000          1303115.004   1.00000 
  2403.650          87.060    578.815       4.855       7.158            30911.908               0.000               0.000          1334026.912   1.00000 
  2404.650          86.993    584.772       4.855       7.158            31112.190               0.000               0.000          1365139.101   1.00000 
  2405.650          86.927    590.700       4.855       7.158            31313.626               0.000               0.000          1396452.728   1.00000 
  2406.650          86.860    596.601       4.855       7.158            31516.229               0.000               0.000          1427968.957   1.00000 
  2407.650          86.792    602.473       4.855       7.158            31720.009               0.000               0.000          1459688.966   1.00000 
  2408.650          86.725    608.313       4.855       7.158            31924.977               0.000               0.000          1491613.942   1.00000 
  2409.650          86.657    614.122       4.855       7.158            32131.143               0.000               0.000          1523745.086   1.00000 
  2410.650          86.589    619.903       4.855       7.158            32338.520               0.000               0.000          1556083.606   1.00000 
  2411.650          86.521    625.658       4.855       7.158            32547.120               0.000               0.000          1588630.726   1.00000 
  2412.650          86.453    631.389       4.855       7.158            32756.953               0.000               0.000          1621387.678   1.00000 
  2413.650          86.384    637.096       4.855       7.158            32968.032               0.000               0.000          1654355.710   1.00000 
  2414.650          86.315    642.781       4.855       7.158            33180.369               0.000               0.000          1687536.079   1.00000 
  2415.650          86.245    648.442       4.855       7.158            33393.977               0.000               0.000          1720930.056   1.00000 
  2416.650          86.176    654.082       4.855       7.158            33608.868               0.000               0.000          1754538.923   1.00000 
  2417.650          86.106    659.703       4.855       7.158            33825.055               0.000               0.000          1788363.978   1.00000 
  2418.650          86.035    665.308       4.855       7.158            34042.551               0.000               0.000          1822406.529   1.00000 
  2419.650          85.965    670.898       4.855       7.158            34261.370               0.000               0.000          1856667.900   1.00000 
  2420.650          85.894    676.475       4.855       7.158            34481.526               0.000               0.000          1891149.426   1.00000 
  2421.650          85.823    682.044       4.855       7.158            34703.032               0.000               0.000          1925852.458   1.00000 
  2422.650          85.751    687.612       4.855       7.158            34925.903               0.000               0.000          1960778.360   1.00000 
  2423.650          85.679    693.177       4.855       7.158            35150.152               0.000               0.000          1995928.512   1.00000 
  2424.650          85.607    698.741       4.855       7.158            35375.795               0.000               0.000          2031304.308   1.00000 
  2425.650          85.535    704.338       4.855       7.158            35602.848               0.000               0.000          2066907.155   1.00000 
  2426.650          85.462    709.967       4.855       7.158            35831.324               0.000               0.000          2102738.479   1.00000 
  2427.650          85.389    715.628       4.855       7.158            36061.241               0.000               0.000          2138799.720   1.00000 
  2428.650          85.316    721.415       4.855       7.158            36292.614               0.000               0.000          2175092.334   1.00000 
  2429.650          85.242    727.451       4.855       7.158            36525.460               0.000               0.000          2211617.794   1.00000 
  2430.650          85.168    733.766       4.855       7.158            36759.795               0.000               0.000          2248377.588   1.00000 
  2431.650          85.093    740.367       4.855       7.158            36995.636               0.000               0.000          2285373.225   1.00000 
  2432.650          85.019    747.068       4.855       7.158            37233.002               0.000               0.000          2322606.227   1.00000 
  2433.650          84.944    753.871       4.855       7.158            37471.910               0.000               0.000          2360078.137   1.00000 
  2434.650          84.868    760.769       4.855       7.158            37712.376               0.000               0.000          2397790.513   1.00000 
  2435.650          84.792    767.701       4.855       7.158            37954.414               0.000               0.000          2435744.927   1.00000 
  2436.650          84.716    774.665       4.855       7.158            38198.039               0.000               0.000          2473942.966   1.00000 
  2437.650          84.639    781.658       4.855       7.158            38443.266               0.000               0.000          2512386.232   1.00000 
  2438.650          84.563    788.665       4.855       7.158            38690.111               0.000               0.000          2551076.343   1.00000 
  2439.650          84.485    795.686       4.855       7.158            38938.587               0.000               0.000          2590014.930   1.00000 
  2440.650          84.408    802.720       4.855       7.158            39188.712               0.000               0.000          2629203.642   1.00000 
  2441.650          84.330    809.766       4.855       7.158            39440.500               0.000               0.000          2668644.142   1.00000 
  2442.650          84.251    816.825       4.855       7.158            39693.968               0.000               0.000          2708338.110   1.00000 
  2443.650          84.172    823.893       4.855       7.158            39949.133               0.000               0.000          2748287.243   1.00000 
  2444.650          84.093    830.970       4.855       7.158            40206.010               0.000               0.000          2788493.253   1.00000 
  2445.650          84.013    838.056       4.855       7.158            40464.617               0.000               0.000          2828957.870   1.00000 
  2446.650          83.933    845.099       4.855       7.158            40724.971               0.000               0.000          2869682.841   1.00000 
  2447.650          83.853    850.000       4.827       7.113            40987.089               0.000               0.000          2910669.930   1.00000 
  2448.650          83.772    850.000       4.731       6.962            41250.867               0.000               0.000          2951920.798   1.00000 
  2449.650          83.691    850.000       4.635       6.810            41516.000               0.000               0.000          2993436.798   1.00000 
  2450.650          83.609    850.000       4.538       6.658            41782.426               0.000               0.000          3035219.224   1.00000 
  2451.650          83.527    850.000       4.441       6.505            42050.124               0.000               0.000          3077269.348   1.00000 
  2452.650          83.445    850.000       4.343       6.351            42319.070               0.000               0.000          3119588.419   1.00000 
  2453.650          83.362    850.000       4.244       6.197            42589.238               0.000               0.000          3162177.656   1.00000 
  2454.650          83.278    850.000       4.144       6.043            42860.596               0.000               0.000          3205038.253   1.00000 
  2455.650          83.195    850.000       4.044       5.888            43133.115               0.000               0.000          3248171.368   1.00000 
  2456.650          83.110    850.000       3.943       5.732            43406.758               0.000               0.000          3291578.126   1.00000 
  2457.650          83.026    850.000       3.842       5.576            43681.487               0.000               0.000          3335259.612   1.00000 
  2458.650          82.940    850.000       3.739       5.419            43957.258               0.000               0.000          3379216.871   1.00000 
  2459.650          82.855    850.000       3.636       5.261            44234.027               0.000               0.000          3423450.898   1.00000 
  2460.650          82.769    850.000       3.533       5.103            44511.741               0.000               0.000          3467962.639   1.00000 
  2461.650          82.682    850.000       3.428       4.945            44790.345               0.000               0.000          3512752.984   1.00000 
  2462.650          82.595    850.000       3.323       4.786            45069.779               0.000               0.000          3557822.763   1.00000 
  2463.650          82.508    850.000       3.218       4.626            45349.975               0.000               0.000          3603172.739   1.00000 
  2464.650          82.420    850.000       3.111       4.466            45630.861               0.000               0.000          3648803.600   1.00000 
  2465.650          82.331    850.000       3.004       4.306            45912.357               0.000               0.000          3694715.957   1.00000 
  2466.650          82.242    850.000       2.896       4.145            46194.376               0.000               0.000          3740910.333   1.00000 
  2467.650          82.153    850.000       2.788       3.983            46476.821               0.000               0.000          3787387.155   1.00000 
  2468.650          82.063    850.000       2.678       3.821            46759.589               0.000               0.000          3834146.743   1.00000 
  2469.650          81.972    850.000       2.568       3.658            47042.564               0.000               0.000          3881189.308   1.00000 
  2470.650          81.881    850.000       2.458       3.495            47325.622               0.000               0.000          3928514.930   1.00000 
  2471.650          81.789    850.000       2.346       3.331            47608.622               0.000               0.000          3976123.552   1.00000 
  2472.650          81.697    850.000       2.234       3.167            47891.416               0.000               0.000          4024014.967   1.00000 
  2473.650          81.605    850.000       2.121       3.002            48173.834               0.000               0.000          4072188.801   1.00000 
  2474.650          81.511    850.000       2.008       2.837            48455.695               0.000               0.000          4120644.496   1.00000 
  2475.650          81.418    850.000       1.894       2.671            48736.797               0.000               0.000          4169381.293   1.00000 
  2476.650          81.323    850.000       1.779       2.505            49016.918               0.000               0.000          4218398.211   1.00000 
  2477.650          81.228    850.000       1.663       2.338            49295.811               0.000               0.000          4267694.022   1.00000 
  2478.650          81.133    850.000       1.547       2.171            49573.207               0.000               0.000          4317267.229   1.00000 
  2479.650          81.037    850.000       1.430       2.004            49848.804               0.000               0.000          4367116.033   1.00000 
  2480.650          80.940    850.000       1.312       1.836            50122.270               0.000               0.000          4417238.302   1.00000 
  2481.650          80.842    850.000       1.194       1.668            50393.234               0.000               0.000          4467631.537   1.00000 
  2482.650          80.744    850.000       1.075       1.499            50661.288               0.000               0.000          4518292.825   1.00000 
  2483.650          80.646    850.000       0.955       1.330            50925.971               0.000               0.000          4569218.795   1.00000 
  2484.650          80.547    850.000       0.835       1.160            51186.771               0.000               0.000          4620405.567   1.00000 
  2485.650          80.447    850.000       0.714       0.991            51443.116               0.000               0.000          4671848.683   1.00000 
  2486.650          80.346    850.000       0.592       0.820            51694.360               0.000               0.000          4723543.043   1.00000 
  2487.650          80.245    850.000       0.470       0.650            51939.777               0.000               0.000          4775482.820   1.00000 
  2488.650          80.143    850.000       0.347       0.479            52178.550               0.000               0.000          4827661.370   1.00000 
  2489.650          80.040    850.000       0.224       0.309            52409.748               0.000               0.000          4880071.118   1.00000 
  2490.650          79.937    850.000       0.100       0.138            52632.317               0.000               0.000          4932703.435   1.00000 
  2491.650          79.833    850.000       0.000       0.000            52845.056               0.000               0.000          4985548.491   1.00000 
