#_______________________________________________________________________________
#    ######   ####     ##             #####   #####     ##    #    #    ## 
#    #       #        #  #            #    #  #    #   #  #   ##  ##   #  #
#    #####    ####   ######           #    #  #####   ######  # ## #  ######
#    #            #  #    #           #    #  #    #  #    #  #    #  #    #
#____######__#####___#____#___________#####___#____#__#____#__#____#__#____#____
#
#              ESA Debris Risk Assessment and Mitigation Analysis
#
#                      ---- DRAMA ( SESAM 2.1.5 ) ----
#                                      ESA 2018
#
#                              aerothermal history file
#-------------------------------------------------------------------------------
# Filename      : PySara.MAC-Y.58c3bdfd-4512-4407-8fd3-89664a00dd56_AeroThermalHistory.txt
# RunID         : PySara
# ObjectID      : 58c3bdfd-4512-4407-8fd3-89664a00dd56
# ObjectName    : MAC-Y
# ReferenceArea : 0.020026 [m^2]
# Content       : This file contains the aerothermal data of the object,
#                 computed by the DRAMA 3 Re-entry Analysis.
# Documentation : DRAMA Software User Manual, section OPERATIONS MANUAL / Normal operation / SARA / SARA Simulation Output / Re-entry simulation output
# Note          : The convective heat and the integrated heat values in this file take into account the visibility factor
#
#-------------------------------------------------------------------------------------------------------------------------------------------------------------------
#  Time [s]  Altitude [km]   Temp [K]   Mass [kg]   Thick [mm]  Convective Heat [W]  Radiative Heat [W]  Oxidation Heat [W]  Integrated Heat [J] VisibilityFactor [-]
#-------------------------------------------------------------------------------------------------------------------------------------------------------------------
  2353.100          90.144    300.000       2.250       2.572            16829.603               0.000               0.000                0.000   1.00000 
  2353.200          90.139    301.941       2.250       2.572            16838.647               0.000               0.000             1683.865   1.00000 
  2353.650          90.113    310.691       2.250       2.572            16880.677               0.000               0.000             9280.169   1.00000 
  2354.650          90.056    330.181       2.250       2.572            16977.246               0.000               0.000            26257.416   1.00000 
  2355.650          89.999    349.642       2.250       2.572            17081.293               0.000               0.000            43338.709   1.00000 
  2356.650          89.942    369.074       2.250       2.572            17185.704               0.000               0.000            60524.413   1.00000 
  2357.650          89.885    388.475       2.250       2.572            17290.480               0.000               0.000            77814.893   1.00000 
  2358.650          89.827    407.845       2.250       2.572            17395.626               0.000               0.000            95210.519   1.00000 
  2359.650          89.769    427.200       2.250       2.572            17501.143               0.000               0.000           112711.663   1.00000 
  2360.650          89.712    446.566       2.250       2.572            17607.037               0.000               0.000           130318.699   1.00000 
  2361.650          89.654    465.940       2.250       2.572            17713.309               0.000               0.000           148032.008   1.00000 
  2362.650          89.596    485.319       2.250       2.572            17819.963               0.000               0.000           165851.972   1.00000 
  2363.650          89.537    504.699       2.250       2.572            17927.004               0.000               0.000           183778.975   1.00000 
  2364.650          89.479    524.077       2.250       2.572            18034.433               0.000               0.000           201813.408   1.00000 
  2365.650          89.420    543.448       2.250       2.572            18142.256               0.000               0.000           219955.664   1.00000 
  2366.650          89.362    562.809       2.250       2.572            18250.474               0.000               0.000           238206.138   1.00000 
  2367.650          89.303    582.154       2.250       2.572            18359.094               0.000               0.000           256565.232   1.00000 
  2368.650          89.244    601.480       2.250       2.572            18468.117               0.000               0.000           275033.349   1.00000 
  2369.650          89.185    620.781       2.250       2.572            18577.548               0.000               0.000           293610.898   1.00000 
  2370.650          89.125    640.061       2.250       2.572            18687.392               0.000               0.000           312298.289   1.00000 
  2371.650          89.066    659.313       2.250       2.572            18797.651               0.000               0.000           331095.941   1.00000 
  2372.650          89.006    678.532       2.250       2.572            18908.331               0.000               0.000           350004.272   1.00000 
  2373.650          88.946    697.712       2.250       2.572            19019.435               0.000               0.000           369023.707   1.00000 
  2374.650          88.886    716.846       2.250       2.572            19130.968               0.000               0.000           388154.675   1.00000 
  2375.650          88.826    735.927       2.250       2.572            19242.934               0.000               0.000           407397.609   1.00000 
  2376.650          88.766    754.947       2.250       2.572            19355.338               0.000               0.000           426752.947   1.00000 
  2377.650          88.705    773.901       2.250       2.572            19468.183               0.000               0.000           446221.130   1.00000 
  2378.650          88.644    792.780       2.250       2.572            19581.476               0.000               0.000           465802.606   1.00000 
  2379.650          88.583    811.577       2.250       2.572            19695.220               0.000               0.000           485497.826   1.00000 
  2380.650          88.522    830.278       2.250       2.572            19809.420               0.000               0.000           505307.246   1.00000 
  2381.650          88.460    848.873       2.250       2.572            19924.082               0.000               0.000           525231.328   1.00000 
  2382.650          88.399    867.355       2.250       2.572            20039.210               0.000               0.000           545270.538   1.00000 
  2383.650          88.337    885.714       2.250       2.572            20154.810               0.000               0.000           565425.349   1.00000 
  2384.650          88.275    903.943       2.250       2.572            20270.887               0.000               0.000           585696.235   1.00000 
  2385.650          88.213    922.034       2.250       2.572            20387.446               0.000               0.000           606083.681   1.00000 
  2386.650          88.150    939.979       2.250       2.572            20504.492               0.000               0.000           626588.173   1.00000 
  2387.650          88.087    957.769       2.250       2.572            20622.032               0.000               0.000           647210.206   1.00000 
  2388.650          88.025    975.397       2.250       2.572            20740.071               0.000               0.000           667950.277   1.00000 
  2389.650          87.961    992.855       2.250       2.572            20858.615               0.000               0.000           688808.892   1.00000 
  2390.650          87.898   1010.135       2.250       2.572            20977.670               0.000               0.000           709786.562   1.00000 
  2391.650          87.834   1027.214       2.250       2.572            21097.242               0.000               0.000           730883.804   1.00000 
  2392.650          87.771   1044.074       2.250       2.572            21217.337               0.000               0.000           752101.141   1.00000 
  2393.650          87.707   1060.710       2.250       2.572            21337.962               0.000               0.000           773439.104   1.00000 
  2394.650          87.642   1077.116       2.250       2.572            21459.124               0.000               0.000           794898.227   1.00000 
  2395.650          87.578   1093.288       2.250       2.572            21580.828               0.000               0.000           816479.055   1.00000 
  2396.650          87.513   1109.220       2.250       2.572            21703.082               0.000               0.000           838182.137   1.00000 
  2397.650          87.448   1124.899       2.250       2.572            21825.893               0.000               0.000           860008.030   1.00000 
  2398.650          87.382   1140.314       2.250       2.572            21949.268               0.000               0.000           881957.297   1.00000 
  2399.650          87.317   1155.462       2.250       2.572            22073.214               0.000               0.000           904030.512   1.00000 
  2400.650          87.251   1170.343       2.250       2.572            22197.739               0.000               0.000           926228.251   1.00000 
  2401.650          87.185   1184.953       2.250       2.572            22322.851               0.000               0.000           948551.102   1.00000 
  2402.650          87.118   1199.291       2.250       2.572            22448.557               0.000               0.000           970999.660   1.00000 
  2403.650          87.052   1213.355       2.250       2.572            22574.867               0.000               0.000           993574.526   1.00000 
  2404.650          86.985   1227.108       2.250       2.572            22701.787               0.000               0.000          1016276.313   1.00000 
  2405.650          86.918   1240.550       2.250       2.572            22829.326               0.000               0.000          1039105.638   1.00000 
  2406.650          86.850   1253.686       2.250       2.572            22957.493               0.000               0.000          1062063.132   1.00000 
  2407.650          86.782   1266.518       2.250       2.572            23086.298               0.000               0.000          1085149.430   1.00000 
  2408.650          86.714   1279.053       2.250       2.572            23215.749               0.000               0.000          1108365.179   1.00000 
  2409.650          86.646   1291.293       2.250       2.572            23345.855               0.000               0.000          1131711.034   1.00000 
  2410.650          86.577   1303.243       2.250       2.572            23476.627               0.000               0.000          1155187.661   1.00000 
  2411.650          86.508   1314.903       2.250       2.572            23608.075               0.000               0.000          1178795.736   1.00000 
  2412.650          86.439   1326.262       2.250       2.572            23740.207               0.000               0.000          1202535.943   1.00000 
  2413.650          86.369   1337.328       2.250       2.572            23873.036               0.000               0.000          1226408.979   1.00000 
  2414.650          86.299   1348.108       2.250       2.572            24006.571               0.000               0.000          1250415.550   1.00000 
  2415.650          86.229   1356.000       2.237       2.556            24140.824               0.000               0.000          1274556.374   1.00000 
  2416.650          86.159   1356.000       2.187       2.494            24275.709               0.000               0.000          1298832.083   1.00000 
  2417.650          86.088   1356.000       2.136       2.432            24410.914               0.000               0.000          1323242.997   1.00000 
  2418.650          86.016   1356.000       2.085       2.369            24546.367               0.000               0.000          1347789.364   1.00000 
  2419.650          85.945   1356.000       2.033       2.306            24682.030               0.000               0.000          1372471.395   1.00000 
  2420.650          85.873   1356.000       1.981       2.243            24817.861               0.000               0.000          1397289.256   1.00000 
  2421.650          85.801   1356.000       1.928       2.179            24953.812               0.000               0.000          1422243.068   1.00000 
  2422.650          85.728   1356.000       1.874       2.114            25089.830               0.000               0.000          1447332.898   1.00000 
  2423.650          85.655   1356.000       1.820       2.049            25225.857               0.000               0.000          1472558.755   1.00000 
  2424.650          85.582   1356.000       1.766       1.984            25361.823               0.000               0.000          1497920.578   1.00000 
  2425.650          85.508   1356.000       1.710       1.918            25497.654               0.000               0.000          1523418.232   1.00000 
  2426.650          85.434   1356.000       1.655       1.852            25633.264               0.000               0.000          1549051.496   1.00000 
  2427.650          85.360   1356.000       1.598       1.786            25768.554               0.000               0.000          1574820.050   1.00000 
  2428.650          85.285   1356.000       1.541       1.719            25903.414               0.000               0.000          1600723.464   1.00000 
  2429.650          85.210   1356.000       1.484       1.652            26037.717               0.000               0.000          1626761.181   1.00000 
  2430.650          85.134   1356.000       1.426       1.584            26171.318               0.000               0.000          1652932.499   1.00000 
  2431.650          85.058   1356.000       1.367       1.516            26304.049               0.000               0.000          1679236.548   1.00000 
  2432.650          84.982   1356.000       1.308       1.448            26435.717               0.000               0.000          1705672.265   1.00000 
  2433.650          84.905   1356.000       1.249       1.379            26566.098               0.000               0.000          1732238.363   1.00000 
  2434.650          84.828   1356.000       1.188       1.310            26694.925               0.000               0.000          1758933.288   1.00000 
  2435.650          84.751   1356.000       1.128       1.241            26821.889               0.000               0.000          1785755.177   1.00000 
  2436.650          84.673   1356.000       1.067       1.171            26946.621               0.000               0.000          1812701.798   1.00000 
  2437.650          84.594   1356.000       1.005       1.101            27068.686               0.000               0.000          1839770.484   1.00000 
  2438.650          84.515   1356.000       0.943       1.031            27187.557               0.000               0.000          1866958.042   1.00000 
  2439.650          84.436   1356.000       0.880       0.960            27302.600               0.000               0.000          1894260.642   1.00000 
  2440.650          84.356   1356.000       0.817       0.890            27413.035               0.000               0.000          1921673.677   1.00000 
  2441.650          84.276   1356.000       0.753       0.819            27517.894               0.000               0.000          1949191.570   1.00000 
  2442.650          84.195   1356.000       0.689       0.748            27615.957               0.000               0.000          1976807.527   1.00000 
  2443.650          84.114   1356.000       0.625       0.677            27705.661               0.000               0.000          2004513.189   1.00000 
  2444.650          84.032   1356.000       0.561       0.606            27784.959               0.000               0.000          2032298.147   1.00000 
  2445.650          83.950   1356.000       0.496       0.534            27851.099               0.000               0.000          2060149.246   1.00000 
  2446.650          83.867   1356.000       0.431       0.463            27900.274               0.000               0.000          2088049.520   1.00000 
  2447.650          83.784   1356.000       0.365       0.392            27927.005               0.000               0.000          2115976.525   1.00000 
  2448.650          83.700   1356.000       0.300       0.322            27923.001               0.000               0.000          2143899.526   1.00000 
  2449.650          83.616   1356.000       0.235       0.252            27874.863               0.000               0.000          2171774.390   1.00000 
  2450.650          83.531   1356.000       0.171       0.182            27758.801               0.000               0.000          2199533.191   1.00000 
  2451.650          83.446   1356.000       0.107       0.114            27526.126               0.000               0.000          2227059.317   1.00000 
  2452.650          83.360   1356.000       0.045       0.048            27049.492               0.000               0.000          2254108.809   1.00000 
  2453.650          83.275   1356.000       0.000       0.000            25747.100               0.000               0.000          2279855.908   1.00000 
