#_______________________________________________________________________________
#    ######   ####     ##             #####   #####     ##    #    #    ##
#    #       #        #  #            #    #  #    #   #  #   ##  ##   #  #
#    #####    ####   ######           #    #  #####   ######  # ## #  ######
#    #            #  #    #           #    #  #    #  #    #  #    #  #    #
#____######__#####___#____#___________#####___#____#__#____#__#____#__#____#____
#
#              ESA Debris Risk Assessment and Mitigation Analysis
#
#                      ---- DRAMA ( SESAM 2.1.5 ) ----
#                                      ESA 2018 
#
#                              trajectory history file
#-------------------------------------------------------------------------------
# Filename      : PySara.ASCATSSP1.4d596ab3-b5ce-4370-977f-1a8802bcf123_Trajectory.txt
# RunID         : PySara
# ObjectID      : 4d596ab3-b5ce-4370-977f-1a8802bcf123
# ObjectName    : ASCATSSP1
# Content       : This file contains the trajectory state data of the object,
#                 computed by the DRAMA 3 Re-entry Analysis.
# Documentation : DRAMA Software User Manual, section OPERATIONS MANUAL / Normal operation / SARA / SARA Simulation Output / Re-entry simulation output
#
#--------------------------------------------------------------------------------------------------------------------------------------------------------------------------------------------
#  Time [s]  Altitude [km]  Lat [deg]  Lon [deg]  Velocity [km/s]   Downrange [km]       Drag       Lift       Side    Knudsen       Mach  Flight Path [deg]  Heading [deg]  Density [kg/m^2]
#--------------------------------------------------------------------------------------------------------------------------------------------------------------------------------------------
  2550.200          74.725      9.785     94.442            7.077        18434.434      2.874      0.000      0.000    0.00488   24.62438           -0.93397       86.31060         4.242e-05 
  2550.300          74.713      9.785     94.448            7.074        18435.133      2.874      0.000      0.000    0.00487   24.61661           -0.93459       86.31183         4.249e-05 
  2550.750          74.661      9.787     94.476            7.064        18438.277      2.874      0.000      0.000    0.00484   24.58044           -0.93741       86.31740         4.280e-05 
  2551.750          74.546      9.791     94.540            7.040        18445.246      2.874      0.000      0.000    0.00475   24.49697           -0.94403       86.32975         4.354e-05 
  2552.750          74.429      9.795     94.603            7.016        18452.191      2.874      0.000      0.000    0.00467   24.40647           -0.95112       86.34207         4.435e-05 
  2553.750          74.313      9.799     94.666            6.992        18459.113      2.874      0.000      0.000    0.00458   24.31506           -0.95869       86.35437         4.517e-05 
  2554.750          74.195      9.803     94.729            6.968        18466.011      2.874      0.000      0.000    0.00450   24.22272           -0.96674       86.36665         4.602e-05 
  2555.750          74.078      9.807     94.791            6.943        18472.885      2.874      0.000      0.000    0.00442   24.12945           -0.97529       86.37890         4.688e-05 
  2556.750          73.959      9.811     94.854            6.918        18479.735      2.874      0.000      0.000    0.00433   24.03522           -0.98434       86.39113         4.777e-05 
  2557.750          73.840      9.815     94.916            6.893        18486.559      2.874      0.000      0.000    0.00425   23.94002           -0.99391       86.40333         4.867e-05 
  2558.750          73.720      9.818     94.978            6.867        18493.359      2.874      0.000      0.000    0.00417   23.84385           -1.00399       86.41550         4.960e-05 
  2559.750          73.599      9.822     95.039            6.841        18500.133      2.874      0.000      0.000    0.00410   23.74668           -1.01460       86.42765         5.055e-05 
  2560.750          73.478      9.826     95.101            6.815        18506.882      2.874      0.000      0.000    0.00402   23.64850           -1.02575       86.43977         5.152e-05 
  2561.750          73.355      9.830     95.162            6.788        18513.604      2.874      0.000      0.000    0.00394   23.54930           -1.03744       86.45187         5.252e-05 
  2562.750          73.232      9.834     95.223            6.761        18520.301      2.874      0.000      0.000    0.00387   23.44905           -1.04969       86.46394         5.355e-05 
  2563.750          73.107      9.837     95.283            6.734        18526.970      2.874      0.000      0.000    0.00379   23.34774           -1.06250       86.47598         5.460e-05 
  2564.750          72.982      9.841     95.344            6.707        18533.613      2.874      0.000      0.000    0.00372   23.24535           -1.07588       86.48799         5.568e-05 
  2565.750          72.856      9.845     95.404            6.679        18540.229      2.874      0.000      0.000    0.00365   23.14186           -1.08985       86.49998         5.679e-05 
  2566.750          72.728      9.848     95.464            6.651        18546.817      2.874      0.000      0.000    0.00357   23.03726           -1.10440       86.51194         5.793e-05 
  2567.750          72.599      9.852     95.524            6.622        18553.377      2.874      0.000      0.000    0.00350   22.92835           -1.11957       86.52387         5.910e-05 
  2568.501          72.502      9.855     95.568            6.597        18558.281      2.874      0.000      0.000    0.00345   22.83546           -1.13137       86.53284         6.004e-05 
  2569.501          72.371      9.858     95.628            6.562        18564.785      2.874      0.000      0.000    0.00339   22.71016           -1.14771       86.54477         6.107e-05 
  2570.501          72.239      9.862     95.686            6.522        18571.252      2.874      0.000      0.000    0.00332   22.56609           -1.16485       86.55671         6.233e-05 
  2571.501          72.106      9.865     95.745            6.476        18577.676      2.874      0.000      0.000    0.00325   22.40317           -1.18287       86.56865         6.362e-05 
  2572.501          71.972      9.869     95.803            6.424        18584.053      2.874      0.000      0.000    0.00319   22.21658           -1.20193       86.58062         6.495e-05 
  2573.501          71.836      9.872     95.860            6.363        18590.373      2.874      0.000      0.000    0.00312   21.99944           -1.22219       86.59262         6.632e-05 
  2574.501          71.700      9.875     95.917            6.289        18596.627      2.874      0.000      0.000    0.00306   21.74150           -1.24389       86.60469         6.772e-05 
  2575.501          71.563      9.879     95.974            6.199        18602.799      2.874      0.000      0.000    0.00299   21.42650           -1.26734       86.61688         6.915e-05 
  2576.501          71.426      9.882     96.029            6.083        18608.870      2.874      0.000      0.000    0.00293   21.02646           -1.29301       86.62929         7.062e-05 
  2577.501          71.289      9.885     96.083            5.924        18614.804      2.874      0.000      0.000    0.00287   20.48732           -1.32166       86.64214         7.211e-05 
  2578.501          71.154      9.888     96.135            5.685        18620.541      2.874      0.000      0.000    0.00281   19.68355           -1.35463       86.65603         7.361e-05 
  2579.501          71.023      9.891     96.184            5.235        18625.934      2.874      0.000      0.000    0.00276   18.20486           -1.39499       86.67334         7.510e-05 
  2579.701          70.999      9.891     96.193            4.753        18626.920      2.874      0.000      0.000    0.00274   16.54585           -1.40212       86.68474         7.552e-05 
  2579.764          70.992      9.891     96.196            4.197        18627.201      2.874      0.000      0.000    0.00274   14.65010           -1.40066       86.69902         7.563e-05 
  2579.785          70.990      9.892     96.196            3.682        18627.281      2.874      0.000      0.000    0.00274   12.85561           -1.39518       86.71561         7.565e-05 
  2579.792          70.989      9.892     96.197            3.361        18627.306      2.874      0.000      0.000    0.00274   11.67609           -1.39023       86.72846         7.566e-05 
  2579.799          70.989      9.892     96.197            3.037        18627.326      2.874      0.000      0.000    0.00274   10.55599           -1.38398       86.74418         7.567e-05 
  2579.804          70.988      9.892     96.197            2.732        18627.342      2.874      0.000      0.000    0.00274    9.49486           -1.37665       86.76236         7.567e-05 
  2579.811          70.988      9.892     96.197            2.409        18627.359      2.874      0.000      0.000    0.00274    8.38326           -1.36683       86.78665         7.568e-05 
  2579.820          70.987      9.892     96.197            2.015        18627.380      2.874      0.000      0.000    0.00274    7.04561           -1.35085       86.82671         7.568e-05 
