#_______________________________________________________________________________
#    ######   ####     ##             #####   #####     ##    #    #    ## 
#    #       #        #  #            #    #  #    #   #  #   ##  ##   #  #
#    #####    ####   ######           #    #  #####   ######  # ## #  ######
#    #            #  #    #           #    #  #    #  #    #  #    #  #    #
#____######__#####___#____#___________#####___#____#__#____#__#____#__#____#____
#
#              ESA Debris Risk Assessment and Mitigation Analysis
#
#                      ---- DRAMA ( SESAM 2.1.5 ) ----
#                                      ESA 2018
#
#                              aerothermal history file
#-------------------------------------------------------------------------------
# Filename      : PySara.CCU.f1c16680-da40-4038-85b6-afd9b8962bbf_AeroThermalHistory.txt
# RunID         : PySara
# ObjectID      : f1c16680-da40-4038-85b6-afd9b8962bbf
# ObjectName    : CCU
# ReferenceArea : 0.055386 [m^2]
# Content       : This file contains the aerothermal data of the object,
#                 computed by the DRAMA 3 Re-entry Analysis.
# Documentation : DRAMA Software User Manual, section OPERATIONS MANUAL / Normal operation / SARA / SARA Simulation Output / Re-entry simulation output
# Note          : The convective heat and the integrated heat values in this file take into account the visibility factor
#
#-------------------------------------------------------------------------------------------------------------------------------------------------------------------
#  Time [s]  Altitude [km]   Temp [K]   Mass [kg]   Thick [mm]  Convective Heat [W]  Radiative Heat [W]  Oxidation Heat [W]  Integrated Heat [J] VisibilityFactor [-]
#-------------------------------------------------------------------------------------------------------------------------------------------------------------------
  2353.100          90.144    300.000       4.725       7.169            22531.142               0.000               0.000                0.000   1.00000 
  2353.200          90.139    300.541       4.725       7.169            22544.693               0.000               0.000             2254.469   1.00000 
  2353.650          90.113    302.982       4.725       7.169            22607.691               0.000               0.000            12427.930   1.00000 
  2354.650          90.056    308.435       4.725       7.169            22752.581               0.000               0.000            35180.511   1.00000 
  2355.650          89.999    313.911       4.725       7.169            22908.915               0.000               0.000            58089.427   1.00000 
  2356.650          89.942    319.410       4.725       7.169            23066.029               0.000               0.000            81155.455   1.00000 
  2357.650          89.885    324.932       4.725       7.169            23223.925               0.000               0.000           104379.380   1.00000 
  2358.650          89.827    330.478       4.725       7.169            23382.609               0.000               0.000           127761.989   1.00000 
  2359.650          89.769    336.046       4.725       7.169            23542.088               0.000               0.000           151304.077   1.00000 
  2360.650          89.712    341.637       4.725       7.169            23702.366               0.000               0.000           175006.443   1.00000 
  2361.650          89.654    347.251       4.725       7.169            23863.449               0.000               0.000           198869.892   1.00000 
  2362.650          89.596    352.888       4.725       7.169            24025.343               0.000               0.000           222895.235   1.00000 
  2363.650          89.537    358.548       4.725       7.169            24188.054               0.000               0.000           247083.289   1.00000 
  2364.650          89.479    364.227       4.725       7.169            24351.587               0.000               0.000           271434.876   1.00000 
  2365.650          89.421    369.925       4.725       7.169            24515.948               0.000               0.000           295950.824   1.00000 
  2366.650          89.362    375.642       4.725       7.169            24681.144               0.000               0.000           320631.968   1.00000 
  2367.650          89.303    381.376       4.725       7.169            24847.180               0.000               0.000           345479.149   1.00000 
  2368.650          89.244    387.126       4.725       7.169            25014.063               0.000               0.000           370493.212   1.00000 
  2369.650          89.185    392.892       4.725       7.169            25181.799               0.000               0.000           395675.010   1.00000 
  2370.650          89.126    398.672       4.725       7.169            25350.393               0.000               0.000           421025.404   1.00000 
  2371.650          89.066    404.466       4.725       7.169            25519.854               0.000               0.000           446545.257   1.00000 
  2372.650          89.006    410.273       4.725       7.169            25690.186               0.000               0.000           472235.443   1.00000 
  2373.650          88.947    416.093       4.725       7.169            25861.397               0.000               0.000           498096.840   1.00000 
  2374.650          88.887    421.928       4.725       7.169            26033.493               0.000               0.000           524130.332   1.00000 
  2375.650          88.826    427.780       4.725       7.169            26206.481               0.000               0.000           550336.813   1.00000 
  2376.650          88.766    433.648       4.725       7.169            26380.367               0.000               0.000           576717.180   1.00000 
  2377.650          88.705    439.532       4.725       7.169            26555.160               0.000               0.000           603272.340   1.00000 
  2378.650          88.645    445.420       4.725       7.169            26730.865               0.000               0.000           630003.205   1.00000 
  2379.650          88.584    451.311       4.725       7.169            26907.490               0.000               0.000           656910.695   1.00000 
  2380.650          88.523    457.207       4.725       7.169            27085.042               0.000               0.000           683995.737   1.00000 
  2381.650          88.461    463.082       4.725       7.169            27263.529               0.000               0.000           711259.266   1.00000 
  2382.650          88.400    468.928       4.725       7.169            27442.957               0.000               0.000           738702.224   1.00000 
  2383.650          88.338    474.746       4.725       7.169            27623.335               0.000               0.000           766325.558   1.00000 
  2384.650          88.276    480.522       4.725       7.169            27804.669               0.000               0.000           794130.228   1.00000 
  2385.650          88.214    486.226       4.725       7.169            27986.969               0.000               0.000           822117.196   1.00000 
  2386.650          88.152    491.862       4.725       7.169            28170.240               0.000               0.000           850287.436   1.00000 
  2387.650          88.090    497.432       4.725       7.169            28354.492               0.000               0.000           878641.928   1.00000 
  2388.650          88.027    502.973       4.725       7.169            28539.733               0.000               0.000           907181.661   1.00000 
  2389.650          87.964    508.494       4.725       7.169            28725.970               0.000               0.000           935907.631   1.00000 
  2390.650          87.901    513.994       4.725       7.169            28913.212               0.000               0.000           964820.842   1.00000 
  2391.650          87.838    519.491       4.725       7.169            29101.467               0.000               0.000           993922.309   1.00000 
  2392.650          87.774    525.050       4.725       7.169            29290.744               0.000               0.000          1023213.054   1.00000 
  2393.650          87.710    530.674       4.725       7.169            29481.052               0.000               0.000          1052694.105   1.00000 
  2394.650          87.646    536.364       4.725       7.169            29672.399               0.000               0.000          1082366.504   1.00000 
  2395.650          87.582    542.132       4.725       7.169            29864.794               0.000               0.000          1112231.298   1.00000 
  2396.650          87.518    547.989       4.725       7.169            30058.246               0.000               0.000          1142289.545   1.00000 
  2397.650          87.453    553.937       4.725       7.169            30252.765               0.000               0.000          1172542.310   1.00000 
  2398.650          87.388    559.971       4.725       7.169            30448.360               0.000               0.000          1202990.670   1.00000 
  2399.650          87.323    566.053       4.725       7.169            30645.040               0.000               0.000          1233635.710   1.00000 
  2400.650          87.257    572.182       4.725       7.169            30842.815               0.000               0.000          1264478.525   1.00000 
  2401.650          87.192    578.359       4.725       7.169            31041.694               0.000               0.000          1295520.219   1.00000 
  2402.650          87.126    584.514       4.725       7.169            31241.689               0.000               0.000          1326761.908   1.00000 
  2403.650          87.060    590.637       4.725       7.169            31442.808               0.000               0.000          1358204.716   1.00000 
  2404.650          86.993    596.731       4.725       7.169            31645.062               0.000               0.000          1389849.778   1.00000 
  2405.650          86.927    602.791       4.725       7.169            31848.461               0.000               0.000          1421698.239   1.00000 
  2406.650          86.860    608.816       4.725       7.169            32053.017               0.000               0.000          1453751.256   1.00000 
  2407.650          86.793    614.807       4.725       7.169            32258.740               0.000               0.000          1486009.996   1.00000 
  2408.650          86.725    620.768       4.725       7.169            32465.641               0.000               0.000          1518475.637   1.00000 
  2409.650          86.657    626.699       4.725       7.169            32673.730               0.000               0.000          1551149.367   1.00000 
  2410.650          86.589    632.604       4.725       7.169            32883.021               0.000               0.000          1584032.388   1.00000 
  2411.650          86.521    638.482       4.725       7.169            33093.523               0.000               0.000          1617125.911   1.00000 
  2412.650          86.453    644.335       4.725       7.169            33305.249               0.000               0.000          1650431.160   1.00000 
  2413.650          86.384    650.162       4.725       7.169            33518.212               0.000               0.000          1683949.372   1.00000 
  2414.650          86.315    655.966       4.725       7.169            33732.422               0.000               0.000          1717681.794   1.00000 
  2415.650          86.245    661.749       4.725       7.169            33947.894               0.000               0.000          1751629.688   1.00000 
  2416.650          86.176    667.516       4.725       7.169            34164.638               0.000               0.000          1785794.326   1.00000 
  2417.650          86.106    673.265       4.725       7.169            34382.669               0.000               0.000          1820176.995   1.00000 
  2418.650          86.035    679.000       4.725       7.169            34602.000               0.000               0.000          1854778.995   1.00000 
  2419.650          85.965    684.730       4.725       7.169            34822.644               0.000               0.000          1889601.639   1.00000 
  2420.650          85.894    690.457       4.725       7.169            35044.615               0.000               0.000          1924646.253   1.00000 
  2421.650          85.823    696.180       4.725       7.169            35267.926               0.000               0.000          1959914.179   1.00000 
  2422.650          85.751    701.921       4.725       7.169            35492.593               0.000               0.000          1995406.772   1.00000 
  2423.650          85.680    707.694       4.725       7.169            35718.630               0.000               0.000          2031125.402   1.00000 
  2424.650          85.607    713.501       4.725       7.169            35946.051               0.000               0.000          2067071.454   1.00000 
  2425.650          85.535    719.358       4.725       7.169            36174.873               0.000               0.000          2103246.327   1.00000 
  2426.650          85.462    725.467       4.725       7.169            36405.110               0.000               0.000          2139651.437   1.00000 
  2427.650          85.389    731.858       4.725       7.169            36636.780               0.000               0.000          2176288.217   1.00000 
  2428.650          85.316    738.568       4.725       7.169            36869.897               0.000               0.000          2213158.114   1.00000 
  2429.650          85.242    745.421       4.725       7.169            37104.478               0.000               0.000          2250262.592   1.00000 
  2430.650          85.168    752.380       4.725       7.169            37340.542               0.000               0.000          2287603.134   1.00000 
  2431.650          85.094    759.447       4.725       7.169            37578.104               0.000               0.000          2325181.238   1.00000 
  2432.650          85.019    766.555       4.725       7.169            37817.184               0.000               0.000          2362998.421   1.00000 
  2433.650          84.944    773.696       4.725       7.169            38057.798               0.000               0.000          2401056.220   1.00000 
  2434.650          84.868    780.868       4.725       7.169            38299.964               0.000               0.000          2439356.184   1.00000 
  2435.650          84.792    788.054       4.725       7.169            38543.696               0.000               0.000          2477899.880   1.00000 
  2436.650          84.716    795.253       4.725       7.169            38789.010               0.000               0.000          2516688.890   1.00000 
  2437.650          84.640    802.465       4.725       7.169            39035.919               0.000               0.000          2555724.810   1.00000 
  2438.650          84.563    809.688       4.725       7.169            39284.440               0.000               0.000          2595009.250   1.00000 
  2439.650          84.485    816.923       4.725       7.169            39534.589               0.000               0.000          2634543.839   1.00000 
  2440.650          84.408    824.166       4.725       7.169            39786.382               0.000               0.000          2674330.222   1.00000 
  2441.650          84.330    831.418       4.725       7.169            40039.835               0.000               0.000          2714370.056   1.00000 
  2442.650          84.251    838.678       4.725       7.169            40294.963               0.000               0.000          2754665.020   1.00000 
  2443.650          84.172    845.885       4.725       7.169            40551.786               0.000               0.000          2795216.805   1.00000 
  2444.650          84.093    850.000       4.685       7.104            40810.318               0.000               0.000          2836027.124   1.00000 
  2445.650          84.014    850.000       4.590       6.948            41070.405               0.000               0.000          2877097.529   1.00000 
  2446.650          83.934    850.000       4.494       6.792            41331.783               0.000               0.000          2918429.311   1.00000 
  2447.650          83.853    850.000       4.397       6.635            41594.396               0.000               0.000          2960023.708   1.00000 
  2448.650          83.772    850.000       4.300       6.478            41858.225               0.000               0.000          3001881.932   1.00000 
  2449.650          83.691    850.000       4.202       6.321            42123.243               0.000               0.000          3044005.175   1.00000 
  2450.650          83.609    850.000       4.104       6.162            42389.423               0.000               0.000          3086394.599   1.00000 
  2451.650          83.527    850.000       4.004       6.004            42656.736               0.000               0.000          3129051.335   1.00000 
  2452.650          83.445    850.000       3.904       5.844            42925.149               0.000               0.000          3171976.484   1.00000 
  2453.650          83.362    850.000       3.804       5.684            43194.625               0.000               0.000          3215171.109   1.00000 
  2454.650          83.278    850.000       3.703       5.524            43465.124               0.000               0.000          3258636.233   1.00000 
  2455.650          83.195    850.000       3.601       5.363            43736.605               0.000               0.000          3302372.837   1.00000 
  2456.650          83.110    850.000       3.498       5.202            44009.018               0.000               0.000          3346381.855   1.00000 
  2457.650          83.026    850.000       3.395       5.040            44282.311               0.000               0.000          3390664.166   1.00000 
  2458.650          82.940    850.000       3.291       4.878            44556.428               0.000               0.000          3435220.594   1.00000 
  2459.650          82.855    850.000       3.186       4.715            44831.307               0.000               0.000          3480051.901   1.00000 
  2460.650          82.769    850.000       3.081       4.551            45106.879               0.000               0.000          3525158.780   1.00000 
  2461.650          82.682    850.000       2.975       4.387            45383.069               0.000               0.000          3570541.849   1.00000 
  2462.650          82.595    850.000       2.868       4.223            45659.794               0.000               0.000          3616201.642   1.00000 
  2463.650          82.508    850.000       2.761       4.058            45936.966               0.000               0.000          3662138.608   1.00000 
  2464.650          82.419    850.000       2.653       3.892            46214.485               0.000               0.000          3708353.094   1.00000 
  2465.650          82.331    850.000       2.544       3.726            46492.244               0.000               0.000          3754845.337   1.00000 
  2466.650          82.242    850.000       2.435       3.560            46770.123               0.000               0.000          3801615.461   1.00000 
  2467.650          82.152    850.000       2.324       3.393            47047.993               0.000               0.000          3848663.453   1.00000 
  2468.650          82.062    850.000       2.213       3.226            47325.710               0.000               0.000          3895989.163   1.00000 
  2469.650          81.972    850.000       2.102       3.058            47603.117               0.000               0.000          3943592.280   1.00000 
  2470.650          81.881    850.000       1.990       2.890            47880.039               0.000               0.000          3991472.319   1.00000 
  2471.650          81.789    850.000       1.877       2.721            48156.287               0.000               0.000          4039628.606   1.00000 
  2472.650          81.697    850.000       1.763       2.552            48431.648               0.000               0.000          4088060.254   1.00000 
  2473.650          81.604    850.000       1.649       2.382            48705.889               0.000               0.000          4136766.143   1.00000 
  2474.650          81.511    850.000       1.534       2.212            48978.751               0.000               0.000          4185744.894   1.00000 
  2475.650          81.417    850.000       1.418       2.042            49249.949               0.000               0.000          4234994.843   1.00000 
  2476.650          81.322    850.000       1.302       1.871            49519.165               0.000               0.000          4284514.008   1.00000 
  2477.650          81.227    850.000       1.185       1.700            49786.043               0.000               0.000          4334300.050   1.00000 
  2478.650          81.131    850.000       1.067       1.528            50050.190               0.000               0.000          4384350.240   1.00000 
  2479.650          81.035    850.000       0.949       1.357            50311.165               0.000               0.000          4434661.405   1.00000 
  2480.650          80.938    850.000       0.830       1.184            50568.476               0.000               0.000          4485229.881   1.00000 
  2481.650          80.841    850.000       0.710       1.012            50821.567               0.000               0.000          4536051.448   1.00000 
  2482.650          80.742    850.000       0.590       0.839            51069.815               0.000               0.000          4587121.264   1.00000 
  2483.650          80.644    850.000       0.469       0.666            51312.517               0.000               0.000          4638433.781   1.00000 
  2484.650          80.544    850.000       0.347       0.493            51548.873               0.000               0.000          4689982.654   1.00000 
  2485.650          80.444    850.000       0.225       0.319            51777.977               0.000               0.000          4741760.631   1.00000 
  2486.650          80.343    850.000       0.103       0.145            51998.795               0.000               0.000          4793759.426   1.00000 
  2487.650          80.242    850.000       0.000       0.000            52210.138               0.000               0.000          4845969.564   1.00000 
