#_______________________________________________________________________________
#    ######   ####     ##             #####   #####     ##    #    #    ## 
#    #       #        #  #            #    #  #    #   #  #   ##  ##   #  #
#    #####    ####   ######           #    #  #####   ######  # ## #  ######
#    #            #  #    #           #    #  #    #  #    #  #    #  #    #
#____######__#####___#____#___________#####___#____#__#____#__#____#__#____#____
#
#              ESA Debris Risk Assessment and Mitigation Analysis
#
#                      ---- DRAMA ( SESAM 2.1.5 ) ----
#                                      ESA 2018
#
#                              aerothermal history file
#-------------------------------------------------------------------------------
# Filename      : PySara.ADCS-TXU.7f55c236-864e-40ed-87fc-4a26da0a0229_AeroThermalHistory.txt
# RunID         : PySara
# ObjectID      : 7f55c236-864e-40ed-87fc-4a26da0a0229
# ObjectName    : ADCS-TXU
# ReferenceArea : 0.014058 [m^2]
# Content       : This file contains the aerothermal data of the object,
#                 computed by the DRAMA 3 Re-entry Analysis.
# Documentation : DRAMA Software User Manual, section OPERATIONS MANUAL / Normal operation / SARA / SARA Simulation Output / Re-entry simulation output
# Note          : The convective heat and the integrated heat values in this file take into account the visibility factor
#
#-------------------------------------------------------------------------------------------------------------------------------------------------------------------
#  Time [s]  Altitude [km]   Temp [K]   Mass [kg]   Thick [mm]  Convective Heat [W]  Radiative Heat [W]  Oxidation Heat [W]  Integrated Heat [J] VisibilityFactor [-]
#-------------------------------------------------------------------------------------------------------------------------------------------------------------------
  2550.200          74.725    300.000       2.685       7.216            54439.866               0.000               0.000                0.000   1.00000 
  2550.300          74.713    302.303       2.685       7.216            54462.102               0.000               0.000             5446.210   1.00000 
  2550.750          74.661    312.677       2.685       7.216            54565.332               0.000               0.000            30000.609   1.00000 
  2551.750          74.545    335.719       2.685       7.216            54801.897               0.000               0.000            84802.507   1.00000 
  2552.750          74.429    358.625       2.685       7.216            55055.797               0.000               0.000           139858.304   1.00000 
  2553.750          74.312    381.384       2.685       7.216            55309.538               0.000               0.000           195167.842   1.00000 
  2554.750          74.194    403.936       2.685       7.216            55563.086               0.000               0.000           250730.927   1.00000 
  2555.750          74.075    426.240       2.685       7.216            55816.408               0.000               0.000           306547.336   1.00000 
  2556.750          73.955    448.323       2.685       7.216            56069.468               0.000               0.000           362616.804   1.00000 
  2557.750          73.835    470.093       2.685       7.216            56322.224               0.000               0.000           418939.028   1.00000 
  2558.750          73.714    491.164       2.685       7.216            56574.633               0.000               0.000           475513.662   1.00000 
  2559.750          73.593    511.017       2.685       7.216            56826.647               0.000               0.000           532340.309   1.00000 
  2560.750          73.470    530.219       2.685       7.216            57078.214               0.000               0.000           589418.523   1.00000 
  2561.750          73.347    549.762       2.685       7.216            57329.279               0.000               0.000           646747.802   1.00000 
  2562.750          73.223    569.979       2.685       7.216            57579.781               0.000               0.000           704327.583   1.00000 
  2563.750          73.098    590.494       2.685       7.216            57829.657               0.000               0.000           762157.240   1.00000 
  2564.750          72.972    610.479       2.685       7.216            58078.834               0.000               0.000           820236.074   1.00000 
  2565.750          72.845    629.803       2.685       7.216            58327.239               0.000               0.000           878563.313   1.00000 
  2566.750          72.717    648.551       2.685       7.216            58574.792               0.000               0.000           937138.105   1.00000 
  2567.750          72.588    666.779       2.685       7.216            58821.403               0.000               0.000           995959.508   1.00000 
  2568.750          72.459    684.547       2.685       7.216            58984.602               0.000               0.000          1054944.110   1.00000 
  2569.750          72.328    701.998       2.685       7.216            59229.559               0.000               0.000          1114173.669   1.00000 
  2570.750          72.196    719.358       2.685       7.216            59472.560               0.000               0.000          1173646.229   1.00000 
  2571.750          72.063    737.490       2.685       7.216            59713.585               0.000               0.000          1233359.814   1.00000 
  2572.750          71.929    757.545       2.685       7.216            59952.498               0.000               0.000          1293312.312   1.00000 
  2573.750          71.794    778.124       2.685       7.216            60189.159               0.000               0.000          1353501.471   1.00000 
  2574.750          71.658    798.702       2.685       7.216            60423.416               0.000               0.000          1413924.887   1.00000 
  2575.750          71.521    819.153       2.685       7.216            60655.113               0.000               0.000          1474580.000   1.00000 
  2576.750          71.382    839.461       2.685       7.216            60884.083               0.000               0.000          1535464.083   1.00000 
  2577.750          71.242    850.000       2.615       7.007            61110.149               0.000               0.000          1596574.232   1.00000 
  2578.750          71.101    850.000       2.466       6.568            61324.791               0.000               0.000          1657899.023   1.00000 
  2579.750          70.959    850.000       2.316       6.133            61515.416               0.000               0.000          1719414.439   1.00000 
  2580.750          70.815    850.000       2.166       5.702            61677.321               0.000               0.000          1781091.759   1.00000 
  2581.750          70.670    850.000       2.016       5.276            61806.584               0.000               0.000          1842898.343   1.00000 
  2582.750          70.524    850.000       1.866       4.854            61898.730               0.000               0.000          1904797.073   1.00000 
  2583.750          70.377    850.000       1.715       4.437            61948.618               0.000               0.000          1966745.691   1.00000 
  2584.750          70.228    850.000       1.565       4.024            61950.329               0.000               0.000          2028696.020   1.00000 
  2585.750          70.078    850.000       1.414       3.617            61897.004               0.000               0.000          2090593.023   1.00000 
  2586.750          69.927    850.000       1.264       3.216            61780.641               0.000               0.000          2152373.665   1.00000 
  2587.750          69.774    850.000       1.114       2.820            61591.858               0.000               0.000          2213965.522   1.00000 
  2588.750          69.620    850.000       0.965       2.430            61319.555               0.000               0.000          2275285.078   1.00000 
  2589.750          69.465    850.000       0.817       2.046            60950.512               0.000               0.000          2336235.589   1.00000 
  2590.750          69.308    850.000       0.670       1.670            60468.821               0.000               0.000          2396704.410   1.00000 
  2591.750          69.150    850.000       0.525       1.302            59855.157               0.000               0.000          2456559.568   1.00000 
  2592.750          68.991    850.000       0.382       0.942            59085.745               0.000               0.000          2515645.313   1.00000 
  2593.750          68.831    850.000       0.241       0.591            58130.937               0.000               0.000          2573776.250   1.00000 
  2594.750          68.670    850.000       0.103       0.251            56953.163               0.000               0.000          2630729.413   1.00000 
  2595.750          68.507    850.000       0.000       0.000            55503.935               0.000               0.000          2686233.348   1.00000 
