#_______________________________________________________________________________
#    ######   ####     ##             #####   #####     ##    #    #    ## 
#    #       #        #  #            #    #  #    #   #  #   ##  ##   #  #
#    #####    ####   ######           #    #  #####   ######  # ## #  ######
#    #            #  #    #           #    #  #    #  #    #  #    #  #    #
#____######__#####___#____#___________#####___#____#__#____#__#____#__#____#____
#
#              ESA Debris Risk Assessment and Mitigation Analysis
#
#                      ---- DRAMA ( SESAM 2.1.5 ) ----
#                                      ESA 2018
#
#                              aerothermal history file
#-------------------------------------------------------------------------------
# Filename      : PySara.ASCATICU2.31b09dff-babf-48dd-ad99-ac5aef3469e6_AeroThermalHistory.txt
# RunID         : PySara
# ObjectID      : 31b09dff-babf-48dd-ad99-ac5aef3469e6
# ObjectName    : ASCATICU2
# ReferenceArea : 0.022487 [m^2]
# Content       : This file contains the aerothermal data of the object,
#                 computed by the DRAMA 3 Re-entry Analysis.
# Documentation : DRAMA Software User Manual, section OPERATIONS MANUAL / Normal operation / SARA / SARA Simulation Output / Re-entry simulation output
# Note          : The convective heat and the integrated heat values in this file take into account the visibility factor
#
#-------------------------------------------------------------------------------------------------------------------------------------------------------------------
#  Time [s]  Altitude [km]   Temp [K]   Mass [kg]   Thick [mm]  Convective Heat [W]  Radiative Heat [W]  Oxidation Heat [W]  Integrated Heat [J] VisibilityFactor [-]
#-------------------------------------------------------------------------------------------------------------------------------------------------------------------
  2550.200          74.725    300.000       2.650       7.298            52441.624               0.000               0.000                0.000   1.00000 
  2550.300          74.713    302.248       2.650       7.298            52457.076               0.000               0.000             5245.708   1.00000 
  2550.750          74.661    312.366       2.650       7.298            52528.629               0.000               0.000            28883.591   1.00000 
  2551.750          74.545    334.816       2.650       7.298            52691.480               0.000               0.000            81575.070   1.00000 
  2552.750          74.429    357.110       2.650       7.298            52864.510               0.000               0.000           134439.581   1.00000 
  2553.750          74.312    379.240       2.650       7.298            53035.608               0.000               0.000           187475.189   1.00000 
  2554.750          74.194    401.152       2.650       7.298            53204.743               0.000               0.000           240679.932   1.00000 
  2555.750          74.075    422.803       2.650       7.298            53371.881               0.000               0.000           294051.813   1.00000 
  2556.750          73.956    444.211       2.650       7.298            53536.985               0.000               0.000           347588.798   1.00000 
  2557.750          73.836    465.323       2.650       7.298            53700.017               0.000               0.000           401288.815   1.00000 
  2558.750          73.716    485.831       2.650       7.298            53860.931               0.000               0.000           455149.745   1.00000 
  2559.750          73.594    505.276       2.650       7.298            54019.681               0.000               0.000           509169.426   1.00000 
  2560.750          73.472    523.928       2.650       7.298            54176.217               0.000               0.000           563345.643   1.00000 
  2561.750          73.349    542.577       2.650       7.298            54330.483               0.000               0.000           617676.126   1.00000 
  2562.750          73.225    561.733       2.650       7.298            54482.419               0.000               0.000           672158.546   1.00000 
  2563.750          73.100    581.318       2.650       7.298            54631.960               0.000               0.000           726790.506   1.00000 
  2564.750          72.974    600.727       2.650       7.298            54779.037               0.000               0.000           781569.543   1.00000 
  2565.750          72.847    619.504       2.650       7.298            54923.575               0.000               0.000           836493.118   1.00000 
  2566.750          72.720    637.684       2.650       7.298            55065.491               0.000               0.000           891558.610   1.00000 
  2567.750          72.591    655.337       2.650       7.298            55204.701               0.000               0.000           946763.311   1.00000 
  2568.750          72.461    672.490       2.650       7.298            55263.941               0.000               0.000          1002027.252   1.00000 
  2569.750          72.330    689.247       2.650       7.298            55398.363               0.000               0.000          1057425.615   1.00000 
  2570.750          72.198    705.729       2.650       7.298            55529.084               0.000               0.000          1112954.699   1.00000 
  2571.750          72.065    722.180       2.650       7.298            55656.108               0.000               0.000          1168610.807   1.00000 
  2572.750          71.931    739.642       2.650       7.298            55779.306               0.000               0.000          1224390.113   1.00000 
  2573.750          71.795    758.631       2.650       7.298            55898.539               0.000               0.000          1280288.652   1.00000 
  2574.750          71.658    778.016       2.650       7.298            56013.660               0.000               0.000          1336302.312   1.00000 
  2575.750          71.520    797.364       2.650       7.298            56124.517               0.000               0.000          1392426.829   1.00000 
  2576.750          71.381    816.565       2.650       7.298            56230.947               0.000               0.000          1448657.775   1.00000 
  2577.750          71.240    835.605       2.650       7.298            56332.777               0.000               0.000          1504990.552   1.00000 
  2578.750          71.098    850.000       2.618       7.200            56429.827               0.000               0.000          1561420.379   1.00000 
  2579.750          70.955    850.000       2.481       6.785            56515.978               0.000               0.000          1617936.357   1.00000 
  2580.750          70.810    850.000       2.344       6.374            56568.390               0.000               0.000          1674504.748   1.00000 
  2581.750          70.664    850.000       2.206       5.968            56579.296               0.000               0.000          1731084.044   1.00000 
  2582.750          70.516    850.000       2.069       5.566            56542.709               0.000               0.000          1787626.753   1.00000 
  2583.750          70.367    850.000       1.932       5.170            56451.658               0.000               0.000          1844078.410   1.00000 
  2584.750          70.217    850.000       1.796       4.780            56297.973               0.000               0.000          1900376.383   1.00000 
  2585.750          70.065    850.000       1.660       4.395            56072.008               0.000               0.000          1956448.392   1.00000 
  2586.750          69.912    850.000       1.524       4.017            55762.293               0.000               0.000          2012210.685   1.00000 
  2587.750          69.757    850.000       1.390       3.645            55355.048               0.000               0.000          2067565.733   1.00000 
  2588.750          69.601    850.000       1.257       3.280            54833.561               0.000               0.000          2122399.294   1.00000 
  2589.750          69.443    850.000       1.126       2.924            54177.330               0.000               0.000          2176576.625   1.00000 
  2590.750          69.285    850.000       0.997       2.577            53360.870               0.000               0.000          2229937.494   1.00000 
  2591.750          69.125    850.000       0.870       2.239            52352.003               0.000               0.000          2282289.497   1.00000 
  2592.750          68.964    850.000       0.747       1.913            51109.391               0.000               0.000          2333398.889   1.00000 
  2593.750          68.802    850.000       0.627       1.599            49578.795               0.000               0.000          2382977.683   1.00000 
  2594.750          68.640    850.000       0.512       1.301            47687.287               0.000               0.000          2430664.970   1.00000 
  2595.750          68.477    850.000       0.403       1.020            45333.958               0.000               0.000          2475998.928   1.00000 
  2596.750          68.314    850.000       0.301       0.760            42374.379               0.000               0.000          2518373.307   1.00000 
  2597.750          68.153    850.000       0.209       0.525            38593.798               0.000               0.000          2556967.105   1.00000 
  2598.750          67.994    850.000       0.129       0.323            33660.747               0.000               0.000          2590627.851   1.00000 
  2599.750          67.840    850.000       0.065       0.164            27058.572               0.000               0.000          2617686.423   1.00000 
  2600.503          67.730    850.000       0.031       0.078            19796.021               0.000               0.000          2632591.801   1.00000 
  2600.858          67.683    850.000       0.020       0.049            14676.031               0.000               0.000          2637804.623   1.00000 
  2601.166          67.645    850.000       0.013       0.033            10228.410               0.000               0.000          2640955.018   1.00000 
  2601.431          67.615    850.000       0.010       0.024             6736.970               0.000               0.000          2642740.850   1.00000 
  2601.694          67.590    850.000       0.008       0.020             4156.754               0.000               0.000          2643834.052   1.00000 
  2601.971          67.566    850.000       0.008       0.019             2460.993               0.000               0.000          2644514.936   1.00000 
  2602.248          67.546    844.592       0.008       0.019             1509.840               0.000               0.000          2644932.664   1.00000 
