#_______________________________________________________________________________
#    ######   ####     ##             #####   #####     ##    #    #    ## 
#    #       #        #  #            #    #  #    #   #  #   ##  ##   #  #
#    #####    ####   ######           #    #  #####   ######  # ## #  ######
#    #            #  #    #           #    #  #    #  #    #  #    #  #    #
#____######__#####___#____#___________#####___#____#__#____#__#____#__#____#____
#
#              ESA Debris Risk Assessment and Mitigation Analysis
#
#                      ---- DRAMA ( SESAM 2.1.5 ) ----
#                                      ESA 2018
#
#                              aerothermal history file
#-------------------------------------------------------------------------------
# Filename      : sara.case4_solid.7f7f274b-035d-4fd6-b84f-925bb3aa22a8_AeroThermalHistory.txt
# RunID         : sara
# ObjectID      : 7f7f274b-035d-4fd6-b84f-925bb3aa22a8
# ObjectName    : case4_solid
# ReferenceArea : 0.19635 [m^2]
# Content       : This file contains the aerothermal data of the object,
#                 computed by the DRAMA 3 Re-entry Analysis.
# Documentation : DRAMA Software User Manual, section OPERATIONS MANUAL / Normal operation / SARA / SARA Simulation Output / Re-entry simulation output
# Note          : The convective heat and the integrated heat values in this file take into account the visibility factor
#
#-------------------------------------------------------------------------------------------------------------------------------------------------------------------
#  Time [s]  Altitude [km]   Temp [K]   Mass [kg]   Thick [mm]  Convective Heat [W]  Radiative Heat [W]  Oxidation Heat [W]  Integrated Heat [J] VisibilityFactor [-]
#-------------------------------------------------------------------------------------------------------------------------------------------------------------------
  1645.550          90.342    300.000      99.928     250.000            56636.137               0.000               0.000                0.000   1.00000 
  1645.650          90.337    329.761      99.928     249.329            56663.158               0.000               0.000             5666.316   1.00000 
  1646.100          90.316    417.254      99.928     248.566            56788.788               0.000               0.000            31221.271   1.00000 
  1647.100          90.270    532.461      99.928     247.519            57077.664               0.000               0.000            88298.934   1.00000 
  1648.100          90.223    602.299      99.927     246.510            57389.384               0.000               0.000           145688.318   1.00000 
  1649.100          90.176    644.999      99.926     244.320            57702.860               0.000               0.000           203391.178   1.00000 
  1650.100          90.129    628.347      99.925     242.478            58018.117               0.000               0.000           261409.294   1.00000 
  1651.100          90.082    642.238      99.924     241.371            58335.107               0.000               0.000           319744.401   1.00000 
  1652.100          90.035    637.376      99.922     240.322            58653.809               0.000               0.000           378398.210   1.00000 
  1653.100          89.988    644.104      99.920     239.451            58974.270               0.000               0.000           437372.480   1.00000 
  1654.100          89.940    641.529      99.918     238.640            59296.459               0.000               0.000           496668.939   1.00000 
  1655.100          89.893    646.486      99.916     237.914            59620.430               0.000               0.000           556289.370   1.00000 
  1656.100          89.845    644.395      99.914     237.231            59946.156               0.000               0.000           616235.525   1.00000 
  1657.100          89.797    648.733      99.912     236.600            60273.683               0.000               0.000           676509.208   1.00000 
  1658.100          89.749    646.751      99.910     236.000            60602.968               0.000               0.000           737112.176   1.00000 
  1659.100          89.701    650.845      99.908     235.438            60934.069               0.000               0.000           798046.245   1.00000 
  1660.100          89.653    648.845      99.906     234.898            61266.977               0.000               0.000           859313.222   1.00000 
  1661.100          89.605    652.877      99.903     234.386            61601.720               0.000               0.000           920914.942   1.00000 
  1662.100          89.556    650.793      99.901     233.892            61938.289               0.000               0.000           982853.231   1.00000 
  1663.100          89.508    654.874      99.898     233.420            62276.710               0.000               0.000          1045129.941   1.00000 
  1664.100          89.459    652.660      99.896     232.962            62616.981               0.000               0.000          1107746.922   1.00000 
  1665.100          89.411    656.865      99.893     232.523            62959.124               0.000               0.000          1170706.046   1.00000 
  1666.100          89.362    654.494      99.891     232.094            63303.142               0.000               0.000          1234009.188   1.00000 
  1667.100          89.313    658.870      99.888     231.682            63649.052               0.000               0.000          1297658.240   1.00000 
  1668.100          89.264    656.328      99.886     231.278            63996.858               0.000               0.000          1361655.098   1.00000 
  1669.100          89.214    660.900      99.883     230.888            64346.574               0.000               0.000          1426001.672   1.00000 
  1670.100          89.165    658.195      99.880     230.505            64698.128               0.000               0.000          1490699.800   1.00000 
  1671.100          89.115    662.957      99.877     230.135            65051.558               0.000               0.000          1555751.358   1.00000 
  1672.100          89.066    660.131      99.875     229.770            65407.091               0.000               0.000          1621158.449   1.00000 
  1673.100          89.016    665.036      99.872     229.416            65764.706               0.000               0.000          1686923.154   1.00000 
  1674.100          88.966    662.171      99.869     229.068            66124.206               0.000               0.000          1753047.360   1.00000 
  1675.100          88.916    667.126      99.866     228.729            66485.620               0.000               0.000          1819532.980   1.00000 
  1676.100          88.866    664.355      99.863     228.394            66849.020               0.000               0.000          1886382.000   1.00000 
  1677.100          88.816    669.210      99.860     228.069            67214.422               0.000               0.000          1953596.422   1.00000 
  1678.100          88.765    666.718      99.857     227.747            67581.832               0.000               0.000          2021178.254   1.00000 
  1679.100          88.715    671.281      99.854     227.434            67951.265               0.000               0.000          2089129.519   1.00000 
  1680.100          88.664    669.285      99.851     227.123            68322.729               0.000               0.000          2157452.248   1.00000 
  1681.100          88.613    673.345      99.848     226.821            68696.239               0.000               0.000          2226148.487   1.00000 
  1682.100          88.562    672.052      99.845     226.520            69071.802               0.000               0.000          2295220.289   1.00000 
  1683.100          88.511    675.439      99.842     226.227            69449.435               0.000               0.000          2364669.723   1.00000 
  1684.100          88.460    674.976      99.839     225.937            69829.140               0.000               0.000          2434498.864   1.00000 
  1685.100          88.408    677.634      99.835     225.653            70210.942               0.000               0.000          2504709.806   1.00000 
  1686.100          88.357    677.982      99.832     225.371            70594.836               0.000               0.000          2575304.642   1.00000 
  1687.100          88.305    680.013      99.829     225.094            70980.852               0.000               0.000          2646285.494   1.00000 
  1688.100          88.254    680.991      99.826     224.821            71368.981               0.000               0.000          2717654.475   1.00000 
  1689.100          88.202    682.625      99.822     224.552            71759.259               0.000               0.000          2789413.734   1.00000 
  1690.100          88.150    683.967      99.819     224.286            72151.668               0.000               0.000          2861565.402   1.00000 
  1691.100          88.098    685.451      99.816     224.024            72546.256               0.000               0.000          2934111.658   1.00000 
  1692.100          88.045    686.926      99.812     223.764            72942.994               0.000               0.000          3007054.652   1.00000 
  1693.100          87.993    688.403      99.809     223.508            73341.941               0.000               0.000          3080396.593   1.00000 
  1694.100          87.940    689.897      99.805     223.255            73743.056               0.000               0.000          3154139.649   1.00000 
  1695.100          87.888    691.385      99.802     223.005            74146.407               0.000               0.000          3228286.056   1.00000 
  1696.100          87.835    692.864      99.798     222.758            74551.956               0.000               0.000          3302838.012   1.00000 
  1697.100          87.782    694.328      99.795     222.512            74959.761               0.000               0.000          3377797.773   1.00000 
  1698.100          87.729    695.766      99.791     222.270            75369.798               0.000               0.000          3453167.572   1.00000 
  1699.100          87.675    697.173      99.788     222.029            75782.112               0.000               0.000          3528949.684   1.00000 
  1700.100          87.622    698.542      99.784     221.791            76196.694               0.000               0.000          3605146.379   1.00000 
  1701.100          87.568    699.871      99.780     221.555            76613.573               0.000               0.000          3681759.952   1.00000 
  1702.100          87.515    701.157      99.777     221.320            77032.760               0.000               0.000          3758792.712   1.00000 
  1703.100          87.461    702.403      99.773     221.088            77454.265               0.000               0.000          3836246.977   1.00000 
  1704.100          87.407    703.613      99.769     220.857            77878.119               0.000               0.000          3914125.096   1.00000 
  1705.100          87.353    704.794      99.766     220.628            78304.315               0.000               0.000          3992429.411   1.00000 
  1706.100          87.299    705.956      99.762     220.400            78732.905               0.000               0.000          4071162.315   1.00000 
  1707.100          87.244    707.108      99.758     220.174            79163.861               0.000               0.000          4150326.177   1.00000 
  1708.100          87.190    708.260      99.754     219.950            79597.256               0.000               0.000          4229923.432   1.00000 
  1709.100          87.135    709.429      99.750     219.727            80033.056               0.000               0.000          4309956.488   1.00000 
  1710.100          87.080    710.621      99.746     219.505            80471.328               0.000               0.000          4390427.816   1.00000 
  1711.100          87.025    711.837      99.742     219.286            80912.062               0.000               0.000          4471339.879   1.00000 
  1712.100          86.970    713.086      99.738     219.067            81355.303               0.000               0.000          4552695.182   1.00000 
  1713.100          86.915    714.380      99.734     218.851            81801.062               0.000               0.000          4634496.243   1.00000 
  1714.100          86.859    715.726      99.730     218.636            82249.371               0.000               0.000          4716745.614   1.00000 
  1715.100          86.804    717.127      99.726     218.422            82700.253               0.000               0.000          4799445.867   1.00000 
  1716.100          86.748    718.585      99.722     218.210            83153.745               0.000               0.000          4882599.611   1.00000 
  1717.100          86.692    720.094      99.718     217.999            83609.859               0.000               0.000          4966209.470   1.00000 
  1718.100          86.636    721.667      99.714     217.790            84068.661               0.000               0.000          5050278.131   1.00000 
  1719.100          86.580    723.315      99.710     217.583            84530.147               0.000               0.000          5134808.278   1.00000 
  1720.100          86.523    725.035      99.706     217.377            84994.386               0.000               0.000          5219802.664   1.00000 
  1721.100          86.467    726.820      99.701     217.173            85461.397               0.000               0.000          5305264.060   1.00000 
  1722.100          86.410    728.668      99.697     216.971            85931.215               0.000               0.000          5391195.275   1.00000 
  1723.100          86.353    730.578      99.693     216.770            86403.928               0.000               0.000          5477599.203   1.00000 
  1724.100          86.296    732.544      99.689     216.570            86879.481               0.000               0.000          5564478.684   1.00000 
  1725.100          86.239    734.555      99.684     216.372            87358.099               0.000               0.000          5651836.783   1.00000 
  1726.100          86.182    736.597      99.680     216.175            87839.630               0.000               0.000          5739676.413   1.00000 
  1727.100          86.125    738.654      99.676     215.980            88324.314               0.000               0.000          5828000.727   1.00000 
  1728.100          86.067    740.708      99.671     215.786            88812.087               0.000               0.000          5916812.814   1.00000 
  1729.100          86.009    742.736      99.667     215.593            89303.029               0.000               0.000          6006115.843   1.00000 
  1730.100          85.951    744.698      99.663     215.401            89772.128               0.000               0.000          6095887.970   1.00000 
  1731.100          85.893    746.550      99.658     215.210            90234.002               0.000               0.000          6186121.972   1.00000 
  1732.100          85.835    748.306      99.654     215.020            90701.056               0.000               0.000          6276823.028   1.00000 
  1733.100          85.777    749.997      99.649     214.831            91170.701               0.000               0.000          6367993.730   1.00000 
  1734.100          85.718    751.614      99.645     214.642            91642.692               0.000               0.000          6459636.421   1.00000 
  1735.100          85.659    753.151      99.640     214.454            92117.134               0.000               0.000          6551753.555   1.00000 
  1736.100          85.601    754.632      99.636     214.267            92594.119               0.000               0.000          6644347.674   1.00000 
  1737.100          85.541    756.099      99.631     214.080            93073.498               0.000               0.000          6737421.173   1.00000 
  1738.100          85.482    757.597      99.627     213.895            93555.505               0.000               0.000          6830976.678   1.00000 
  1739.100          85.423    759.155      99.622     213.710            94039.726               0.000               0.000          6925016.404   1.00000 
  1740.100          85.363    760.806      99.617     213.526            94526.650               0.000               0.000          7019543.054   1.00000 
  1741.100          85.304    762.567      99.613     213.343            95016.294               0.000               0.000          7114559.348   1.00000 
  1742.100          85.244    764.440      99.608     213.161            95508.349               0.000               0.000          7210067.697   1.00000 
  1743.100          85.184    766.421      99.603     212.981            96003.147               0.000               0.000          7306070.844   1.00000 
  1744.100          85.123    768.507      99.598     212.801            96500.437               0.000               0.000          7402571.281   1.00000 
  1745.100          85.063    770.700      99.594     212.623            97000.447               0.000               0.000          7499571.728   1.00000 
  1746.100          85.002    772.998      99.589     212.446            97503.187               0.000               0.000          7597074.915   1.00000 
  1747.100          84.942    775.398      99.584     212.270            98008.501               0.000               0.000          7695083.416   1.00000 
  1748.100          84.881    777.889      99.579     212.095            98516.685               0.000               0.000          7793600.101   1.00000 
  1749.100          84.820    780.452      99.575     211.922            99027.509               0.000               0.000          7892627.610   1.00000 
  1750.100          84.758    783.064      99.570     211.749            99541.146               0.000               0.000          7992168.757   1.00000 
  1751.100          84.697    785.695      99.565     211.578           100057.683               0.000               0.000          8092226.439   1.00000 
  1752.100          84.635    788.310      99.560     211.407           100576.987               0.000               0.000          8192803.426   1.00000 
  1753.100          84.574    790.869      99.555     211.238           101099.225               0.000               0.000          8293902.651   1.00000 
  1754.100          84.512    793.333      99.550     211.069           101624.139               0.000               0.000          8395526.790   1.00000 
  1755.100          84.449    795.664      99.545     210.901           102152.014               0.000               0.000          8497678.804   1.00000 
  1756.100          84.387    797.827      99.540     210.733           102683.004               0.000               0.000          8600361.808   1.00000 
  1757.100          84.325    799.789      99.535     210.565           103216.800               0.000               0.000          8703578.608   1.00000 
  1758.100          84.262    801.567      99.530     210.398           103753.686               0.000               0.000          8807332.294   1.00000 
  1759.100          84.199    803.213      99.525     210.231           104293.672               0.000               0.000          8911625.966   1.00000 
  1760.100          84.136    804.803      99.520     210.064           104836.722               0.000               0.000          9016462.688   1.00000 
  1761.100          84.073    806.436      99.515     209.897           105382.917               0.000               0.000          9121845.605   1.00000 
  1762.100          84.009    808.211      99.510     209.731           105931.981               0.000               0.000          9227777.586   1.00000 
  1763.100          83.946    810.194      99.505     209.566           106484.278               0.000               0.000          9334261.864   1.00000 
  1764.100          83.882    812.415      99.500     209.402           107039.942               0.000               0.000          9441301.806   1.00000 
  1765.100          83.818    814.876      99.495     209.239           107598.724               0.000               0.000          9548900.531   1.00000 
  1766.100          83.754    817.553      99.489     209.077           108160.803               0.000               0.000          9657061.334   1.00000 
  1767.100          83.689    820.416      99.484     208.916           108726.306               0.000               0.000          9765787.640   1.00000 
  1768.100          83.625    823.429      99.479     208.756           109294.970               0.000               0.000          9875082.609   1.00000 
  1769.100          83.560    826.562      99.474     208.597           109867.077               0.000               0.000          9984949.687   1.00000 
  1770.100          83.495    829.786      99.469     208.439           110442.662               0.000               0.000         10095392.348   1.00000 
  1771.100          83.430    833.073      99.463     208.282           111021.634               0.000               0.000         10206413.983   1.00000 
  1772.100          83.364    836.387      99.458     208.126           111604.199               0.000               0.000         10318018.182   1.00000 
  1773.100          83.299    839.682      99.453     207.971           112190.316               0.000               0.000         10430208.497   1.00000 
  1774.100          83.233    842.903      99.448     207.817           112779.872               0.000               0.000         10542988.369   1.00000 
  1775.100          83.167    845.989      99.442     207.663           113373.146               0.000               0.000         10656361.515   1.00000 
  1776.100          83.101    848.870      99.437     207.509           113970.084               0.000               0.000         10770331.599   1.00000 
  1777.100          83.035    851.459      99.432     207.356           114570.680               0.000               0.000         10884902.279   1.00000 
  1778.100          82.968    853.721      99.426     207.203           115175.133               0.000               0.000         11000077.412   1.00000 
  1779.100          82.901    855.626      99.421     207.050           115783.377               0.000               0.000         11115860.789   1.00000 
  1780.100          82.834    857.317      99.415     206.896           116395.465               0.000               0.000         11232256.255   1.00000 
  1781.100          82.767    858.912      99.410     206.743           117011.476               0.000               0.000         11349267.731   1.00000 
  1782.100          82.700    860.559      99.404     206.589           117631.294               0.000               0.000         11466899.025   1.00000 
  1783.100          82.632    862.400      99.399     206.436           118255.096               0.000               0.000         11585154.121   1.00000 
  1784.100          82.564    864.556      99.393     206.284           118883.054               0.000               0.000         11704037.175   1.00000 
  1785.100          82.496    867.109      99.388     206.132           119515.162               0.000               0.000         11823552.337   1.00000 
  1786.100          82.428    870.091      99.382     205.981           120151.268               0.000               0.000         11943703.604   1.00000 
  1787.100          82.359    873.485      99.377     205.832           120791.671               0.000               0.000         12064495.275   1.00000 
  1788.100          82.291    877.226      99.371     205.683           121436.423               0.000               0.000         12185931.698   1.00000 
  1789.100          82.222    881.244      99.365     205.536           122085.306               0.000               0.000         12308017.004   1.00000 
  1790.100          82.153    885.424      99.360     205.390           122738.645               0.000               0.000         12430755.649   1.00000 
  1791.100          82.083    889.676      99.354     205.246           123396.503               0.000               0.000         12554152.152   1.00000 
  1792.100          82.014    893.908      99.349     205.102           124058.735               0.000               0.000         12678210.887   1.00000 
  1793.100          81.944    898.031      99.343     204.959           124725.616               0.000               0.000         12802936.503   1.00000 
  1794.100          81.874    901.964      99.338     204.816           125397.176               0.000               0.000         12928333.679   1.00000 
  1795.100          81.804    905.627      99.332     204.674           126073.200               0.000               0.000         13054406.879   1.00000 
  1796.100          81.734    908.901      99.326     204.532           126753.996               0.000               0.000         13181160.875   1.00000 
  1797.100          81.663    911.717      99.321     204.390           127439.715               0.000               0.000         13308600.590   1.00000 
  1798.100          81.592    914.103      99.315     204.248           128130.401               0.000               0.000         13436730.991   1.00000 
  1799.100          81.521    916.102      99.309     204.106           128825.803               0.000               0.000         13565556.794   1.00000 
  1800.100          81.449    917.844      99.304     203.963           129526.317               0.000               0.000         13695083.111   1.00000 
  1801.100          81.378    919.477      99.298     203.820           130232.006               0.000               0.000         13825315.117   1.00000 
  1802.100          81.306    921.173      99.292     203.676           130942.800               0.000               0.000         13956257.917   1.00000 
  1803.100          81.234    923.097      99.286     203.533           131658.764               0.000               0.000         14087916.680   1.00000 
  1804.100          81.162    925.443      99.280     203.391           132380.133               0.000               0.000         14220296.813   1.00000 
  1805.100          81.089    928.317      99.274     203.249           133107.003               0.000               0.000         14353403.816   1.00000 
  1806.100          81.016    931.771      99.268     203.108           133839.160               0.000               0.000         14487242.976   1.00000 
  1807.100          80.943    935.804      99.262     202.968           134576.925               0.000               0.000         14621819.901   1.00000 
  1808.100          80.870    940.333      99.256     202.829           135320.397               0.000               0.000         14757140.298   1.00000 
  1809.100          80.796    945.243      99.251     202.692           136069.608               0.000               0.000         14893209.906   1.00000 
  1810.100          80.723    950.379      99.245     202.556           136824.509               0.000               0.000         15030034.415   1.00000 
  1811.100          80.649    955.588      99.239     202.421           137585.347               0.000               0.000         15167619.763   1.00000 
  1812.100          80.574    960.701      99.233     202.288           138352.181               0.000               0.000         15305971.944   1.00000 
  1813.100          80.500    965.574      99.227     202.154           139124.991               0.000               0.000         15445096.935   1.00000 
  1814.100          80.425    970.045      99.221     202.022           139903.777               0.000               0.000         15585000.712   1.00000 
  1815.100          80.350    973.993      99.215     201.889           140688.744               0.000               0.000         15725689.455   1.00000 
  1816.100          80.275    977.361      99.210     201.756           141479.953               0.000               0.000         15867169.408   1.00000 
  1817.100          80.199    980.161      99.204     201.623           142277.393               0.000               0.000         16009446.801   1.00000 
  1818.100          80.123    982.467      99.198     201.490           143081.069               0.000               0.000         16152527.870   1.00000 
  1819.100          80.047    984.438      99.191     201.356           143891.128               0.000               0.000         16296418.998   1.00000 
  1820.100          79.971    986.223      99.185     201.221           144707.697               0.000               0.000         16441126.695   1.00000 
  1821.100          79.894    988.038      99.179     201.087           145530.945               0.000               0.000         16586657.640   1.00000 
  1822.100          79.817    990.081      99.173     200.952           146360.568               0.000               0.000         16733018.208   1.00000 
  1823.100          79.740    992.552      99.167     200.818           147196.885               0.000               0.000         16880215.093   1.00000 
  1824.100          79.663    995.598      99.161     200.684           148039.969               0.000               0.000         17028255.062   1.00000 
  1825.100          79.585    999.297      99.154     200.550           148889.886               0.000               0.000         17177144.948   1.00000 
  1826.100          79.507   1003.666      99.148     200.418           149746.554               0.000               0.000         17326891.503   1.00000 
  1827.100          79.429   1008.629      99.142     200.287           150610.096               0.000               0.000         17477501.598   1.00000 
  1828.100          79.350   1014.047      99.136     200.157           151480.727               0.000               0.000         17628982.326   1.00000 
  1829.100          79.271   1019.745      99.130     200.029           152358.517               0.000               0.000         17781340.842   1.00000 
  1830.100          79.192   1025.527      99.123     199.901           153243.416               0.000               0.000         17934584.259   1.00000 
  1831.100          79.113   1031.194      99.117     199.775           154135.398               0.000               0.000         18088719.657   1.00000 
  1832.100          79.033   1036.524      99.111     199.649           155034.705               0.000               0.000         18243754.362   1.00000 
  1833.100          78.953   1041.366      99.105     199.523           155941.410               0.000               0.000         18399695.772   1.00000 
  1834.100          78.873   1045.633      99.099     199.397           156855.588               0.000               0.000         18556551.360   1.00000 
  1835.100          78.792   1049.292      99.093     199.271           157777.290               0.000               0.000         18714328.650   1.00000 
  1836.100          78.711   1052.410      99.087     199.145           158706.456               0.000               0.000         18873035.106   1.00000 
  1837.100          78.630   1055.099      99.080     199.019           159643.322               0.000               0.000         19032678.428   1.00000 
  1838.100          78.549   1057.506      99.074     198.892           160587.967               0.000               0.000         19193266.395   1.00000 
  1839.100          78.467   1030.864      99.060     198.615           161540.468               0.000               0.000         19354806.863   1.00000 
  1840.100          78.385   1041.689      99.054     198.489           162500.900               0.000               0.000         19517307.763   1.00000 
  1841.100          78.303   1048.449      99.047     198.363           163469.221               0.000               0.000         19680776.984   1.00000 
  1842.100          78.220   1053.915      99.041     198.236           164445.593               0.000               0.000         19845222.577   1.00000 
  1843.100          78.137   1058.901      99.034     198.110           165430.146               0.000               0.000         20010652.723   1.00000 
  1844.100          78.053   1063.655      99.028     197.984           166422.961               0.000               0.000         20177075.684   1.00000 
  1845.100          77.970   1068.345      99.021     197.859           167424.123               0.000               0.000         20344499.808   1.00000 
  1846.100          77.886   1073.099      99.015     197.734           168433.717               0.000               0.000         20512933.525   1.00000 
  1847.100          77.801   1077.975      99.008     197.609           169451.706               0.000               0.000         20682385.231   1.00000 
  1848.100          77.717   1082.941      99.001     197.484           170478.264               0.000               0.000         20852863.495   1.00000 
  1849.100          77.632   1087.823      98.995     197.360           171513.514               0.000               0.000         21024377.009   1.00000 
  1850.100          77.547   1092.465      98.988     197.237           172557.551               0.000               0.000         21196934.559   1.00000 
  1851.100          77.461   1096.718      98.982     197.113           173610.457               0.000               0.000         21370545.017   1.00000 
  1852.100          77.375   1100.489      98.975     196.988           174672.315               0.000               0.000         21545217.332   1.00000 
  1853.100          77.289   1103.768      98.968     196.864           175743.235               0.000               0.000         21720960.567   1.00000 
  1854.100          77.202   1106.592      98.961     196.738           176823.165               0.000               0.000         21897783.732   1.00000 
  1855.100          77.115   1109.090      98.954     196.613           177912.331               0.000               0.000         22075696.063   1.00000 
  1856.100          77.027   1111.469      98.948     196.486           179010.885               0.000               0.000         22254706.947   1.00000 
  1857.100          76.940   1113.990      98.941     196.360           180118.809               0.000               0.000         22434825.757   1.00000 
  1858.100          76.852   1116.916      98.934     196.233           181236.229               0.000               0.000         22616061.985   1.00000 
  1859.100          76.763   1120.465      98.927     196.107           182363.317               0.000               0.000         22798425.303   1.00000 
  1860.100          76.674   1124.780      98.920     195.982           183500.131               0.000               0.000         22981925.433   1.00000 
  1861.100          76.585   1129.899      98.913     195.858           184646.769               0.000               0.000         23166572.203   1.00000 
  1862.100          76.496   1135.757      98.906     195.734           185803.256               0.000               0.000         23352375.459   1.00000 
  1863.100          76.406   1142.194      98.899     195.612           186969.734               0.000               0.000         23539345.193   1.00000 
  1864.100          76.316   1148.980      98.892     195.491           188146.360               0.000               0.000         23727491.553   1.00000 
  1865.100          76.225   1155.798      98.885     195.371           189333.202               0.000               0.000         23916824.755   1.00000 
  1866.100          76.134   1162.371      98.878     195.252           190530.386               0.000               0.000         24107355.141   1.00000 
  1867.100          76.042   1168.488      98.871     195.133           191738.028               0.000               0.000         24299093.169   1.00000 
  1868.100          75.951   1173.993      98.864     195.014           192956.225               0.000               0.000         24492049.394   1.00000 
  1869.100          75.858   1178.850      98.857     194.895           194185.088               0.000               0.000         24686234.482   1.00000 
  1870.100          75.766   1183.091      98.851     194.776           195424.725               0.000               0.000         24881659.207   1.00000 
  1871.100          75.673   1186.810      98.844     194.656           196675.247               0.000               0.000         25078334.454   1.00000 
  1872.100          75.579   1190.178      98.836     194.536           197936.765               0.000               0.000         25276271.219   1.00000 
  1873.100          75.486   1193.415      98.829     194.416           199209.393               0.000               0.000         25475480.612   1.00000 
  1874.100          75.391   1196.763      98.822     194.296           200493.205               0.000               0.000         25675973.816   1.00000 
  1875.100          75.297   1200.450      98.815     194.175           201788.326               0.000               0.000         25877762.143   1.00000 
  1876.100          75.202   1204.653      98.808     194.055           203094.906               0.000               0.000         26080857.048   1.00000 
  1877.100          75.106   1209.475      98.801     193.936           204413.060               0.000               0.000         26285270.108   1.00000 
  1878.100          75.010   1214.935      98.793     193.817           205742.907               0.000               0.000         26491013.015   1.00000 
  1879.100          74.914   1220.959      98.786     193.699           207084.566               0.000               0.000         26698097.581   1.00000 
  1880.100          74.817   1227.400      98.779     193.581           208438.246               0.000               0.000         26906535.828   1.00000 
  1881.100          74.720   1234.046      98.772     193.465           209803.844               0.000               0.000         27116339.672   1.00000 
  1882.100          74.622   1240.605      98.765     193.349           211181.627               0.000               0.000         27327521.299   1.00000 
  1883.100          74.524   1246.836      98.758     193.234           212571.750               0.000               0.000         27540093.049   1.00000 
  1884.100          74.426   1252.589      98.751     193.119           213974.299               0.000               0.000         27754067.348   1.00000 
  1885.100          74.327   1257.764      98.743     193.004           215389.400               0.000               0.000         27969456.748   1.00000 
  1886.100          74.227   1262.395      98.736     192.888           216817.179               0.000               0.000         28186273.927   1.00000 
  1887.100          74.128   1266.534      98.729     192.773           218257.763               0.000               0.000         28404531.690   1.00000 
  1888.100          74.027   1270.295      98.722     192.657           219711.282               0.000               0.000         28624242.972   1.00000 
  1889.100          73.926   1273.830      98.714     192.540           221177.865               0.000               0.000         28845420.837   1.00000 
  1890.100          73.825   1277.425      98.707     192.424           222657.643               0.000               0.000         29068078.481   1.00000 
  1891.100          73.723   1281.264      98.700     192.307           224150.748               0.000               0.000         29292229.228   1.00000 
  1892.100          73.621   1285.517      98.692     192.190           225657.311               0.000               0.000         29517886.539   1.00000 
  1893.100          73.518   1290.307      98.685     192.074           227177.466               0.000               0.000         29745064.005   1.00000 
  1894.100          73.415   1295.678      98.677     191.958           228711.347               0.000               0.000         29973775.353   1.00000 
  1895.100          73.311   1301.608      98.670     191.843           230259.090               0.000               0.000         30204034.443   1.00000 
  1896.100          73.207   1307.974      98.662     191.728           231820.831               0.000               0.000         30435855.274   1.00000 
  1897.100          73.102   1314.613      98.655     191.615           233396.705               0.000               0.000         30669251.979   1.00000 
  1898.100          72.997   1321.307      98.647     191.501           234986.851               0.000               0.000         30904238.829   1.00000 
  1899.100          72.891   1327.799      98.640     191.389           236591.405               0.000               0.000         31140830.235   1.00000 
  1900.100          72.785   1333.928      98.633     191.276           238210.484               0.000               0.000         31379040.719   1.00000 
  1901.100          72.678   1339.578      98.625     191.164           239844.177               0.000               0.000         31618884.896   1.00000 
  1902.100          72.571   1344.717      98.618     191.051           241492.688               0.000               0.000         31860377.584   1.00000 
  1903.100          72.463   1349.389      98.610     190.939           243156.156               0.000               0.000         32103533.740   1.00000 
  1904.100          72.354   1353.672      98.602     190.826           244834.738               0.000               0.000         32348368.478   1.00000 
  1905.100          72.245   1357.702      98.595     190.712           246528.556               0.000               0.000         32594897.033   1.00000 
  1906.100          72.136   1361.658      98.587     190.598           248237.680               0.000               0.000         32843134.714   1.00000 
  1907.100          72.026   1365.736      98.579     190.485           249962.394               0.000               0.000         33093097.108   1.00000 
  1908.100          71.915   1370.105      98.572     190.370           251702.848               0.000               0.000         33344799.957   1.00000 
  1909.100          71.804   1374.900      98.564     190.257           253458.229               0.000               0.000         33598258.185   1.00000 
  1910.100          71.692   1380.147      98.556     190.143           255186.162               0.000               0.000         33853444.347   1.00000 
  1911.100          71.579   1385.849      98.548     190.030           256920.473               0.000               0.000         34110364.821   1.00000 
  1912.100          71.466   1391.975      98.540     189.917           258669.212               0.000               0.000         34369034.033   1.00000 
  1913.100          71.353   1353.854      98.525     189.697           260432.615               0.000               0.000         34629466.648   1.00000 
  1914.100          71.239   1383.686      98.517     189.586           262210.767               0.000               0.000         34891677.415   1.00000 
  1915.100          71.124   1396.146      98.510     189.476           264003.797               0.000               0.000         35155681.212   1.00000 
  1916.100          71.008   1405.639      98.502     189.366           265811.813               0.000               0.000         35421493.025   1.00000 
  1917.100          70.892   1413.708      98.494     189.256           267634.924               0.000               0.000         35689127.950   1.00000 
  1918.100          70.776   1420.740      98.486     189.146           269473.017               0.000               0.000         35958600.967   1.00000 
  1919.100          70.658   1426.897      98.479     189.036           271326.265               0.000               0.000         36229927.233   1.00000 
  1920.100          70.540   1432.302      98.471     188.926           273194.838               0.000               0.000         36503122.071   1.00000 
  1921.100          70.422   1437.067      98.463     188.815           275078.928               0.000               0.000         36778200.999   1.00000 
  1922.100          70.302   1441.353      98.455     188.703           276978.601               0.000               0.000         37055179.600   1.00000 
  1923.100          70.182   1445.358      98.447     188.591           278893.894               0.000               0.000         37334073.494   1.00000 
  1924.100          70.062   1449.307      98.438     188.478           280824.541               0.000               0.000         37614898.035   1.00000 
  1925.100          69.940   1453.416      98.430     188.365           282771.032               0.000               0.000         37897669.067   1.00000 
  1926.100          69.818   1457.867      98.422     188.252           284733.453               0.000               0.000         38182402.520   1.00000 
  1927.100          69.696   1462.782      98.414     188.139           286711.886               0.000               0.000         38469114.406   1.00000 
  1928.100          69.572   1468.204      98.405     188.026           288706.116               0.000               0.000         38757820.522   1.00000 
  1929.100          69.448   1474.092      98.397     187.913           290716.221               0.000               0.000         39048536.743   1.00000 
  1930.100          69.323   1480.335      98.389     187.801           292742.536               0.000               0.000         39341279.279   1.00000 
  1931.100          69.198   1486.724      98.380     187.689           294785.127               0.000               0.000         39636064.406   1.00000 
  1932.100          69.072   1493.009      98.372     187.577           296843.747               0.000               0.000         39932908.153   1.00000 
  1933.100          68.945   1499.018      98.364     187.465           298918.401               0.000               0.000         40231826.554   1.00000 
  1934.100          68.817   1504.693      98.355     187.353           301009.478               0.000               0.000         40532836.032   1.00000 
  1935.100          68.688   1509.960      98.347     187.241           303117.024               0.000               0.000         40835953.056   1.00000 
  1936.100          68.559   1514.772      98.338     187.128           305240.476               0.000               0.000         41141193.532   1.00000 
  1937.100          68.429   1519.194      98.330     187.015           307380.263               0.000               0.000         41448573.795   1.00000 
  1938.100          68.298   1523.380      98.321     186.902           309536.641               0.000               0.000         41758110.436   1.00000 
  1939.100          68.166   1527.526      98.312     186.787           311709.214               0.000               0.000         42069819.650   1.00000 
  1940.100          68.034   1531.833      98.303     186.673           313897.867               0.000               0.000         42383717.518   1.00000 
  1941.100          67.901   1536.588      98.295     186.558           316103.101               0.000               0.000         42699820.619   1.00000 
  1942.100          67.767   1541.875      98.286     186.444           318324.570               0.000               0.000         43018145.189   1.00000 
  1943.100          67.632   1547.765      98.277     186.329           320561.957               0.000               0.000         43338707.146   1.00000 
  1944.100          67.496   1554.211      98.268     186.215           322815.871               0.000               0.000         43661523.016   1.00000 
  1945.100          67.359   1561.132      98.259     186.102           325085.682               0.000               0.000         43986608.698   1.00000 
  1946.100          67.222   1568.320      98.250     185.989           327371.587               0.000               0.000         44313980.285   1.00000 
  1947.100          67.084   1575.556      98.241     185.876           329673.806               0.000               0.000         44643654.091   1.00000 
  1948.100          66.944   1582.599      98.232     185.764           331991.277               0.000               0.000         44975645.368   1.00000 
  1949.100          66.804   1589.291      98.224     185.651           334324.919               0.000               0.000         45309970.287   1.00000 
  1950.100          66.663   1595.523      98.215     185.539           336674.210               0.000               0.000         45646644.497   1.00000 
  1951.100          66.521   1601.281      98.206     185.426           339038.831               0.000               0.000         45985683.328   1.00000 
  1952.100          66.379   1606.598      98.197     185.313           341419.343               0.000               0.000         46327102.671   1.00000 
  1953.100          66.235   1611.556      98.187     185.200           343814.349               0.000               0.000         46670917.020   1.00000 
  1954.100          66.090   1616.308      98.178     185.086           346225.072               0.000               0.000         47017142.093   1.00000 
  1955.100          65.945   1621.045      98.169     184.972           348650.037               0.000               0.000         47365792.129   1.00000 
  1956.100          65.798   1625.948      98.160     184.857           351090.082               0.000               0.000         47716882.211   1.00000 
  1957.100          65.650   1631.177      98.150     184.743           353544.176               0.000               0.000         48070426.388   1.00000 
  1958.100          65.502   1604.938      98.134     184.537           356012.717               0.000               0.000         48426439.105   1.00000 
  1959.100          65.352   1626.464      98.124     184.423           358494.814               0.000               0.000         48784933.918   1.00000 
  1960.100          65.202   1637.165      98.115     184.310           360990.559               0.000               0.000         49145924.478   1.00000 
  1961.100          65.050   1646.427      98.105     184.196           363499.458               0.000               0.000         49509423.935   1.00000 
  1962.100          64.897   1655.170      98.096     184.083           366021.418               0.000               0.000         49875445.354   1.00000 
  1963.100          64.744   1663.565      98.087     183.970           368555.693               0.000               0.000         50244001.046   1.00000 
  1964.100          64.589   1671.535      98.077     183.858           371102.529               0.000               0.000         50615103.575   1.00000 
  1965.100          64.433   1679.002      98.068     183.745           373660.778               0.000               0.000         50988764.353   1.00000 
  1966.100          64.276   1685.891      98.058     183.632           376230.979               0.000               0.000         51364995.332   1.00000 
  1967.100          64.118   1692.172      98.049     183.519           378811.685               0.000               0.000         51743807.017   1.00000 
  1968.100          63.959   1697.892      98.039     183.406           381403.397               0.000               0.000         52125210.414   1.00000 
  1969.100          63.799   1703.114      98.029     183.291           384005.080               0.000               0.000         52509215.494   1.00000 
  1970.100          63.637   1707.963      98.019     183.177           386616.247               0.000               0.000         52895831.741   1.00000 
  1971.100          63.475   1712.610      98.009     183.061           389237.028               0.000               0.000         53285068.769   1.00000 
  1972.100          63.311   1717.250      97.999     182.945           391865.744               0.000               0.000         53676934.513   1.00000 
  1973.100          63.146   1722.071      97.989     182.828           394502.654               0.000               0.000         54071437.166   1.00000 
  1974.100          62.980   1727.227      97.979     182.711           397147.163               0.000               0.000         54468584.330   1.00000 
  1975.100          62.813   1732.793      97.969     182.594           399797.732               0.000               0.000         54868382.062   1.00000 
  1976.100          62.645   1738.814      97.959     182.477           402454.512               0.000               0.000         55270836.574   1.00000 
  1977.100          62.475   1745.239      97.948     182.360           405116.818               0.000               0.000         55675953.392   1.00000 
  1978.100          62.304   1751.939      97.938     182.243           407783.033               0.000               0.000         56083736.425   1.00000 
  1979.100          62.132   1758.786      97.928     182.126           410452.937               0.000               0.000         56494189.362   1.00000 
  1980.100          61.958   1765.489      97.918     182.009           413125.799               0.000               0.000         56907315.161   1.00000 
  1981.100          61.783   1771.907      97.907     181.892           415800.542               0.000               0.000         57323115.703   1.00000 
  1982.100          61.607   1777.927      97.897     181.775           418475.590               0.000               0.000         57741591.293   1.00000 
  1983.100          61.430   1783.524      97.886     181.658           421150.754               0.000               0.000         58162742.047   1.00000 
  1984.100          61.251   1788.693      97.876     181.540           423824.791               0.000               0.000         58586566.838   1.00000 
  1985.100          61.071   1793.508      97.865     181.421           426496.546               0.000               0.000         59013063.384   1.00000 
  1986.100          60.889   1798.102      97.854     181.301           429164.551               0.000               0.000         59442227.935   1.00000 
  1987.100          60.706   1802.655      97.843     181.181           431827.690               0.000               0.000         59874055.624   1.00000 
  1988.100          60.522   1734.150      97.825     180.979           434484.813               0.000               0.000         60308540.437   1.00000 
  1989.100          60.336   1793.666      97.814     180.859           437134.482               0.000               0.000         60745674.919   1.00000 
  1990.100          60.149   1804.653      97.803     180.739           439775.360               0.000               0.000         61185450.279   1.00000 
  1991.100          59.960   1813.436      97.792     180.618           442405.957               0.000               0.000         61627856.236   1.00000 
  1992.100          59.770   1821.544      97.780     180.498           445024.746               0.000               0.000         62072880.982   1.00000 
  1993.100          59.578   1829.434      97.769     180.378           447629.913               0.000               0.000         62520510.896   1.00000 
  1994.100          59.385   1837.201      97.758     180.257           450219.700               0.000               0.000         62970730.596   1.00000 
  1995.100          59.190   1844.738      97.747     180.137           452792.563               0.000               0.000         63423523.159   1.00000 
  1996.100          58.994   1851.909      97.736     180.017           455346.505               0.000               0.000         63878869.665   1.00000 
  1997.100          58.796   1858.611      97.724     179.897           457879.578               0.000               0.000         64336749.243   1.00000 
  1998.100          58.597   1864.764      97.713     179.777           460389.831               0.000               0.000         64797139.074   1.00000 
  1999.100          58.396   1870.368      97.702     179.656           462875.042               0.000               0.000         65260014.116   1.00000 
  2000.100          58.193   1875.443      97.690     179.534           465333.066               0.000               0.000         65725347.182   1.00000 
  2001.100          57.989   1880.070      97.678     179.412           467761.543               0.000               0.000         66193108.724   1.00000 
  2002.100          57.783   1884.376      97.667     179.289           470158.085               0.000               0.000         66663266.809   1.00000 
  2003.100          57.576   1888.503      97.655     179.165           472520.252               0.000               0.000         67135787.061   1.00000 
  2004.100          57.366   1892.713      97.643     179.041           474845.215               0.000               0.000         67610632.276   1.00000 
  2005.100          57.155   1897.172      97.631     178.916           477130.398               0.000               0.000         68087762.674   1.00000 
  2006.100          56.943   1901.946      97.618     178.791           479373.074               0.000               0.000         68567135.748   1.00000 
  2007.100          56.728   1907.099      97.606     178.665           481570.401               0.000               0.000         69048706.149   1.00000 
  2008.100          56.512   1912.582      97.594     178.540           483719.440               0.000               0.000         69532425.589   1.00000 
  2009.100          56.294   1918.287      97.582     178.415           485817.055               0.000               0.000         70018242.644   1.00000 
  2010.100          56.074   1924.047      97.569     178.289           487860.132               0.000               0.000         70506102.776   1.00000 
  2011.100          55.852   1822.803      97.549     178.090           489844.833               0.000               0.000         70995947.609   1.00000 
  2012.100          55.629   1915.607      97.537     177.965           491767.864               0.000               0.000         71487715.473   1.00000 
  2013.100          55.404   1926.666      97.525     177.840           493626.126               0.000               0.000         71981341.599   1.00000 
  2014.100          55.176   1934.401      97.512     177.715           495416.021               0.000               0.000         72476757.620   1.00000 
  2015.100          54.947   1940.432      97.499     177.589           497133.135               0.000               0.000         72973890.755   1.00000 
  2016.100          54.716   1945.385      97.487     177.462           498774.138               0.000               0.000         73472664.892   1.00000 
  2017.100          54.483   1949.624      97.474     177.334           500335.138               0.000               0.000         73973000.030   1.00000 
  2018.100          54.248   1953.431      97.461     177.205           501811.214               0.000               0.000         74474811.244   1.00000 
  2019.100          54.011   1957.051      97.448     177.076           503198.309               0.000               0.000         74978009.554   1.00000 
  2020.100          53.772   1960.681      97.434     176.947           504492.345               0.000               0.000         75482501.899   1.00000 
  2021.100          53.531   1964.455      97.421     176.817           505687.594               0.000               0.000         75988189.494   1.00000 
  2022.100          53.288   1968.430      97.408     176.687           506780.493               0.000               0.000         76494969.986   1.00000 
  2023.100          53.043   1972.614      97.394     176.557           507765.572               0.000               0.000         77002735.559   1.00000 
  2024.100          52.796   1976.916      97.381     176.426           508638.101               0.000               0.000         77511373.659   1.00000 
  2025.100          52.547   1981.226      97.367     176.296           509393.088               0.000               0.000         78020766.748   1.00000 
  2026.100          52.296   1985.317      97.353     176.166           510025.282               0.000               0.000         78530792.030   1.00000 
  2027.100          52.042   1989.043      97.340     176.036           510529.636               0.000               0.000         79041321.666   1.00000 
  2028.100          51.787   1992.289      97.326     175.905           510900.874               0.000               0.000         79552222.540   1.00000 
  2029.100          51.529   1994.998      97.312     175.774           511133.454               0.000               0.000         80063355.994   1.00000 
  2030.100          51.269   1945.832      97.291     175.574           511509.962               0.000               0.000         80574865.956   1.00000 
  2031.100          51.007   1983.377      97.277     175.443           512129.861               0.000               0.000         81086995.817   1.00000 
  2032.100          50.743   1990.141      97.263     175.310           512598.787               0.000               0.000         81599594.604   1.00000 
  2033.100          50.477   1994.513      97.249     175.177           512908.952               0.000               0.000         82112503.556   1.00000 
  2034.100          50.208   1997.772      97.234     175.042           513052.431               0.000               0.000         82625555.987   1.00000 
  2035.100          49.938   2000.504      97.220     174.907           513015.388               0.000               0.000         83138571.375   1.00000 
  2036.100          49.665   2002.770      97.205     174.772           512798.364               0.000               0.000         83651369.739   1.00000 
  2037.100          49.389   2004.997      97.190     174.636           512394.114               0.000               0.000         84163763.853   1.00000 
  2038.100          49.112   2007.231      97.175     174.500           511791.702               0.000               0.000         84675555.555   1.00000 
  2039.100          48.832   2009.454      97.160     174.364           510983.354               0.000               0.000         85186538.909   1.00000 
  2040.100          48.550   2011.559      97.145     174.229           509961.301               0.000               0.000         85696500.210   1.00000 
  2041.100          48.266   2013.358      97.130     174.093           508717.801               0.000               0.000         86205218.011   1.00000 
  2042.100          47.980   2014.730      97.115     173.957           507245.234               0.000               0.000         86712463.245   1.00000 
  2043.100          47.691   2015.573      97.100     173.821           505536.045               0.000               0.000         87217999.290   1.00000 
  2044.100          47.400   2015.831      97.085     173.684           503582.861               0.000               0.000         87721582.152   1.00000 
  2045.100          47.107   2015.936      97.070     173.546           501904.397               0.000               0.000         88223486.549   1.00000 
  2046.100          46.812   1986.881      97.047     173.344           500183.437               0.000               0.000         88723669.985   1.00000 
  2047.100          46.514   2002.599      97.031     173.205           498185.455               0.000               0.000         89221855.440   1.00000 
  2048.100          46.215   2004.972      97.015     173.066           495900.436               0.000               0.000         89717755.876   1.00000 
  2049.100          45.913   2005.492      96.999     172.926           493317.789               0.000               0.000         90211073.666   1.00000 
  2050.100          45.609   2005.174      96.983     172.785           490427.052               0.000               0.000         90701500.718   1.00000 
  2051.100          45.303   2004.400      96.967     172.643           487218.104               0.000               0.000         91188718.821   1.00000 
  2052.100          44.994   2003.341      96.951     172.501           483681.217               0.000               0.000         91672400.039   1.00000 
  2053.100          44.684   2002.002      96.934     172.359           479807.122               0.000               0.000         92152207.160   1.00000 
  2054.100          44.372   2000.572      96.918     172.217           475586.773               0.000               0.000         92627793.933   1.00000 
  2055.100          44.058   1998.541      96.902     172.076           471011.812               0.000               0.000         93098805.746   1.00000 
  2056.100          43.741   1995.858      96.885     171.934           466075.023               0.000               0.000         93564880.769   1.00000 
  2057.100          43.423   1992.444      96.868     171.792           460769.368               0.000               0.000         94025650.137   1.00000 
  2058.100          43.103   1988.194      96.852     171.650           455089.403               0.000               0.000         94480739.540   1.00000 
  2059.100          42.782   1924.929      96.828     171.448           449031.457               0.000               0.000         94929770.998   1.00000 
  2060.100          42.458   1959.682      96.811     171.306           442591.877               0.000               0.000         95372362.875   1.00000 
  2061.100          42.133   1957.627      96.794     171.164           435771.192               0.000               0.000         95808134.067   1.00000 
  2062.100          41.807   1952.549      96.777     171.021           428569.228               0.000               0.000         96236703.295   1.00000 
  2063.100          41.478   1945.693      96.760     170.877           420988.357               0.000               0.000         96657691.652   1.00000 
  2064.100          41.149   1937.668      96.742     170.733           413033.252               0.000               0.000         97070724.904   1.00000 
  2065.100          40.817   1928.805      96.725     170.589           404710.648               0.000               0.000         97475435.552   1.00000 
  2066.100          40.485   1919.341      96.708     170.445           396028.527               0.000               0.000         97871464.079   1.00000 
  2067.100          40.151   1909.335      96.690     170.302           386998.093               0.000               0.000         98258462.171   1.00000 
  2068.100          39.817   1898.828      96.673     170.158           377633.318               0.000               0.000         98636095.489   1.00000 
  2069.100          39.481   1887.768      96.655     170.016           367949.217               0.000               0.000         99004044.706   1.00000 
  2070.100          39.144   1876.053      96.638     169.874           357964.686               0.000               0.000         99362009.392   1.00000 
  2071.100          38.807   1779.473      96.613     169.673           347700.888               0.000               0.000         99709710.279   1.00000 
  2072.100          38.469   1830.994      96.596     169.534           337179.154               0.000               0.000        100046889.434   1.00000 
  2073.100          38.130   1822.330      96.578     169.395           326427.091               0.000               0.000        100373316.525   1.00000 
  2074.100          37.790   1810.052      96.561     169.257           315472.123               0.000               0.000        100688788.647   1.00000 
  2075.100          37.451   1795.688      96.544     169.119           304344.030               0.000               0.000        100993132.677   1.00000 
  2076.100          37.111   1779.827      96.527     168.982           293075.186               0.000               0.000        101286207.863   1.00000 
  2077.100          36.771   1762.778      96.509     168.845           281697.987               0.000               0.000        101567905.850   1.00000 
  2078.100          36.431   1744.763      96.492     168.708           270247.805               0.000               0.000        101838153.655   1.00000 
  2079.100          36.091   1726.117      96.475     168.573           258759.923               0.000               0.000        102096913.578   1.00000 
  2080.100          35.751   1706.795      96.458     168.438           247270.636               0.000               0.000        102344184.214   1.00000 
  2081.100          35.412   1687.014      96.441     168.305           235817.298               0.000               0.000        102580001.512   1.00000 
  2082.100          35.073   1666.816      96.424     168.173           224435.880               0.000               0.000        102804437.391   1.00000 
  2083.100          34.735   1646.222      96.407     168.043           213163.260               0.000               0.000        103017600.651   1.00000 
  2084.100          34.397   1603.145      96.383     167.858           202035.572               0.000               0.000        103219636.224   1.00000 
  2085.100          34.061   1591.134      96.367     167.732           191091.227               0.000               0.000        103410727.450   1.00000 
  2086.100          33.725   1572.090      96.351     167.608           180364.887               0.000               0.000        103591092.337   1.00000 
  2087.100          33.391   1551.475      96.335     167.486           169885.865               0.000               0.000        103760978.202   1.00000 
  2088.100          33.058   1529.923      96.319     167.366           159681.771               0.000               0.000        103920659.973   1.00000 
  2089.100          32.726   1507.689      96.304     167.248           149778.142               0.000               0.000        104070438.115   1.00000 
  2090.100          32.396   1485.154      96.288     167.132           140196.774               0.000               0.000        104210634.889   1.00000 
  2091.100          32.067   1462.413      96.273     167.017           130928.639               0.000               0.000        104341563.527   1.00000 
  2092.100          31.740   1439.305      96.258     166.904           121910.595               0.000               0.000        104463474.123   1.00000 
  2093.100          31.415   1416.083      96.243     166.793           113305.425               0.000               0.000        104576779.547   1.00000 
  2094.100          31.091   1392.784      96.229     166.684           105120.187               0.000               0.000        104681899.734   1.00000 
  2095.100          30.770   1369.595      96.215     166.577            97357.075               0.000               0.000        104779256.809   1.00000 
  2096.100          30.450   1346.579      96.201     166.473            90015.305               0.000               0.000        104869272.114   1.00000 
  2097.100          30.133   1323.803      96.187     166.370            83091.260               0.000               0.000        104952363.374   1.00000 
  2098.100          29.817   1291.945      96.166     166.215            76578.780               0.000               0.000        105028942.154   1.00000 
  2099.100          29.503   1274.827      96.153     166.118            70468.980               0.000               0.000        105099411.133   1.00000 
  2100.100          29.192   1254.167      96.140     166.022            64752.054               0.000               0.000        105164163.187   1.00000 
  2101.100          28.882   1233.366      96.128     165.930            59416.003               0.000               0.000        105223579.190   1.00000 
  2102.100          28.575   1212.761      96.115     165.840            54447.298               0.000               0.000        105278026.488   1.00000 
  2103.100          28.270   1192.464      96.103     165.752            49831.246               0.000               0.000        105327857.734   1.00000 
  2104.100          27.967   1172.528      96.092     165.667            45552.251               0.000               0.000        105373409.985   1.00000 
  2105.100          27.666   1152.989      96.080     165.584            41594.065               0.000               0.000        105415004.050   1.00000 
  2106.100          27.367   1133.877      96.069     165.503            37940.008               0.000               0.000        105452944.059   1.00000 
  2107.100          27.070   1115.217      96.059     165.424            34572.400               0.000               0.000        105487516.459   1.00000 
  2108.100          26.776   1097.033      96.048     165.347            31473.634               0.000               0.000        105518990.093   1.00000 
  2109.100          26.483   1079.347      96.038     165.272            28627.459               0.000               0.000        105547617.552   1.00000 
  2110.100          26.193   1062.242      96.028     165.200            26017.809               0.000               0.000        105573635.360   1.00000 
  2111.100          25.904   1045.682      96.018     165.129            23628.940               0.000               0.000        105597264.301   1.00000 
  2112.100          25.618   1029.625      96.008     165.059            21445.546               0.000               0.000        105618709.846   1.00000 
  2113.100          25.334   1014.125      95.999     164.992            19452.842               0.000               0.000        105638162.688   1.00000 
  2114.100          25.052    999.174      95.990     164.926            17636.641               0.000               0.000        105655799.330   1.00000 
  2115.100          24.772    984.807      95.981     164.863            15983.415               0.000               0.000        105671782.744   1.00000 
  2116.100          24.493    970.997      95.972     164.801            14480.332               0.000               0.000        105686263.076   1.00000 
  2117.100          24.217    957.709      95.964     164.741            13115.257               0.000               0.000        105699378.333   1.00000 
  2118.100          23.942    944.932      95.956     164.682            11876.780               0.000               0.000        105711255.113   1.00000 
  2119.100          23.670    932.655      95.948     164.626            10754.213               0.000               0.000        105722009.326   1.00000 
  2120.100          23.399    920.857      95.940     164.571             9737.591               0.000               0.000        105731746.917   1.00000 
  2121.100          23.130    909.523      95.933     164.517             8817.603               0.000               0.000        105740564.520   1.00000 
  2122.100          22.862    898.638      95.925     164.465             7985.638               0.000               0.000        105748550.158   1.00000 
  2123.100          22.596    888.186      95.918     164.415             7233.757               0.000               0.000        105755783.915   1.00000 
  2124.100          22.332    892.843      95.904     164.313             6554.600               0.000               0.000        105762338.515   1.00000 
  2125.100          22.070    880.534      95.897     164.265             5941.362               0.000               0.000        105768279.877   1.00000 
  2126.100          21.809    869.746      95.891     164.219             5387.932               0.000               0.000        105773667.809   1.00000 
  2127.100          21.550    859.793      95.884     164.174             4888.624               0.000               0.000        105778556.433   1.00000 
  2128.100          21.292    850.444      95.878     164.130             4438.274               0.000               0.000        105782994.707   1.00000 
  2129.100          21.035    841.591      95.872     164.087             4032.154               0.000               0.000        105787026.861   1.00000 
  2130.100          20.781    833.168      95.866     164.046             3665.964               0.000               0.000        105790692.824   1.00000 
  2131.100          20.527    825.132      95.861     164.006             3335.807               0.000               0.000        105794028.631   1.00000 
  2132.100          20.275    817.448      95.855     163.967             3038.124               0.000               0.000        105797066.754   1.00000 
  2133.100          20.025    810.090      95.850     163.928             2769.547               0.000               0.000        105799836.302   1.00000 
  2134.100          19.775    803.033      95.844     163.891             2526.369               0.000               0.000        105802362.671   1.00000 
  2135.100          19.528    796.261      95.839     163.855             2307.311               0.000               0.000        105804669.982   1.00000 
  2136.100          19.281    789.761      95.834     163.820             2109.984               0.000               0.000        105806779.965   1.00000 
  2137.100          19.036    783.515      95.829     163.786             1932.143               0.000               0.000        105808712.108   1.00000 
  2138.100          18.792    777.508      95.825     163.753             1771.767               0.000               0.000        105810483.875   1.00000 
  2139.100          18.549    771.725      95.820     163.721             1627.051               0.000               0.000        105812110.926   1.00000 
  2140.100          18.308    766.154      95.816     163.689             1496.378               0.000               0.000        105813607.304   1.00000 
  2141.100          18.068    760.784      95.811     163.659             1378.298               0.000               0.000        105814985.602   1.00000 
  2142.100          17.829    755.602      95.807     163.629             1271.518               0.000               0.000        105816257.119   1.00000 
  2143.100          17.591    750.600      95.803     163.600             1174.875               0.000               0.000        105817431.994   1.00000 
  2144.100          17.355    745.766      95.799     163.572             1087.333               0.000               0.000        105818519.327   1.00000 
  2145.100          17.120    741.093      95.795     163.544             1007.962               0.000               0.000        105819527.289   1.00000 
  2146.100          16.886    736.571      95.791     163.517              935.931               0.000               0.000        105820463.221   1.00000 
  2147.100          16.653    732.194      95.787     163.491              870.496               0.000               0.000        105821333.716   1.00000 
  2148.100          16.422    727.954      95.783     163.465              810.989               0.000               0.000        105822144.706   1.00000 
  2149.100          16.192    723.840      95.780     163.441              756.815               0.000               0.000        105822901.521   1.00000 
  2150.100          15.964    719.846      95.776     163.416              707.440               0.000               0.000        105823608.960   1.00000 
  2151.100          15.737    715.981      95.773     163.393              662.381               0.000               0.000        105824271.342   1.00000 
  2152.100          15.511    712.289      95.770     163.370              621.214               0.000               0.000        105824892.556   1.00000 
  2152.300          15.466    711.573      95.769     163.365              609.563               0.000               0.000        105825014.468   1.00000 
  2152.480          15.425    710.935      95.768     163.361              602.626               0.000               0.000        105825122.941   1.00000 
  2152.642          15.389    710.363      95.768     163.357              596.478               0.000               0.000        105825219.570   1.00000 
  2152.847          15.343    709.642      95.767     163.353              589.134               0.000               0.000        105825340.128   1.00000 
  2152.904          15.330    709.441      95.767     163.352              586.362               0.000               0.000        105825374.028   1.00000 
  2152.963          15.317    709.239      95.767     163.350              584.260               0.000               0.000        105825407.994   1.00000 
  2152.988          15.312    709.106      95.767     163.350              291.837               0.000               0.000        105825415.288   1.00000 
  2153.013          15.306    708.970      95.767     163.349              291.951               0.000               0.000        105825422.585   1.00000 
  2153.125          15.281    708.370      95.766     163.347              292.471               0.000               0.000        105825455.479   1.00000 
  2153.631          15.167    706.076      95.765     163.338              294.779               0.000               0.000        105825604.671   1.00000 
  2154.631          14.939    702.171      95.763     163.321              299.328               0.000               0.000        105825903.999   1.00000 
  2155.631          14.707    698.597      95.760     163.304              303.842               0.000               0.000        105826207.841   1.00000 
  2156.631          14.472    695.272      95.758     163.287              307.951               0.000               0.000        105826515.792   1.00000 
  2157.631          14.233    692.131      95.755     163.270              311.593               0.000               0.000        105826827.386   1.00000 
  2158.631          13.993    689.106      95.753     163.254              314.716               0.000               0.000        105827142.102   1.00000 
  2159.631          13.749    686.162      95.751     163.238              317.269               0.000               0.000        105827459.371   1.00000 
  2160.631          13.504    683.313      95.748     163.222              319.207               0.000               0.000        105827778.578   1.00000 
  2161.631          13.257    680.558      95.746     163.206              320.496               0.000               0.000        105828099.074   1.00000 
  2162.631          13.009    677.892      95.744     163.191              321.104               0.000               0.000        105828420.177   1.00000 
  2163.631          12.760    675.295      95.742     163.176              321.012               0.000               0.000        105828741.190   1.00000 
  2164.631          12.510    672.761      95.740     163.161              320.209               0.000               0.000        105829061.399   1.00000 
  2165.631          12.260    670.288      95.738     163.147              318.693               0.000               0.000        105829380.092   1.00000 
  2166.631          12.009    667.876      95.736     163.133              316.471               0.000               0.000        105829696.563   1.00000 
  2167.631          11.759    665.519      95.734     163.119              313.560               0.000               0.000        105830010.123   1.00000 
  2168.631          11.509    663.215      95.732     163.105              309.983               0.000               0.000        105830320.107   1.00000 
  2169.631          11.260    660.961      95.730     163.092              305.776               0.000               0.000        105830625.883   1.00000 
  2170.631          11.012    658.754      95.728     163.079              300.930               0.000               0.000        105830926.812   1.00000 
  2171.631          10.765    656.592      95.726     163.066              294.766               0.000               0.000        105831221.578   1.00000 
  2172.631          10.520    654.472      95.724     163.053              288.262               0.000               0.000        105831509.841   1.00000 
  2173.631          10.276    652.390      95.722     163.041              281.621               0.000               0.000        105831791.461   1.00000 
  2174.631          10.034    650.343      95.720     163.028              274.875               0.000               0.000        105832066.337   1.00000 
  2175.631           9.794    648.330      95.719     163.016              268.064               0.000               0.000        105832334.401   1.00000 
  2176.631           9.556    646.348      95.717     163.005              261.221               0.000               0.000        105832595.622   1.00000 
  2177.631           9.320    644.396      95.715     162.993              254.376               0.000               0.000        105832849.998   1.00000 
  2178.631           9.086    642.473      95.714     162.982              247.560               0.000               0.000        105833097.558   1.00000 
  2179.631           8.854    640.578      95.712     162.971              240.797               0.000               0.000        105833338.355   1.00000 
  2180.631           8.624    638.710      95.710     162.960              234.109               0.000               0.000        105833572.464   1.00000 
  2181.631           8.397    636.868      95.709     162.949              227.518               0.000               0.000        105833799.982   1.00000 
  2182.631           8.172    635.051      95.707     162.939              221.041               0.000               0.000        105834021.023   1.00000 
  2183.631           7.949    633.258      95.706     162.929              214.690               0.000               0.000        105834235.714   1.00000 
  2184.631           7.728    631.490      95.704     162.918              208.480               0.000               0.000        105834444.194   1.00000 
  2185.631           7.511    629.746      95.703     162.909              202.419               0.000               0.000        105834646.613   1.00000 
  2186.631           7.295    628.025      95.702     162.899              196.516               0.000               0.000        105834843.130   1.00000 
  2187.631           7.082    626.327      95.700     162.889              190.777               0.000               0.000        105835033.906   1.00000 
  2188.631           6.871    624.651      95.699     162.880              185.204               0.000               0.000        105835219.111   1.00000 
  2189.631           6.663    622.998      95.698     162.871              179.802               0.000               0.000        105835398.913   1.00000 
  2190.631           6.457    621.366      95.696     162.862              174.571               0.000               0.000        105835573.484   1.00000 
  2191.631           6.254    619.755      95.695     162.853              169.512               0.000               0.000        105835742.996   1.00000 
  2192.631           6.053    618.165      95.694     162.845              164.624               0.000               0.000        105835907.619   1.00000 
  2193.631           5.854    616.596      95.692     162.836              159.904               0.000               0.000        105836067.524   1.00000 
  2194.631           5.657    615.047      95.691     162.828              155.352               0.000               0.000        105836222.875   1.00000 
  2195.631           5.463    613.518      95.690     162.820              150.963               0.000               0.000        105836373.838   1.00000 
  2196.631           5.271    612.008      95.689     162.812              146.734               0.000               0.000        105836520.573   1.00000 
  2197.631           5.081    610.518      95.688     162.804              142.662               0.000               0.000        105836663.235   1.00000 
  2198.631           4.894    609.047      95.687     162.796              138.742               0.000               0.000        105836801.977   1.00000 
  2199.631           4.708    607.594      95.686     162.789              134.969               0.000               0.000        105836936.946   1.00000 
  2200.631           4.525    606.160      95.684     162.781              131.340               0.000               0.000        105837068.286   1.00000 
  2201.631           4.344    604.744      95.683     162.774              127.850               0.000               0.000        105837196.136   1.00000 
  2202.631           4.165    603.345      95.682     162.767              124.494               0.000               0.000        105837320.631   1.00000 
  2203.631           3.987    601.964      95.681     162.760              121.268               0.000               0.000        105837441.899   1.00000 
  2204.631           3.812    600.600      95.680     162.753              118.167               0.000               0.000        105837560.065   1.00000 
  2205.631           3.638    599.254      95.679     162.746              115.186               0.000               0.000        105837675.251   1.00000 
  2206.631           3.467    597.924      95.678     162.739              112.321               0.000               0.000        105837787.572   1.00000 
  2207.631           3.297    596.611      95.677     162.733              109.567               0.000               0.000        105837897.139   1.00000 
  2208.631           3.129    595.314      95.676     162.726              106.920               0.000               0.000        105838004.059   1.00000 
  2209.631           2.963    594.033      95.675     162.720              104.375               0.000               0.000        105838108.435   1.00000 
  2210.631           2.798    592.768      95.675     162.714              101.929               0.000               0.000        105838210.364   1.00000 
  2211.631           2.635    591.518      95.674     162.708               99.576               0.000               0.000        105838309.940   1.00000 
  2212.631           2.474    590.284      95.673     162.701               97.313               0.000               0.000        105838407.253   1.00000 
  2213.631           2.314    589.064      95.672     162.696               95.137               0.000               0.000        105838502.390   1.00000 
  2214.631           2.156    587.858      95.671     162.690               93.042               0.000               0.000        105838595.432   1.00000 
  2215.631           1.999    586.667      95.670     162.684               91.026               0.000               0.000        105838686.457   1.00000 
  2216.631           1.844    585.491      95.669     162.678               89.084               0.000               0.000        105838775.542   1.00000 
  2217.631           1.690    584.328      95.669     162.673               87.215               0.000               0.000        105838862.757   1.00000 
  2218.631           1.538    583.178      95.668     162.667               85.413               0.000               0.000        105838948.170   1.00000 
  2219.631           1.387    582.042      95.667     162.662               83.677               0.000               0.000        105839031.848   1.00000 
  2220.631           1.237    580.919      95.666     162.656               82.003               0.000               0.000        105839113.851   1.00000 
  2221.631           1.089    579.810      95.665     162.651               80.389               0.000               0.000        105839194.240   1.00000 
  2222.631           0.942    578.712      95.665     162.646               78.831               0.000               0.000        105839273.071   1.00000 
  2223.631           0.796    577.628      95.664     162.641               77.327               0.000               0.000        105839350.398   1.00000 
  2224.631           0.651    576.556      95.663     162.636               75.875               0.000               0.000        105839426.274   1.00000 
  2225.631           0.508    575.496      95.662     162.631               74.472               0.000               0.000        105839500.746   1.00000 
  2226.631           0.366    574.447      95.662     162.626               73.116               0.000               0.000        105839573.862   1.00000 
  2227.631           0.224    573.411      95.661     162.621               71.805               0.000               0.000        105839645.668   1.00000 
  2228.631           0.084    572.386      95.660     162.616               70.537               0.000               0.000        105839716.205   1.00000 
  2229.631           0.000    571.370      95.660     162.612               69.181               0.000               0.000        105839785.386   1.00000 
