#_______________________________________________________________________________
#    ######   ####     ##             #####   #####     ##    #    #    ## 
#    #       #        #  #            #    #  #    #   #  #   ##  ##   #  #
#    #####    ####   ######           #    #  #####   ######  # ## #  ######
#    #            #  #    #           #    #  #    #  #    #  #    #  #    #
#____######__#####___#____#___________#####___#____#__#____#__#____#__#____#____
#
#              ESA Debris Risk Assessment and Mitigation Analysis
#
#                      ---- DRAMA ( SESAM 2.1.5 ) ----
#                                      ESA 2018
#
#                              aerothermal history file
#-------------------------------------------------------------------------------
# Filename      : PySara.MAC-Y.58c3bdfd-4512-4407-8fd3-89664a00dd56_AeroThermalHistory.txt
# RunID         : PySara
# ObjectID      : 58c3bdfd-4512-4407-8fd3-89664a00dd56
# ObjectName    : MAC-Y
# ReferenceArea : 0.01391 [m^2]
# Content       : This file contains the aerothermal data of the object,
#                 computed by the DRAMA 3 Re-entry Analysis.
# Documentation : DRAMA Software User Manual, section OPERATIONS MANUAL / Normal operation / SARA / SARA Simulation Output / Re-entry simulation output
# Note          : The convective heat and the integrated heat values in this file take into account the visibility factor
#
#-------------------------------------------------------------------------------------------------------------------------------------------------------------------
#  Time [s]  Altitude [km]   Temp [K]   Mass [kg]   Thick [mm]  Convective Heat [W]  Radiative Heat [W]  Oxidation Heat [W]  Integrated Heat [J] VisibilityFactor [-]
#-------------------------------------------------------------------------------------------------------------------------------------------------------------------
  1746.100          93.024    300.000       0.900       1.451             8743.722               0.000               0.000                0.000   1.00000 
  1746.200          93.017    302.521       0.900       1.451             8751.492               0.000               0.000              875.149   1.00000 
  1746.650          92.987    313.899       0.900       1.451             8787.628               0.000               0.000             4829.582   1.00000 
  1747.650          92.921    339.309       0.900       1.451             8870.815               0.000               0.000            13700.397   1.00000 
  1748.650          92.854    364.719       0.900       1.451             8960.692               0.000               0.000            22661.089   1.00000 
  1749.650          92.788    390.123       0.900       1.451             9051.139               0.000               0.000            31712.228   1.00000 
  1750.650          92.721    415.516       0.900       1.451             9142.155               0.000               0.000            40854.383   1.00000 
  1751.650          92.654    440.942       0.900       1.451             9233.741               0.000               0.000            50088.124   1.00000 
  1752.650          92.586    466.423       0.900       1.451             9325.898               0.000               0.000            59414.023   1.00000 
  1753.650          92.519    491.950       0.900       1.451             9418.627               0.000               0.000            68832.650   1.00000 
  1754.650          92.451    517.511       0.900       1.451             9511.927               0.000               0.000            78344.577   1.00000 
  1755.650          92.383    543.095       0.900       1.451             9605.800               0.000               0.000            87950.377   1.00000 
  1756.650          92.315    568.689       0.900       1.451             9700.245               0.000               0.000            97650.622   1.00000 
  1757.650          92.247    594.279       0.900       1.451             9795.263               0.000               0.000           107445.885   1.00000 
  1758.650          92.179    619.849       0.900       1.451             9890.853               0.000               0.000           117336.738   1.00000 
  1759.650          92.110    645.396       0.900       1.451             9987.017               0.000               0.000           127323.755   1.00000 
  1760.650          92.041    670.905       0.900       1.451            10083.753               0.000               0.000           137407.508   1.00000 
  1761.650          91.972    696.358       0.900       1.451            10181.063               0.000               0.000           147588.571   1.00000 
  1762.650          91.903    721.734       0.900       1.451            10278.945               0.000               0.000           157867.516   1.00000 
  1763.650          91.834    747.012       0.900       1.451            10377.400               0.000               0.000           168244.916   1.00000 
  1764.650          91.764    772.172       0.900       1.451            10476.428               0.000               0.000           178721.344   1.00000 
  1765.650          91.694    797.189       0.900       1.451            10576.027               0.000               0.000           189297.370   1.00000 
  1766.650          91.624    822.040       0.900       1.451            10676.198               0.000               0.000           199973.568   1.00000 
  1767.650          91.554    846.689       0.900       1.451            10776.940               0.000               0.000           210750.508   1.00000 
  1768.650          91.483    871.111       0.900       1.451            10878.252               0.000               0.000           221628.760   1.00000 
  1769.650          91.412    895.281       0.900       1.451            10980.134               0.000               0.000           232608.894   1.00000 
  1770.650          91.341    919.175       0.900       1.451            11082.584               0.000               0.000           243691.477   1.00000 
  1771.650          91.270    942.769       0.900       1.451            11185.602               0.000               0.000           254877.079   1.00000 
  1772.650          91.198    966.039       0.900       1.451            11289.186               0.000               0.000           266166.265   1.00000 
  1773.650          91.126    988.962       0.900       1.451            11393.336               0.000               0.000           277559.601   1.00000 
  1774.650          91.054   1011.516       0.900       1.451            11498.049               0.000               0.000           289057.650   1.00000 
  1775.650          90.982   1033.656       0.900       1.451            11603.325               0.000               0.000           300660.975   1.00000 
  1776.650          90.909   1055.342       0.900       1.451            11709.162               0.000               0.000           312370.137   1.00000 
  1777.650          90.837   1076.560       0.900       1.451            11815.558               0.000               0.000           324185.694   1.00000 
  1778.650          90.763   1097.296       0.900       1.451            11922.510               0.000               0.000           336108.205   1.00000 
  1779.650          90.690   1117.537       0.900       1.451            12030.018               0.000               0.000           348138.223   1.00000 
  1780.650          90.616   1137.252       0.900       1.451            12138.079               0.000               0.000           360276.302   1.00000 
  1781.650          90.542   1156.430       0.900       1.451            12246.691               0.000               0.000           372522.993   1.00000 
  1782.650          90.468   1175.068       0.900       1.451            12355.850               0.000               0.000           384878.843   1.00000 
  1783.650          90.393   1193.163       0.900       1.451            12465.554               0.000               0.000           397344.397   1.00000 
  1784.650          90.319   1210.714       0.900       1.451            12575.801               0.000               0.000           409920.198   1.00000 
  1785.650          90.243   1227.686       0.900       1.451            12686.587               0.000               0.000           422606.785   1.00000 
  1786.650          90.168   1244.064       0.900       1.451            12797.909               0.000               0.000           435404.695   1.00000 
  1787.650          90.092   1259.861       0.900       1.451            12909.764               0.000               0.000           448314.459   1.00000 
  1788.650          90.016   1275.092       0.900       1.451            13022.148               0.000               0.000           461336.606   1.00000 
  1789.650          89.940   1289.770       0.900       1.451            13135.057               0.000               0.000           474471.663   1.00000 
  1790.650          89.863   1303.912       0.900       1.451            13248.489               0.000               0.000           487720.152   1.00000 
  1791.650          89.786   1317.523       0.900       1.451            13362.445               0.000               0.000           501082.597   1.00000 
  1792.650          89.708   1330.602       0.900       1.451            13476.923               0.000               0.000           514559.520   1.00000 
  1793.650          89.631   1343.170       0.900       1.451            13591.924               0.000               0.000           528151.444   1.00000 
  1794.650          89.553   1355.248       0.900       1.451            13707.447               0.000               0.000           541858.891   1.00000 
  1795.650          89.474   1356.000       0.879       1.415            13823.492               0.000               0.000           555682.384   1.00000 
  1796.650          89.395   1356.000       0.856       1.376            13939.773               0.000               0.000           569622.156   1.00000 
  1797.650          89.316   1356.000       0.833       1.337            14056.190               0.000               0.000           583678.346   1.00000 
  1798.650          89.237   1356.000       0.809       1.297            14172.692               0.000               0.000           597851.039   1.00000 
  1799.650          89.157   1356.000       0.784       1.256            14289.225               0.000               0.000           612140.264   1.00000 
  1800.650          89.076   1356.000       0.759       1.214            14405.727               0.000               0.000           626545.990   1.00000 
  1801.650          88.996   1356.000       0.734       1.172            14522.127               0.000               0.000           641068.118   1.00000 
  1802.650          88.915   1356.000       0.708       1.129            14638.348               0.000               0.000           655706.466   1.00000 
  1803.650          88.833   1356.000       0.682       1.086            14754.301               0.000               0.000           670460.767   1.00000 
  1804.650          88.752   1356.000       0.655       1.041            14869.882               0.000               0.000           685330.649   1.00000 
  1805.650          88.669   1356.000       0.628       0.996            14984.976               0.000               0.000           700315.625   1.00000 
  1806.650          88.587   1356.000       0.600       0.951            15099.446               0.000               0.000           715415.071   1.00000 
  1807.650          88.504   1356.000       0.572       0.905            15213.135               0.000               0.000           730628.206   1.00000 
  1808.650          88.420   1356.000       0.543       0.858            15325.858               0.000               0.000           745954.063   1.00000 
  1809.650          88.337   1356.000       0.514       0.811            15437.398               0.000               0.000           761391.461   1.00000 
  1810.650          88.252   1356.000       0.484       0.763            15547.495               0.000               0.000           776938.956   1.00000 
  1811.650          88.168   1356.000       0.454       0.714            15655.837               0.000               0.000           792594.793   1.00000 
  1812.650          88.082   1356.000       0.424       0.665            15762.046               0.000               0.000           808356.840   1.00000 
  1813.650          87.997   1356.000       0.393       0.616            15865.654               0.000               0.000           824222.493   1.00000 
  1814.650          87.911   1356.000       0.362       0.566            15966.076               0.000               0.000           840188.569   1.00000 
  1815.650          87.824   1356.000       0.330       0.515            16062.570               0.000               0.000           856251.140   1.00000 
  1816.650          87.737   1356.000       0.298       0.465            16154.173               0.000               0.000           872405.312   1.00000 
  1817.650          87.650   1356.000       0.266       0.413            16239.603               0.000               0.000           888644.916   1.00000 
  1818.650          87.562   1356.000       0.233       0.362            16317.110               0.000               0.000           904962.025   1.00000 
  1819.650          87.473   1356.000       0.200       0.310            16384.207               0.000               0.000           921346.232   1.00000 
  1820.650          87.384   1356.000       0.167       0.258            16437.202               0.000               0.000           937783.434   1.00000 
  1821.650          87.295   1356.000       0.133       0.206            16470.266               0.000               0.000           954253.700   1.00000 
  1822.650          87.205   1356.000       0.100       0.154            16473.393               0.000               0.000           970727.093   1.00000 
  1823.650          87.114   1356.000       0.067       0.103            16427.134               0.000               0.000           987154.227   1.00000 
  1824.650          87.024   1356.000       0.034       0.052            16285.171               0.000               0.000          1003439.398   1.00000 
  1825.650          86.933   1356.000       0.003       0.005            15881.065               0.000               0.000          1019320.463   1.00000 
  1826.450          86.863   1356.000       0.000       0.000            12119.391               0.000               0.000          1029021.020   1.00000 
