#_______________________________________________________________________________
#    ######   ####     ##             #####   #####     ##    #    #    ##
#    #       #        #  #            #    #  #    #   #  #   ##  ##   #  #
#    #####    ####   ######           #    #  #####   ######  # ## #  ######
#    #            #  #    #           #    #  #    #  #    #  #    #  #    #
#____######__#####___#____#___________#####___#____#__#____#__#____#__#____#____
#
#              ESA Debris Risk Assessment and Mitigation Analysis
#
#                      ---- DRAMA ( SESAM 2.1.5 ) ----
#                                      ESA 2018 
#
#                              trajectory history file
#-------------------------------------------------------------------------------
# Filename      : PySara.ASCATICU2.31b09dff-babf-48dd-ad99-ac5aef3469e6_Trajectory.txt
# RunID         : PySara
# ObjectID      : 31b09dff-babf-48dd-ad99-ac5aef3469e6
# ObjectName    : ASCATICU2
# Content       : This file contains the trajectory state data of the object,
#                 computed by the DRAMA 3 Re-entry Analysis.
# Documentation : DRAMA Software User Manual, section OPERATIONS MANUAL / Normal operation / SARA / SARA Simulation Output / Re-entry simulation output
#
#--------------------------------------------------------------------------------------------------------------------------------------------------------------------------------------------
#  Time [s]  Altitude [km]  Lat [deg]  Lon [deg]  Velocity [km/s]   Downrange [km]       Drag       Lift       Side    Knudsen       Mach  Flight Path [deg]  Heading [deg]  Density [kg/m^2]
#--------------------------------------------------------------------------------------------------------------------------------------------------------------------------------------------
  1883.200          81.818      7.881   -110.218            7.172        13602.806      1.514      0.000      0.000    0.02309   25.71628           -0.83009       83.15649         1.531e-05 
  1883.300          81.807      7.882   -110.212            7.172        13603.514      1.514      0.000      0.000    0.02306   25.71184           -0.83053       83.15748         1.533e-05 
  1883.750          81.761      7.885   -110.183            7.168        13606.699      1.513      0.000      0.000    0.02290   25.69114           -0.83249       83.16194         1.544e-05 
  1884.750          81.656      7.893   -110.120            7.159        13613.772      1.511      0.000      0.000    0.02256   25.64342           -0.83697       83.17185         1.568e-05 
  1885.750          81.551      7.900   -110.056            7.150        13620.835      1.509      0.000      0.000    0.02219   25.59173           -0.84163       83.18175         1.594e-05 
  1886.750          81.446      7.908   -109.992            7.141        13627.890      1.507      0.000      0.000    0.02182   25.53959           -0.84646       83.19166         1.620e-05 
  1887.750          81.340      7.915   -109.929            7.132        13634.937      1.505      0.000      0.000    0.02146   25.48697           -0.85146       83.20157         1.648e-05 
  1888.750          81.234      7.923   -109.866            7.123        13641.974      1.503      0.000      0.000    0.02111   25.43388           -0.85665       83.21147         1.675e-05 
  1889.750          81.127      7.930   -109.802            7.114        13649.003      1.501      0.000      0.000    0.02076   25.38031           -0.86201       83.22138         1.703e-05 
  1890.750          81.020      7.938   -109.739            7.105        13656.022      1.499      0.000      0.000    0.02041   25.32625           -0.86756       83.23128         1.732e-05 
  1891.750          80.912      7.945   -109.676            7.095        13663.033      1.497      0.000      0.000    0.02007   25.27170           -0.87330       83.24118         1.762e-05 
  1892.750          80.804      7.953   -109.613            7.085        13670.034      1.496      0.000      0.000    0.01974   25.21664           -0.87922       83.25108         1.792e-05 
  1893.750          80.695      7.960   -109.550            7.076        13677.025      1.494      0.000      0.000    0.01940   25.16108           -0.88534       83.26098         1.822e-05 
  1894.750          80.585      7.968   -109.487            7.066        13684.007      1.493      0.000      0.000    0.01908   25.10500           -0.89165       83.27088         1.854e-05 
  1895.750          80.475      7.975   -109.424            7.056        13690.979      1.491      0.000      0.000    0.01875   25.04840           -0.89816       83.28077         1.885e-05 
  1896.750          80.364      7.982   -109.362            7.046        13697.941      1.490      0.000      0.000    0.01844   24.99127           -0.90487       83.29067         1.918e-05 
  1897.750          80.252      7.990   -109.299            7.035        13704.894      1.489      0.000      0.000    0.01812   24.93361           -0.91179       83.30056         1.951e-05 
  1898.750          80.140      7.997   -109.236            7.025        13711.836      1.487      0.000      0.000    0.01781   24.87540           -0.91891       83.31045         1.985e-05 
  1899.750          80.027      8.004   -109.174            7.014        13718.768      1.486      0.000      0.000    0.01750   24.81664           -0.92624       83.32033         2.020e-05 
  1900.750          79.913      8.012   -109.112            7.004        13725.689      1.485      0.000      0.000    0.01720   24.75732           -0.93378       83.33022         2.056e-05 
  1901.750          79.799      8.019   -109.049            6.993        13732.600      1.484      0.000      0.000    0.01690   24.69743           -0.94154       83.34010         2.092e-05 
  1902.750          79.683      8.026   -108.987            6.982        13739.501      1.483      0.000      0.000    0.01661   24.63698           -0.94952       83.34998         2.129e-05 
  1903.750          79.567      8.033   -108.925            6.971        13746.390      1.482      0.000      0.000    0.01631   24.57595           -0.95773       83.35986         2.168e-05 
  1904.750          79.450      8.040   -108.863            6.959        13753.269      1.481      0.000      0.000    0.01603   24.51433           -0.96616       83.36973         2.206e-05 
  1905.750          79.333      8.048   -108.801            6.948        13760.136      1.480      0.000      0.000    0.01574   24.45213           -0.97482       83.37960         2.246e-05 
  1906.750          79.214      8.055   -108.739            6.936        13766.992      1.480      0.000      0.000    0.01546   24.38934           -0.98371       83.38947         2.287e-05 
  1907.750          79.094      8.062   -108.678            6.924        13773.837      1.479      0.000      0.000    0.01518   24.32595           -0.99284       83.39934         2.329e-05 
  1908.750          78.974      8.069   -108.616            6.912        13780.669      1.478      0.000      0.000    0.01491   24.25995           -1.00222       83.40921         2.372e-05 
  1909.750          78.853      8.076   -108.555            6.898        13787.489      1.478      0.000      0.000    0.01464   24.19024           -1.01187       83.41907         2.416e-05 
  1910.750          78.730      8.083   -108.493            6.883        13794.295      1.477      0.000      0.000    0.01437   24.11619           -1.02180       83.42893         2.461e-05 
  1911.750          78.607      8.090   -108.432            6.867        13801.085      1.477      0.000      0.000    0.01411   24.03709           -1.03205       83.43879         2.507e-05 
  1912.750          78.483      8.097   -108.371            6.848        13807.858      1.476      0.000      0.000    0.01385   23.95207           -1.04265       83.44865         2.554e-05 
  1913.750          78.358      8.104   -108.310            6.828        13814.612      1.476      0.000      0.000    0.01359   23.85998           -1.05364       83.45850         2.602e-05 
  1914.750          78.232      8.111   -108.250            6.805        13821.346      1.475      0.000      0.000    0.01333   23.75931           -1.06506       83.46835         2.652e-05 
  1915.750          78.105      8.118   -108.189            6.779        13828.055      1.475      0.000      0.000    0.01308   23.64804           -1.07698       83.47820         2.703e-05 
  1916.750          77.977      8.125   -108.129            6.749        13834.736      1.475      0.000      0.000    0.01284   23.52332           -1.08946       83.48805         2.755e-05 
  1917.750          77.848      8.131   -108.069            6.714        13841.386      1.475      0.000      0.000    0.01259   23.38102           -1.10261       83.49791         2.809e-05 
  1918.750          77.719      8.138   -108.009            6.672        13847.997      1.474      0.000      0.000    0.01235   23.21478           -1.11654       83.50777         2.863e-05 
  1919.750          77.588      8.145   -107.950            6.619        13854.562      1.474      0.000      0.000    0.01211   23.01413           -1.13145       83.51765         2.919e-05 
  1920.750          77.457      8.152   -107.891            6.550        13861.066      1.474      0.000      0.000    0.01188   22.75999           -1.14758       83.52758         2.977e-05 
  1921.750          77.326      8.158   -107.834            6.452        13867.488      1.474      0.000      0.000    0.01165   22.41175           -1.16541       83.53762         3.035e-05 
  1922.750          77.196      8.165   -107.777            6.290        13873.781      1.474      0.000      0.000    0.01143   21.85586           -1.18582       83.54801         3.095e-05 
  1923.750          77.069      8.171   -107.723            5.867        13879.782      1.474      0.000      0.000    0.01121   20.47155           -1.21180       83.56026         3.154e-05 
