#_______________________________________________________________________________
#    ######   ####     ##             #####   #####     ##    #    #    ## 
#    #       #        #  #            #    #  #    #   #  #   ##  ##   #  #
#    #####    ####   ######           #    #  #####   ######  # ## #  ######
#    #            #  #    #           #    #  #    #  #    #  #    #  #    #
#____######__#####___#____#___________#####___#____#__#____#__#____#__#____#____
#
#              ESA Debris Risk Assessment and Mitigation Analysis
#
#                      ---- DRAMA ( SESAM 2.1.5 ) ----
#                                      ESA 2018
#
#                              aerothermal history file
#-------------------------------------------------------------------------------
# Filename      : PySara.PLM.1820861999305024803_a8c52bba-8078-4fb0-94fe-07d876624d0a_AeroThermalHistory.txt
# RunID         : PySara
# ObjectID      : a8c52bba-8078-4fb0-94fe-07d876624d0a
# ObjectName    : PLM
# ReferenceArea : 1.06872 [m^2]
# Content       : This file contains the aerothermal data of the object,
#                 computed by the DRAMA 3 Re-entry Analysis.
# Documentation : DRAMA Software User Manual, section OPERATIONS MANUAL / Normal operation / SARA / SARA Simulation Output / Re-entry simulation output
# Note          : The convective heat and the integrated heat values in this file take into account the visibility factor
#
#-------------------------------------------------------------------------------------------------------------------------------------------------------------------
#  Time [s]  Altitude [km]   Temp [K]   Mass [kg]   Thick [mm]  Convective Heat [W]  Radiative Heat [W]  Oxidation Heat [W]  Integrated Heat [J] VisibilityFactor [-]
#-------------------------------------------------------------------------------------------------------------------------------------------------------------------
  1639.550          99.234    572.601      77.400      29.645           101743.882               0.000               0.000         22574341.057   0.93547 
  1639.650          99.229    572.712      77.400      29.645           101803.168               0.000               0.000         22584521.374   0.93547 
  1640.100          99.206    573.211      77.400      29.645           102078.924               0.000               0.000         22630456.889   0.93547 
  1641.100          99.155    574.327      77.400      29.645           102714.161               0.000               0.000         22733171.050   0.93547 
  1642.100          99.103    575.448      77.400      29.645           103401.150               0.000               0.000         22836572.200   0.93547 
  1643.100          99.052    576.574      77.400      29.645           104093.200               0.000               0.000         22940665.400   0.93547 
  1644.100          99.000    577.706      77.400      29.645           104790.340               0.000               0.000         23045455.740   0.93547 
  1645.100          98.949    578.842      77.400      29.645           105492.602               0.000               0.000         23150948.342   0.93547 
  1646.100          98.897    579.983      77.400      29.645           106200.018               0.000               0.000         23257148.361   0.93547 
  1647.100          98.845    581.129      77.400      29.645           106912.619               0.000               0.000         23364060.980   0.93547 
  1648.100          98.793    582.281      77.400      29.645           107630.437               0.000               0.000         23471691.416   0.93547 
  1649.100          98.741    583.437      77.400      29.645           108353.502               0.000               0.000         23580044.919   0.93547 
  1650.100          98.688    584.599      77.400      29.645           109081.849               0.000               0.000         23689126.767   0.93547 
  1651.100          98.636    585.766      77.400      29.645           109815.506               0.000               0.000         23798942.274   0.93547 
  1652.100          98.583    586.938      77.400      29.645           110554.508               0.000               0.000         23909496.781   0.93547 
  1653.100          98.531    588.115      77.400      29.645           111298.884               0.000               0.000         24020795.666   0.93547 
  1654.100          98.478    589.297      77.400      29.645           112048.669               0.000               0.000         24132844.335   0.93547 
  1655.100          98.425    590.484      77.400      29.645           112803.895               0.000               0.000         24245648.230   0.93547 
  1656.100          98.372    591.677      77.400      29.645           113564.594               0.000               0.000         24359212.823   0.93547 
  1657.100          98.318    592.874      77.400      29.645           114330.799               0.000               0.000         24473543.622   0.93547 
  1658.100          98.265    594.077      77.400      29.645           115102.543               0.000               0.000         24588646.165   0.93547 
  1659.100          98.212    595.285      77.400      29.645           115879.861               0.000               0.000         24704526.026   0.93547 
  1660.100          98.158    596.498      77.400      29.645           116662.785               0.000               0.000         24821188.811   0.93547 
  1661.100          98.104    597.716      77.400      29.645           117451.348               0.000               0.000         24938640.159   0.93547 
  1662.100          98.050    598.938      77.400      29.645           118245.586               0.000               0.000         25056885.745   0.93547 
  1663.100          97.996    600.166      77.400      29.645           119045.531               0.000               0.000         25175931.276   0.93547 
  1664.100          97.942    601.399      77.400      29.645           119851.218               0.000               0.000         25295782.494   0.93547 
  1665.100          97.888    602.637      77.400      29.645           120662.682               0.000               0.000         25416445.177   0.93547 
  1666.100          97.833    603.879      77.400      29.645           121479.957               0.000               0.000         25537925.134   0.93547 
  1667.100          97.779    605.127      77.400      29.645           122303.079               0.000               0.000         25660228.213   0.93547 
  1668.100          97.724    606.380      77.400      29.645           123132.080               0.000               0.000         25783360.293   0.93547 
  1669.100          97.669    607.638      77.400      29.645           123967.000               0.000               0.000         25907327.293   0.93547 
  1670.100          97.614    608.901      77.400      29.645           124807.870               0.000               0.000         26032135.163   0.93547 
  1671.100          97.559    610.169      77.400      29.645           125654.728               0.000               0.000         26157789.891   0.93547 
  1672.100          97.504    611.442      77.400      29.645           126507.609               0.000               0.000         26284297.500   0.93547 
  1673.100          97.449    612.720      77.400      29.645           127366.550               0.000               0.000         26411664.050   0.93547 
  1674.100          97.393    614.004      77.400      29.645           128231.586               0.000               0.000         26539895.636   0.93547 
  1675.100          97.338    615.292      77.400      29.645           129102.754               0.000               0.000         26668998.390   0.93547 
  1676.100          97.282    616.586      77.400      29.645           129980.093               0.000               0.000         26798978.483   0.93547 
  1677.100          97.226    617.886      77.400      29.645           130863.637               0.000               0.000         26929842.121   0.93547 
  1678.100          97.170    619.190      77.400      29.645           131753.426               0.000               0.000         27061595.547   0.93547 
  1679.100          97.114    620.500      77.400      29.645           132649.496               0.000               0.000         27194245.043   0.93547 
  1680.100          97.058    621.816      77.400      29.645           133551.887               0.000               0.000         27327796.930   0.93547 
  1681.100          97.001    623.136      77.400      29.645           134460.636               0.000               0.000         27462257.566   0.93547 
  1682.100          96.945    624.463      77.400      29.645           135375.781               0.000               0.000         27597633.347   0.93547 
  1683.100          96.888    625.794      77.400      29.645           136297.363               0.000               0.000         27733930.710   0.93547 
  1684.100          96.831    627.131      77.400      29.645           137225.419               0.000               0.000         27871156.129   0.93547 
  1685.100          96.774    628.474      77.400      29.645           138159.989               0.000               0.000         28009316.118   0.93547 
  1686.100          96.717    629.822      77.400      29.645           139101.116               0.000               0.000         28148417.234   0.93547 
  1687.100          96.660    631.175      77.400      29.645           140048.837               0.000               0.000         28288466.071   0.93547 
  1688.100          96.603    632.534      77.400      29.645           141003.193               0.000               0.000         28429469.264   0.93547 
  1689.100          96.545    633.898      77.400      29.645           141964.226               0.000               0.000         28571433.490   0.93547 
  1690.100          96.487    635.268      77.400      29.645           142931.978               0.000               0.000         28714365.468   0.93547 
  1691.100          96.430    636.644      77.400      29.645           143906.488               0.000               0.000         28858271.956   0.93547 
  1692.100          96.372    638.025      77.400      29.645           144887.801               0.000               0.000         29003159.757   0.93547 
  1693.100          96.314    639.411      77.400      29.645           145875.958               0.000               0.000         29149035.714   0.93547 
  1694.100          96.255    640.804      77.400      29.645           146871.003               0.000               0.000         29295906.717   0.93547 
  1695.100          96.197    642.202      77.400      29.645           147872.978               0.000               0.000         29443779.695   0.93547 
  1696.100          96.139    643.605      77.400      29.645           148881.926               0.000               0.000         29592661.621   0.93547 
  1697.100          96.080    645.014      77.400      29.645           149897.896               0.000               0.000         29742559.517   0.93547 
  1698.100          96.021    646.429      77.400      29.645           150920.927               0.000               0.000         29893480.443   0.93547 
  1699.100          95.962    647.849      77.400      29.645           151951.068               0.000               0.000         30045431.512   0.93547 
  1700.100          95.903    649.275      77.400      29.645           152988.363               0.000               0.000         30198419.874   0.93547 
  1701.100          95.844    650.707      77.400      29.645           154032.856               0.000               0.000         30352452.730   0.93547 
  1702.100          95.785    652.144      77.400      29.645           155084.598               0.000               0.000         30507537.328   0.93547 
  1703.100          95.725    653.588      77.400      29.645           156143.633               0.000               0.000         30663680.961   0.93547 
  1704.100          95.666    655.037      77.400      29.645           157210.012               0.000               0.000         30820890.973   0.93547 
  1705.100          95.606    656.492      77.400      29.645           158283.778               0.000               0.000         30979174.751   0.93547 
  1706.100          95.546    657.953      77.400      29.645           159364.983               0.000               0.000         31138539.733   0.93547 
  1707.100          95.486    659.420      77.400      29.645           160453.677               0.000               0.000         31298993.411   0.93547 
  1708.100          95.426    660.894      77.400      29.645           161549.907               0.000               0.000         31460543.318   0.93547 
  1709.100          95.365    662.374      77.400      29.645           162653.727               0.000               0.000         31623197.044   0.93547 
  1710.100          95.305    663.860      77.400      29.645           163765.185               0.000               0.000         31786962.229   0.93547 
  1711.100          95.244    665.352      77.400      29.645           164884.332               0.000               0.000         31951846.561   0.93547 
  1712.100          95.183    666.850      77.400      29.645           166011.225               0.000               0.000         32117857.786   0.93547 
  1713.100          95.122    668.355      77.400      29.645           167145.912               0.000               0.000         32285003.698   0.93547 
  1714.100          95.061    669.866      77.400      29.645           168288.450               0.000               0.000         32453292.149   0.93547 
  1715.100          95.000    671.383      77.400      29.645           169438.890               0.000               0.000         32622731.039   0.93547 
  1716.100          94.938    672.906      77.400      29.645           170597.290               0.000               0.000         32793328.328   0.93547 
  1717.100          94.877    674.436      77.400      29.645           171763.698               0.000               0.000         32965092.026   0.93547 
  1718.100          94.815    675.973      77.400      29.645           172938.173               0.000               0.000         33138030.200   0.93547 
  1719.100          94.753    677.517      77.400      29.645           174120.763               0.000               0.000         33312150.962   0.93547 
  1720.100          94.691    679.068      77.400      29.645           175311.523               0.000               0.000         33487462.485   0.93547 
  1721.100          94.629    680.626      77.400      29.645           176510.508               0.000               0.000         33663972.993   0.93547 
  1722.100          94.567    682.192      77.400      29.645           177717.772               0.000               0.000         33841690.764   0.93547 
  1723.100          94.504    683.765      77.400      29.645           178933.370               0.000               0.000         34020624.134   0.93547 
  1724.100          94.442    685.345      77.400      29.645           180157.359               0.000               0.000         34200781.494   0.93547 
  1725.100          94.379    686.933      77.400      29.645           181389.799               0.000               0.000         34382171.292   0.93547 
  1726.100          94.316    688.527      77.400      29.645           182630.742               0.000               0.000         34564802.034   0.93547 
  1727.100          94.253    690.130      77.400      29.645           183880.248               0.000               0.000         34748682.282   0.93547 
  1728.100          94.190    691.739      77.400      29.645           185138.377               0.000               0.000         34933820.659   0.93547 
  1729.100          94.126    693.356      77.400      29.645           186405.186               0.000               0.000         35120225.846   0.93547 
  1730.100          94.063    694.981      77.400      29.645           187680.739               0.000               0.000         35307906.585   0.93547 
  1731.100          93.999    696.617      77.400      29.645           188965.094               0.000               0.000         35496871.679   0.93547 
  1732.100          93.935    698.262      77.400      29.645           190258.312               0.000               0.000         35687129.990   0.93547 
  1733.100          93.871    699.919      77.400      29.645           191560.459               0.000               0.000         35878690.449   0.93547 
  1734.100          93.807    701.585      77.400      29.645           192871.592               0.000               0.000         36071562.041   0.93547 
  1735.100          93.743    703.263      77.400      29.645           194191.779               0.000               0.000         36265753.821   0.93547 
  1736.100          93.678    704.951      77.400      29.645           195521.087               0.000               0.000         36461274.907   0.93547 
  1737.100          93.613    706.650      77.400      29.645           196859.576               0.000               0.000         36658134.484   0.93547 
  1738.100          93.549    708.359      77.400      29.645           198207.315               0.000               0.000         36856341.798   0.93547 
  1739.100          93.484    710.080      77.400      29.645           199564.367               0.000               0.000         37055906.166   0.93547 
  1740.100          93.418    711.811      77.400      29.645           200930.806               0.000               0.000         37256836.972   0.93547 
  1741.100          93.353    713.553      77.400      29.645           202306.694               0.000               0.000         37459143.666   0.93547 
  1742.100          93.288    715.312      77.400      29.645           203692.106               0.000               0.000         37662835.772   0.93547 
  1743.100          93.222    717.101      77.400      29.645           205087.109               0.000               0.000         37867922.881   0.93547 
  1744.100          93.156    718.922      77.400      29.645           206491.776               0.000               0.000         38074414.656   0.93547 
  1745.100          93.090    720.775      77.400      29.645           207906.173               0.000               0.000         38282320.830   0.93547 
  1746.100          93.024    722.662      77.400      29.645           209330.381               0.000               0.000         38491651.211   0.93547 
