#_______________________________________________________________________________
#    ######   ####     ##             #####   #####     ##    #    #    ## 
#    #       #        #  #            #    #  #    #   #  #   ##  ##   #  #
#    #####    ####   ######           #    #  #####   ######  # ## #  ######
#    #            #  #    #           #    #  #    #  #    #  #    #  #    #
#____######__#####___#____#___________#####___#____#__#____#__#____#__#____#____
#
#              ESA Debris Risk Assessment and Mitigation Analysis
#
#                      ---- DRAMA ( SESAM 2.1.5 ) ----
#                                      ESA 2018
#
#                              aerothermal history file
#-------------------------------------------------------------------------------
# Filename      : PySara.PDU1.37f2a36b-037c-4601-9860-d38c96cfe837_AeroThermalHistory.txt
# RunID         : PySara
# ObjectID      : 37f2a36b-037c-4601-9860-d38c96cfe837
# ObjectName    : PDU1
# ReferenceArea : 0.030107 [m^2]
# Content       : This file contains the aerothermal data of the object,
#                 computed by the DRAMA 3 Re-entry Analysis.
# Documentation : DRAMA Software User Manual, section OPERATIONS MANUAL / Normal operation / SARA / SARA Simulation Output / Re-entry simulation output
# Note          : The convective heat and the integrated heat values in this file take into account the visibility factor
#
#-------------------------------------------------------------------------------------------------------------------------------------------------------------------
#  Time [s]  Altitude [km]   Temp [K]   Mass [kg]   Thick [mm]  Convective Heat [W]  Radiative Heat [W]  Oxidation Heat [W]  Integrated Heat [J] VisibilityFactor [-]
#-------------------------------------------------------------------------------------------------------------------------------------------------------------------
  1883.200          81.818    300.000       2.228       4.098            42106.988               0.000               0.000                0.000   1.00000 
  1883.300          81.807    302.146       2.228       4.098            42129.422               0.000               0.000             4212.942   1.00000 
  1883.750          81.761    311.820       2.228       4.098            42233.595               0.000               0.000            23218.060   1.00000 
  1884.750          81.656    333.340       2.228       4.098            42472.491               0.000               0.000            65690.551   1.00000 
  1885.750          81.551    354.776       2.228       4.098            42729.185               0.000               0.000           108419.736   1.00000 
  1886.750          81.446    376.124       2.228       4.098            42986.053               0.000               0.000           151405.788   1.00000 
  1887.750          81.340    397.332       2.228       4.098            43243.104               0.000               0.000           194648.892   1.00000 
  1888.750          81.234    418.356       2.228       4.098            43500.347               0.000               0.000           238149.240   1.00000 
  1889.750          81.127    439.196       2.228       4.098            43757.792               0.000               0.000           281907.032   1.00000 
  1890.750          81.019    459.845       2.228       4.098            44015.447               0.000               0.000           325922.479   1.00000 
  1891.750          80.911    480.067       2.228       4.098            44273.324               0.000               0.000           370195.803   1.00000 
  1892.750          80.803    499.445       2.228       4.098            44531.433               0.000               0.000           414727.236   1.00000 
  1893.750          80.694    517.929       2.228       4.098            44789.784               0.000               0.000           459517.020   1.00000 
  1894.750          80.584    536.159       2.228       4.098            45048.390               0.000               0.000           504565.409   1.00000 
  1895.750          80.473    554.849       2.228       4.098            45307.262               0.000               0.000           549872.671   1.00000 
  1896.750          80.363    574.163       2.228       4.098            45566.414               0.000               0.000           595439.085   1.00000 
  1897.750          80.251    593.639       2.228       4.098            45825.859               0.000               0.000           641264.944   1.00000 
  1898.750          80.139    612.542       2.228       4.098            46085.610               0.000               0.000           687350.554   1.00000 
  1899.750          80.026    630.864       2.228       4.098            46345.683               0.000               0.000           733696.237   1.00000 
  1900.750          79.912    648.689       2.228       4.098            46606.094               0.000               0.000           780302.331   1.00000 
  1901.750          79.798    666.059       2.228       4.098            46866.865               0.000               0.000           827169.196   1.00000 
  1902.750          79.683    683.046       2.228       4.098            47128.026               0.000               0.000           874297.222   1.00000 
  1903.750          79.568    699.749       2.228       4.098            47389.607               0.000               0.000           921686.829   1.00000 
  1904.750          79.451    716.347       2.228       4.098            47651.641               0.000               0.000           969338.470   1.00000 
  1905.750          79.334    733.369       2.228       4.098            47914.162               0.000               0.000          1017252.632   1.00000 
  1906.750          79.216    752.452       2.228       4.098            48177.205               0.000               0.000          1065429.836   1.00000 
  1907.750          79.098    772.147       2.228       4.098            48440.808               0.000               0.000          1113870.644   1.00000 
  1908.750          78.978    791.902       2.228       4.098            48705.012               0.000               0.000          1162575.656   1.00000 
  1909.750          78.858    811.557       2.228       4.098            48969.858               0.000               0.000          1211545.515   1.00000 
  1910.750          78.737    831.090       2.228       4.098            49235.392               0.000               0.000          1260780.907   1.00000 
  1911.750          78.615    850.000       2.225       4.092            49501.659               0.000               0.000          1310282.566   1.00000 
  1912.750          78.493    850.000       2.107       3.864            49768.565               0.000               0.000          1360051.131   1.00000 
  1913.750          78.369    850.000       1.987       3.637            50030.129               0.000               0.000          1410081.259   1.00000 
  1914.750          78.245    850.000       1.868       3.409            50284.661               0.000               0.000          1460365.920   1.00000 
  1915.750          78.120    850.000       1.747       3.181            50531.114               0.000               0.000          1510897.034   1.00000 
  1916.750          77.993    850.000       1.626       2.954            50768.298               0.000               0.000          1561665.333   1.00000 
  1917.750          77.866    850.000       1.505       2.726            50994.863               0.000               0.000          1612660.195   1.00000 
  1918.750          77.738    850.000       1.383       2.499            51209.262               0.000               0.000          1663869.457   1.00000 
  1919.750          77.610    850.000       1.260       2.272            51409.726               0.000               0.000          1715279.182   1.00000 
  1920.750          77.480    850.000       1.137       2.045            51594.213               0.000               0.000          1766873.395   1.00000 
  1921.750          77.349    850.000       1.014       1.818            51760.361               0.000               0.000          1818633.756   1.00000 
  1922.750          77.217    850.000       0.890       1.592            51905.416               0.000               0.000          1870539.172   1.00000 
  1923.750          77.085    850.000       0.766       1.367            52026.152               0.000               0.000          1922565.324   1.00000 
  1924.750          76.951    850.000       0.642       1.142            52118.758               0.000               0.000          1974684.082   1.00000 
  1925.750          76.816    850.000       0.517       0.918            52178.700               0.000               0.000          2026862.782   1.00000 
  1926.750          76.681    850.000       0.393       0.695            52200.533               0.000               0.000          2079063.314   1.00000 
  1927.750          76.544    850.000       0.268       0.474            52177.650               0.000               0.000          2131240.964   1.00000 
  1928.750          76.407    850.000       0.144       0.254            52101.940               0.000               0.000          2183342.904   1.00000 
  1929.750          76.268    850.000       0.020       0.035            51963.311               0.000               0.000          2235306.215   1.00000 
  1930.750          76.128    850.000       0.000       0.000            51748.999               0.000               0.000          2287055.214   1.00000 
