#_______________________________________________________________________________
#    ######   ####     ##             #####   #####     ##    #    #    ## 
#    #       #        #  #            #    #  #    #   #  #   ##  ##   #  #
#    #####    ####   ######           #    #  #####   ######  # ## #  ######
#    #            #  #    #           #    #  #    #  #    #  #    #  #    #
#____######__#####___#____#___________#####___#____#__#____#__#____#__#____#____
#
#              ESA Debris Risk Assessment and Mitigation Analysis
#
#                      ---- DRAMA ( SESAM 2.1.5 ) ----
#                                      ESA 2018
#
#                              aerothermal history file
#-------------------------------------------------------------------------------
# Filename      : PySara.SADM1.f7acf7c6-ccd2-4fc7-a596-8e3599a1dcc5_AeroThermalHistory.txt
# RunID         : PySara
# ObjectID      : f7acf7c6-ccd2-4fc7-a596-8e3599a1dcc5
# ObjectName    : SADM1
# ReferenceArea : 0.087468 [m^2]
# Content       : This file contains the aerothermal data of the object,
#                 computed by the DRAMA 3 Re-entry Analysis.
# Documentation : DRAMA Software User Manual, section OPERATIONS MANUAL / Normal operation / SARA / SARA Simulation Output / Re-entry simulation output
# Note          : The convective heat and the integrated heat values in this file take into account the visibility factor
#
#-------------------------------------------------------------------------------------------------------------------------------------------------------------------
#  Time [s]  Altitude [km]   Temp [K]   Mass [kg]   Thick [mm]  Convective Heat [W]  Radiative Heat [W]  Oxidation Heat [W]  Integrated Heat [J] VisibilityFactor [-]
#-------------------------------------------------------------------------------------------------------------------------------------------------------------------
  1746.100          93.024    300.000       4.440       4.113            24284.054               0.000               0.000                0.000   1.00000 
  1746.200          93.017    300.620       4.440       4.113            24304.380               0.000               0.000             2430.438   1.00000 
  1746.650          92.987    303.421       4.440       4.113            24398.918               0.000               0.000            13409.951   1.00000 
  1747.650          92.921    309.692       4.440       4.113            24616.671               0.000               0.000            38026.622   1.00000 
  1748.650          92.854    316.004       4.440       4.113            24852.122               0.000               0.000            62878.744   1.00000 
  1749.650          92.788    322.356       4.440       4.113            25089.255               0.000               0.000            87968.000   1.00000 
  1750.650          92.721    328.749       4.440       4.113            25328.074               0.000               0.000           113296.073   1.00000 
  1751.650          92.654    335.182       4.440       4.113            25568.581               0.000               0.000           138864.654   1.00000 
  1752.650          92.586    341.655       4.440       4.113            25810.779               0.000               0.000           164675.434   1.00000 
  1753.650          92.519    348.169       4.440       4.113            26054.672               0.000               0.000           190730.106   1.00000 
  1754.650          92.451    354.722       4.440       4.113            26300.261               0.000               0.000           217030.367   1.00000 
  1755.650          92.383    361.315       4.440       4.113            26547.549               0.000               0.000           243577.915   1.00000 
  1756.650          92.315    367.943       4.440       4.113            26796.537               0.000               0.000           270374.452   1.00000 
  1757.650          92.247    374.606       4.440       4.113            27047.229               0.000               0.000           297421.681   1.00000 
  1758.650          92.179    381.303       4.440       4.113            27299.625               0.000               0.000           324721.307   1.00000 
  1759.650          92.110    388.030       4.440       4.113            27553.728               0.000               0.000           352275.035   1.00000 
  1760.650          92.042    394.786       4.440       4.113            27809.539               0.000               0.000           380084.574   1.00000 
  1761.650          91.973    401.571       4.440       4.113            28067.059               0.000               0.000           408151.632   1.00000 
  1762.650          91.903    408.383       4.440       4.113            28326.288               0.000               0.000           436477.921   1.00000 
  1763.650          91.834    415.222       4.440       4.113            28587.229               0.000               0.000           465065.150   1.00000 
  1764.650          91.765    422.088       4.440       4.113            28849.881               0.000               0.000           493915.031   1.00000 
  1765.650          91.695    428.986       4.440       4.113            29114.245               0.000               0.000           523029.276   1.00000 
  1766.650          91.625    435.914       4.440       4.113            29380.321               0.000               0.000           552409.597   1.00000 
  1767.650          91.555    442.867       4.440       4.113            29648.109               0.000               0.000           582057.706   1.00000 
  1768.650          91.484    449.832       4.440       4.113            29917.609               0.000               0.000           611975.315   1.00000 
  1769.650          91.414    456.810       4.440       4.113            30188.820               0.000               0.000           642164.135   1.00000 
  1770.650          91.343    463.775       4.440       4.113            30461.741               0.000               0.000           672625.876   1.00000 
  1771.650          91.272    470.706       4.440       4.113            30736.371               0.000               0.000           703362.248   1.00000 
  1772.650          91.201    477.605       4.440       4.113            31012.710               0.000               0.000           734374.957   1.00000 
  1773.650          91.129    484.428       4.440       4.113            31290.754               0.000               0.000           765665.712   1.00000 
  1774.650          91.058    491.157       4.440       4.113            31570.504               0.000               0.000           797236.215   1.00000 
  1775.650          90.986    497.800       4.440       4.113            31851.955               0.000               0.000           829088.171   1.00000 
  1776.650          90.914    504.402       4.440       4.113            32135.107               0.000               0.000           861223.278   1.00000 
  1777.650          90.841    510.980       4.440       4.113            32419.956               0.000               0.000           893643.233   1.00000 
  1778.650          90.769    517.537       4.440       4.113            32706.498               0.000               0.000           926349.732   1.00000 
  1779.650          90.696    524.152       4.440       4.113            32994.732               0.000               0.000           959344.464   1.00000 
  1780.650          90.623    530.865       4.440       4.113            33284.653               0.000               0.000           992629.116   1.00000 
  1781.650          90.549    537.676       4.440       4.113            33576.257               0.000               0.000          1026205.373   1.00000 
  1782.650          90.476    544.607       4.440       4.113            33869.539               0.000               0.000          1060074.912   1.00000 
  1783.650          90.402    551.671       4.440       4.113            34164.496               0.000               0.000          1094239.408   1.00000 
  1784.650          90.328    558.873       4.440       4.113            34461.121               0.000               0.000          1128700.530   1.00000 
  1785.650          90.254    566.160       4.440       4.113            34759.411               0.000               0.000          1163459.940   1.00000 
  1786.650          90.179    573.518       4.440       4.113            35059.358               0.000               0.000          1198519.298   1.00000 
  1787.650          90.104    580.942       4.440       4.113            35360.956               0.000               0.000          1233880.254   1.00000 
  1788.650          90.029    588.323       4.440       4.113            35664.199               0.000               0.000          1269544.453   1.00000 
  1789.650          89.954    595.662       4.440       4.113            35969.081               0.000               0.000          1305513.534   1.00000 
  1790.650          89.878    602.959       4.440       4.113            36275.598               0.000               0.000          1341789.132   1.00000 
  1791.650          89.803    610.208       4.440       4.113            36583.753               0.000               0.000          1378372.885   1.00000 
  1792.650          89.727    617.410       4.440       4.113            36893.547               0.000               0.000          1415266.432   1.00000 
  1793.650          89.650    624.572       4.440       4.113            37204.984               0.000               0.000          1452471.416   1.00000 
  1794.650          89.573    631.696       4.440       4.113            37518.066               0.000               0.000          1489989.482   1.00000 
  1795.650          89.497    638.783       4.440       4.113            37832.796               0.000               0.000          1527822.278   1.00000 
  1796.650          89.419    645.835       4.440       4.113            38149.177               0.000               0.000          1565971.455   1.00000 
  1797.650          89.342    652.852       4.440       4.113            38467.211               0.000               0.000          1604438.666   1.00000 
  1798.650          89.264    659.836       4.440       4.113            38786.903               0.000               0.000          1643225.569   1.00000 
  1799.650          89.186    666.796       4.440       4.113            39108.255               0.000               0.000          1682333.824   1.00000 
  1800.650          89.108    673.732       4.440       4.113            39431.271               0.000               0.000          1721765.095   1.00000 
  1801.650          89.029    680.648       4.440       4.113            39755.954               0.000               0.000          1761521.049   1.00000 
  1802.650          88.950    687.559       4.440       4.113            40082.310               0.000               0.000          1801603.359   1.00000 
  1803.650          88.871    694.465       4.440       4.113            40410.341               0.000               0.000          1842013.701   1.00000 
  1804.650          88.791    701.377       4.440       4.113            40740.053               0.000               0.000          1882753.754   1.00000 
  1805.650          88.711    708.337       4.440       4.113            41071.449               0.000               0.000          1923825.203   1.00000 
  1806.650          88.631    715.345       4.440       4.113            41404.536               0.000               0.000          1965229.739   1.00000 
  1807.650          88.550    722.503       4.440       4.113            41739.317               0.000               0.000          2006969.055   1.00000 
  1808.650          88.470    730.042       4.440       4.113            42075.798               0.000               0.000          2049044.854   1.00000 
  1809.650          88.388    738.019       4.440       4.113            42413.986               0.000               0.000          2091458.840   1.00000 
  1810.650          88.307    746.270       4.440       4.113            42753.885               0.000               0.000          2134212.725   1.00000 
  1811.650          88.225    754.671       4.440       4.113            43095.503               0.000               0.000          2177308.228   1.00000 
  1812.650          88.143    763.204       4.440       4.113            43438.846               0.000               0.000          2220747.075   1.00000 
  1813.650          88.060    771.782       4.440       4.113            43783.922               0.000               0.000          2264530.996   1.00000 
  1814.650          87.978    780.403       4.440       4.113            44130.736               0.000               0.000          2308661.733   1.00000 
  1815.650          87.894    789.044       4.440       4.113            44479.298               0.000               0.000          2353141.031   1.00000 
  1816.650          87.811    797.698       4.440       4.113            44829.615               0.000               0.000          2397970.646   1.00000 
  1817.650          87.727    806.365       4.440       4.113            45181.697               0.000               0.000          2443152.343   1.00000 
  1818.650          87.643    815.041       4.440       4.113            45535.551               0.000               0.000          2488687.893   1.00000 
  1819.650          87.558    823.726       4.440       4.113            45891.187               0.000               0.000          2534579.080   1.00000 
  1820.650          87.473    832.416       4.440       4.113            46248.616               0.000               0.000          2580827.697   1.00000 
  1821.650          87.388    841.109       4.440       4.113            46607.849               0.000               0.000          2627435.546   1.00000 
  1822.650          87.302    849.704       4.440       4.113            46968.895               0.000               0.000          2674404.441   1.00000 
  1823.650          87.216    850.000       4.337       4.015            47331.767               0.000               0.000          2721736.208   1.00000 
  1824.650          87.130    850.000       4.230       3.912            47696.051               0.000               0.000          2769432.259   1.00000 
  1825.650          87.043    850.000       4.121       3.808            48061.645               0.000               0.000          2817493.904   1.00000 
  1826.650          86.956    850.000       4.012       3.704            48428.515               0.000               0.000          2865922.419   1.00000 
  1827.650          86.868    850.000       3.902       3.599            48796.623               0.000               0.000          2914719.042   1.00000 
  1828.650          86.780    850.000       3.790       3.494            49165.933               0.000               0.000          2963884.975   1.00000 
  1829.650          86.692    850.000       3.678       3.387            49536.404               0.000               0.000          3013421.379   1.00000 
  1830.650          86.603    850.000       3.565       3.280            49907.991               0.000               0.000          3063329.370   1.00000 
  1831.650          86.514    850.000       3.451       3.173            50280.647               0.000               0.000          3113610.017   1.00000 
  1832.650          86.425    850.000       3.336       3.065            50654.319               0.000               0.000          3164264.336   1.00000 
  1833.650          86.335    850.000       3.220       2.955            51028.955               0.000               0.000          3215293.290   1.00000 
  1834.650          86.244    850.000       3.104       2.846            51404.491               0.000               0.000          3266697.781   1.00000 
  1835.650          86.153    850.000       2.986       2.735            51780.865               0.000               0.000          3318478.646   1.00000 
  1836.650          86.062    850.000       2.867       2.624            52158.005               0.000               0.000          3370636.651   1.00000 
  1837.650          85.970    850.000       2.748       2.513            52535.835               0.000               0.000          3423172.487   1.00000 
  1838.650          85.878    850.000       2.627       2.400            52914.273               0.000               0.000          3476086.760   1.00000 
  1839.650          85.786    850.000       2.505       2.287            53293.228               0.000               0.000          3529379.988   1.00000 
  1840.650          85.693    850.000       2.383       2.173            53672.602               0.000               0.000          3583052.590   1.00000 
  1841.650          85.599    850.000       2.260       2.059            54052.289               0.000               0.000          3637104.880   1.00000 
  1842.650          85.505    850.000       2.135       1.944            54432.172               0.000               0.000          3691537.051   1.00000 
  1843.650          85.411    850.000       2.010       1.828            54812.124               0.000               0.000          3746349.175   1.00000 
  1844.650          85.316    850.000       1.884       1.711            55192.005               0.000               0.000          3801541.180   1.00000 
  1845.650          85.221    850.000       1.756       1.594            55571.663               0.000               0.000          3857112.843   1.00000 
  1846.650          85.125    850.000       1.628       1.477            55950.933               0.000               0.000          3913063.776   1.00000 
  1847.650          85.028    850.000       1.499       1.358            56329.629               0.000               0.000          3969393.405   1.00000 
  1848.650          84.931    850.000       1.369       1.239            56707.551               0.000               0.000          4026100.956   1.00000 
  1849.650          84.834    850.000       1.238       1.120            57084.467               0.000               0.000          4083185.422   1.00000 
  1850.650          84.736    850.000       1.106       0.999            57460.117               0.000               0.000          4140645.539   1.00000 
  1851.650          84.638    850.000       0.973       0.878            57834.213               0.000               0.000          4198479.752   1.00000 
  1852.650          84.539    850.000       0.840       0.757            58206.437               0.000               0.000          4256686.189   1.00000 
  1853.650          84.440    850.000       0.705       0.635            58576.440               0.000               0.000          4315262.629   1.00000 
  1854.650          84.340    850.000       0.569       0.512            58943.832               0.000               0.000          4374206.460   1.00000 
  1855.650          84.239    850.000       0.433       0.389            59308.181               0.000               0.000          4433514.641   1.00000 
  1856.650          84.138    850.000       0.295       0.265            59669.007               0.000               0.000          4493183.648   1.00000 
  1857.650          84.036    850.000       0.157       0.141            60025.776               0.000               0.000          4553209.424   1.00000 
  1858.650          83.934    850.000       0.018       0.016            60377.888               0.000               0.000          4613587.312   1.00000 
  1859.650          83.831    850.000       0.000       0.000            60724.672               0.000               0.000          4674311.984   1.00000 
