#_______________________________________________________________________________
#    ######   ####     ##             #####   #####     ##    #    #    ## 
#    #       #        #  #            #    #  #    #   #  #   ##  ##   #  #
#    #####    ####   ######           #    #  #####   ######  # ## #  ######
#    #            #  #    #           #    #  #    #  #    #  #    #  #    #
#____######__#####___#____#___________#####___#____#__#____#__#____#__#____#____
#
#              ESA Debris Risk Assessment and Mitigation Analysis
#
#                      ---- DRAMA ( SESAM 2.1.5 ) ----
#                                      ESA 2018
#
#                              aerothermal history file
#-------------------------------------------------------------------------------
# Filename      : PySara.PropStr.bca3f3ba-1ce7-4cca-a1ae-583496a30689_AeroThermalHistory.txt
# RunID         : PySara
# ObjectID      : bca3f3ba-1ce7-4cca-a1ae-583496a30689
# ObjectName    : PropStr
# ReferenceArea : 0.367453 [m^2]
# Content       : This file contains the aerothermal data of the object,
#                 computed by the DRAMA 3 Re-entry Analysis.
# Documentation : DRAMA Software User Manual, section OPERATIONS MANUAL / Normal operation / SARA / SARA Simulation Output / Re-entry simulation output
# Note          : The convective heat and the integrated heat values in this file take into account the visibility factor
#
#-------------------------------------------------------------------------------------------------------------------------------------------------------------------
#  Time [s]  Altitude [km]   Temp [K]   Mass [kg]   Thick [mm]  Convective Heat [W]  Radiative Heat [W]  Oxidation Heat [W]  Integrated Heat [J] VisibilityFactor [-]
#-------------------------------------------------------------------------------------------------------------------------------------------------------------------
  1746.100          93.024    300.000       9.000       3.524            50114.374               0.000               0.000                0.000   1.00000 
  1746.200          93.017    300.631       9.000       3.524            50149.885               0.000               0.000             5014.988   1.00000 
  1746.650          92.987    303.480       9.000       3.524            50314.969               0.000               0.000            27656.724   1.00000 
  1747.650          92.921    309.848       9.000       3.524            50694.727               0.000               0.000            78351.452   1.00000 
  1748.650          92.854    316.248       9.000       3.524            51104.594               0.000               0.000           129456.046   1.00000 
  1749.650          92.788    322.679       9.000       3.524            51516.617               0.000               0.000           180972.663   1.00000 
  1750.650          92.721    329.141       9.000       3.524            51930.802               0.000               0.000           232903.465   1.00000 
  1751.650          92.654    335.634       9.000       3.524            52347.159               0.000               0.000           285250.624   1.00000 
  1752.650          92.586    342.157       9.000       3.524            52765.694               0.000               0.000           338016.318   1.00000 
  1753.650          92.519    348.711       9.000       3.524            53186.413               0.000               0.000           391202.731   1.00000 
  1754.650          92.451    355.295       9.000       3.524            53609.326               0.000               0.000           444812.057   1.00000 
  1755.650          92.384    361.908       9.000       3.524            54034.439               0.000               0.000           498846.496   1.00000 
  1756.650          92.315    368.546       9.000       3.524            54461.759               0.000               0.000           553308.255   1.00000 
  1757.650          92.247    375.209       9.000       3.524            54891.295               0.000               0.000           608199.550   1.00000 
  1758.650          92.179    381.895       9.000       3.524            55323.051               0.000               0.000           663522.601   1.00000 
  1759.650          92.110    388.600       9.000       3.524            55757.036               0.000               0.000           719279.637   1.00000 
  1760.650          92.041    395.325       9.000       3.524            56193.255               0.000               0.000           775472.892   1.00000 
  1761.650          91.972    402.069       9.000       3.524            56631.717               0.000               0.000           832104.609   1.00000 
  1762.650          91.903    408.828       9.000       3.524            57072.425               0.000               0.000           889177.034   1.00000 
  1763.650          91.833    415.604       9.000       3.524            57515.388               0.000               0.000           946692.423   1.00000 
  1764.650          91.764    422.398       9.000       3.524            57960.611               0.000               0.000          1004653.034   1.00000 
  1765.650          91.694    429.213       9.000       3.524            58408.099               0.000               0.000          1063061.133   1.00000 
  1766.650          91.624    436.048       9.000       3.524            58857.858               0.000               0.000          1121918.991   1.00000 
  1767.650          91.553    442.896       9.000       3.524            59309.893               0.000               0.000          1181228.884   1.00000 
  1768.650          91.482    449.747       9.000       3.524            59764.209               0.000               0.000          1240993.093   1.00000 
  1769.650          91.411    456.601       9.000       3.524            60220.811               0.000               0.000          1301213.904   1.00000 
  1770.650          91.340    463.434       9.000       3.524            60679.702               0.000               0.000          1361893.606   1.00000 
  1771.650          91.269    470.225       9.000       3.524            61140.888               0.000               0.000          1423034.494   1.00000 
  1772.650          91.197    476.975       9.000       3.524            61604.371               0.000               0.000          1484638.865   1.00000 
  1773.650          91.125    483.649       9.000       3.524            62070.154               0.000               0.000          1546709.019   1.00000 
  1774.650          91.053    490.224       9.000       3.524            62538.241               0.000               0.000          1609247.260   1.00000 
  1775.650          90.980    496.707       9.000       3.524            63008.634               0.000               0.000          1672255.894   1.00000 
  1776.650          90.908    503.135       9.000       3.524            63481.335               0.000               0.000          1735737.229   1.00000 
  1777.650          90.834    509.532       9.000       3.524            63956.346               0.000               0.000          1799693.575   1.00000 
  1778.650          90.761    515.900       9.000       3.524            64433.666               0.000               0.000          1864127.241   1.00000 
  1779.650          90.687    522.289       9.000       3.524            64913.298               0.000               0.000          1929040.540   1.00000 
  1780.650          90.613    528.761       9.000       3.524            65395.241               0.000               0.000          1994435.781   1.00000 
  1781.650          90.539    535.316       9.000       3.524            65879.494               0.000               0.000          2060315.275   1.00000 
  1782.650          90.464    541.965       9.000       3.524            66366.057               0.000               0.000          2126681.332   1.00000 
  1783.650          90.389    548.729       9.000       3.524            66854.926               0.000               0.000          2193536.258   1.00000 
  1784.650          90.314    555.610       9.000       3.524            67346.101               0.000               0.000          2260882.359   1.00000 
  1785.650          90.239    562.588       9.000       3.524            67839.577               0.000               0.000          2328721.936   1.00000 
  1786.650          90.163    569.625       9.000       3.524            68335.350               0.000               0.000          2397057.286   1.00000 
  1787.650          90.086    576.719       9.000       3.524            68833.417               0.000               0.000          2465890.703   1.00000 
  1788.650          90.010    583.816       9.000       3.524            69333.771               0.000               0.000          2535224.475   1.00000 
  1789.650          89.933    590.866       9.000       3.524            69836.409               0.000               0.000          2605060.883   1.00000 
  1790.650          89.855    597.871       9.000       3.524            70341.335               0.000               0.000          2675402.218   1.00000 
  1791.650          89.778    604.825       9.000       3.524            70848.563               0.000               0.000          2746250.781   1.00000 
  1792.650          89.700    611.727       9.000       3.524            71358.106               0.000               0.000          2817608.887   1.00000 
  1793.650          89.621    618.580       9.000       3.524            71869.978               0.000               0.000          2889478.865   1.00000 
  1794.650          89.543    625.389       9.000       3.524            72384.192               0.000               0.000          2961863.057   1.00000 
  1795.650          89.463    632.156       9.000       3.524            72900.762               0.000               0.000          3034763.819   1.00000 
  1796.650          89.384    638.881       9.000       3.524            73419.701               0.000               0.000          3108183.520   1.00000 
  1797.650          89.304    645.568       9.000       3.524            73941.026               0.000               0.000          3182124.546   1.00000 
  1798.650          89.224    652.215       9.000       3.524            74464.749               0.000               0.000          3256589.295   1.00000 
  1799.650          89.143    658.825       9.000       3.524            74990.887               0.000               0.000          3331580.182   1.00000 
  1800.650          89.062    665.405       9.000       3.524            75519.455               0.000               0.000          3407099.637   1.00000 
  1801.650          88.980    671.957       9.000       3.524            76050.468               0.000               0.000          3483150.105   1.00000 
  1802.650          88.898    678.481       9.000       3.524            76583.943               0.000               0.000          3559734.048   1.00000 
  1803.650          88.815    684.991       9.000       3.524            77119.897               0.000               0.000          3636853.945   1.00000 
  1804.650          88.733    691.489       9.000       3.524            77658.345               0.000               0.000          3714512.290   1.00000 
  1805.650          88.649    697.976       9.000       3.524            78199.306               0.000               0.000          3792711.596   1.00000 
  1806.650          88.565    704.487       9.000       3.524            78742.797               0.000               0.000          3871454.393   1.00000 
  1807.650          88.481    711.033       9.000       3.524            79288.837               0.000               0.000          3950743.231   1.00000 
  1808.650          88.397    717.614       9.000       3.524            79837.445               0.000               0.000          4030580.675   1.00000 
  1809.650          88.311    724.421       9.000       3.524            80388.640               0.000               0.000          4110969.315   1.00000 
  1810.650          88.226    731.566       9.000       3.524            80942.441               0.000               0.000          4191911.756   1.00000 
  1811.650          88.140    739.100       9.000       3.524            81498.869               0.000               0.000          4273410.625   1.00000 
  1812.650          88.053    746.810       9.000       3.524            82057.946               0.000               0.000          4355468.570   1.00000 
  1813.650          87.966    754.642       9.000       3.524            82619.692               0.000               0.000          4438088.262   1.00000 
  1814.650          87.878    762.579       9.000       3.524            83184.131               0.000               0.000          4521272.393   1.00000 
  1815.650          87.790    770.545       9.000       3.524            83751.284               0.000               0.000          4605023.677   1.00000 
  1816.650          87.701    778.538       9.000       3.524            84321.178               0.000               0.000          4689344.855   1.00000 
  1817.650          87.612    786.542       9.000       3.524            84893.835               0.000               0.000          4774238.690   1.00000 
  1818.650          87.522    794.548       9.000       3.524            85469.281               0.000               0.000          4859707.970   1.00000 
  1819.650          87.432    802.556       9.000       3.524            86047.543               0.000               0.000          4945755.513   1.00000 
  1820.650          87.341    810.562       9.000       3.524            86628.648               0.000               0.000          5032384.161   1.00000 
  1821.650          87.250    818.567       9.000       3.524            87212.624               0.000               0.000          5119596.785   1.00000 
  1822.650          87.158    826.566       9.000       3.524            87799.501               0.000               0.000          5207396.286   1.00000 
  1823.650          87.065    834.560       9.000       3.524            88389.308               0.000               0.000          5295785.593   1.00000 
  1824.650          86.972    842.528       9.000       3.524            88982.076               0.000               0.000          5384767.669   1.00000 
  1825.650          86.879    850.000       8.990       3.520            89577.840               0.000               0.000          5474345.510   1.00000 
  1826.650          86.784    850.000       8.792       3.441            90176.477               0.000               0.000          5564521.987   1.00000 
  1827.650          86.689    850.000       8.592       3.361            90774.899               0.000               0.000          5655296.886   1.00000 
  1828.650          86.594    850.000       8.391       3.281            91372.346               0.000               0.000          5746669.233   1.00000 
  1829.650          86.498    850.000       8.188       3.201            91968.420               0.000               0.000          5838637.652   1.00000 
  1830.650          86.401    850.000       7.984       3.120            92562.685               0.000               0.000          5931200.337   1.00000 
  1831.650          86.304    850.000       7.779       3.038            93154.662               0.000               0.000          6024354.999   1.00000 
  1832.650          86.206    850.000       7.572       2.956            93743.818               0.000               0.000          6118098.817   1.00000 
  1833.650          86.107    850.000       7.363       2.874            94329.567               0.000               0.000          6212428.384   1.00000 
  1834.650          86.007    850.000       7.153       2.790            94911.255               0.000               0.000          6307339.640   1.00000 
  1835.650          85.907    850.000       6.942       2.707            95488.158               0.000               0.000          6402827.798   1.00000 
  1836.650          85.807    850.000       6.729       2.623            96059.471               0.000               0.000          6498887.269   1.00000 
  1837.650          85.705    850.000       6.515       2.538            96624.293               0.000               0.000          6595511.562   1.00000 
  1838.650          85.603    850.000       6.299       2.453            97181.616               0.000               0.000          6692693.179   1.00000 
  1839.650          85.501    850.000       6.082       2.368            97730.313               0.000               0.000          6790423.492   1.00000 
  1840.650          85.397    850.000       5.864       2.282            98269.114               0.000               0.000          6888692.606   1.00000 
  1841.650          85.293    850.000       5.644       2.195            98796.587               0.000               0.000          6987489.193   1.00000 
  1842.650          85.188    850.000       5.423       2.108            99311.110               0.000               0.000          7086800.303   1.00000 
  1843.650          85.082    850.000       5.201       2.021            99810.843               0.000               0.000          7186611.146   1.00000 
  1844.650          84.976    850.000       4.977       1.933           100293.688               0.000               0.000          7286904.834   1.00000 
  1845.650          84.868    850.000       4.753       1.845           100757.232               0.000               0.000          7387662.067   1.00000 
  1846.650          84.760    850.000       4.527       1.757           101198.681               0.000               0.000          7488860.748   1.00000 
  1847.650          84.651    850.000       4.300       1.668           101614.799               0.000               0.000          7590475.547   1.00000 
  1848.650          84.542    850.000       4.072       1.579           102001.826               0.000               0.000          7692477.373   1.00000 
  1849.650          84.431    850.000       3.844       1.490           102355.377               0.000               0.000          7794832.749   1.00000 
  1850.650          84.320    850.000       3.614       1.400           102670.286               0.000               0.000          7897503.035   1.00000 
  1851.650          84.208    850.000       3.384       1.311           102940.435               0.000               0.000          8000443.470   1.00000 
  1852.650          84.095    850.000       3.154       1.221           103158.502               0.000               0.000          8103601.972   1.00000 
  1853.650          83.981    850.000       2.923       1.131           103315.651               0.000               0.000          8206917.624   1.00000 
  1854.650          83.866    850.000       2.692       1.041           103401.084               0.000               0.000          8310318.708   1.00000 
  1855.650          83.750    850.000       2.460       0.951           103401.448               0.000               0.000          8413720.155   1.00000 
  1856.650          83.634    850.000       2.229       0.861           103299.968               0.000               0.000          8517020.123   1.00000 
  1857.650          83.516    850.000       1.999       0.772           103075.205               0.000               0.000          8620095.328   1.00000 
  1858.650          83.398    850.000       1.769       0.683           102699.168               0.000               0.000          8722794.496   1.00000 
  1859.650          83.279    850.000       1.541       0.595           102134.342               0.000               0.000          8824928.838   1.00000 
  1860.650          83.158    850.000       1.315       0.507           101328.880               0.000               0.000          8926257.718   1.00000 
  1861.650          83.037    850.000       1.092       0.421           100208.338               0.000               0.000          9026466.057   1.00000 
  1862.650          82.916    850.000       0.873       0.336            98660.302               0.000               0.000          9125126.359   1.00000 
  1863.650          82.793    850.000       0.659       0.254            96503.035               0.000               0.000          9221629.394   1.00000 
  1864.650          82.670    850.000       0.453       0.174            93412.974               0.000               0.000          9315042.368   1.00000 
  1865.650          82.547    850.000       0.258       0.099            88722.130               0.000               0.000          9403764.498   1.00000 
  1866.650          82.425    850.000       0.084       0.032            80642.203               0.000               0.000          9484406.701   1.00000 
  1867.650          82.308    850.000       0.000       0.000            60315.439               0.000               0.000          9544722.140   1.00000 
