#_______________________________________________________________________________
#    ######   ####     ##             #####   #####     ##    #    #    ## 
#    #       #        #  #            #    #  #    #   #  #   ##  ##   #  #
#    #####    ####   ######           #    #  #####   ######  # ## #  ######
#    #            #  #    #           #    #  #    #  #    #  #    #  #    #
#____######__#####___#____#___________#####___#____#__#____#__#____#__#____#____
#
#              ESA Debris Risk Assessment and Mitigation Analysis
#
#                      ---- DRAMA ( SESAM 2.1.5 ) ----
#                                      ESA 2018
#
#                              aerothermal history file
#-------------------------------------------------------------------------------
# Filename      : PySara.TCU.5730fc2c-e436-4d0d-8aff-7db103d50d08_AeroThermalHistory.txt
# RunID         : PySara
# ObjectID      : 5730fc2c-e436-4d0d-8aff-7db103d50d08
# ObjectName    : TCU
# ReferenceArea : 0.030107 [m^2]
# Content       : This file contains the aerothermal data of the object,
#                 computed by the DRAMA 3 Re-entry Analysis.
# Documentation : DRAMA Software User Manual, section OPERATIONS MANUAL / Normal operation / SARA / SARA Simulation Output / Re-entry simulation output
# Note          : The convective heat and the integrated heat values in this file take into account the visibility factor
#
#-------------------------------------------------------------------------------------------------------------------------------------------------------------------
#  Time [s]  Altitude [km]   Temp [K]   Mass [kg]   Thick [mm]  Convective Heat [W]  Radiative Heat [W]  Oxidation Heat [W]  Integrated Heat [J] VisibilityFactor [-]
#-------------------------------------------------------------------------------------------------------------------------------------------------------------------
  1883.200          81.818    300.000       2.726       4.093            50011.662               0.000               0.000                0.000   1.00000 
  1883.300          81.807    302.084       2.726       4.093            50038.815               0.000               0.000             5003.882   1.00000 
  1883.750          81.761    311.475       2.726       4.093            50164.955               0.000               0.000            27578.111   1.00000 
  1884.750          81.656    332.372       2.726       4.093            50454.547               0.000               0.000            78032.658   1.00000 
  1885.750          81.551    353.196       2.726       4.093            50766.212               0.000               0.000           128798.871   1.00000 
  1886.750          81.446    373.946       2.726       4.093            51078.616               0.000               0.000           179877.487   1.00000 
  1887.750          81.340    394.576       2.726       4.093            51391.778               0.000               0.000           231269.265   1.00000 
  1888.750          81.234    415.041       2.726       4.093            51705.718               0.000               0.000           282974.983   1.00000 
  1889.750          81.127    435.329       2.726       4.093            52020.458               0.000               0.000           334995.440   1.00000 
  1890.750          81.019    455.471       2.726       4.093            52336.019               0.000               0.000           387331.459   1.00000 
  1891.750          80.911    475.291       2.726       4.093            52652.424               0.000               0.000           439983.883   1.00000 
  1892.750          80.803    494.427       2.726       4.093            52969.698               0.000               0.000           492953.582   1.00000 
  1893.750          80.693    512.562       2.726       4.093            53287.866               0.000               0.000           546241.447   1.00000 
  1894.750          80.584    530.220       2.726       4.093            53606.952               0.000               0.000           599848.400   1.00000 
  1895.750          80.473    548.262       2.726       4.093            53926.985               0.000               0.000           653775.384   1.00000 
  1896.750          80.362    566.901       2.726       4.093            54247.992               0.000               0.000           708023.376   1.00000 
  1897.750          80.251    585.862       2.726       4.093            54570.002               0.000               0.000           762593.378   1.00000 
  1898.750          80.139    604.521       2.726       4.093            54893.047               0.000               0.000           817486.425   1.00000 
  1899.750          80.026    622.636       2.726       4.093            55217.157               0.000               0.000           872703.582   1.00000 
  1900.750          79.912    640.250       2.726       4.093            55542.367               0.000               0.000           928245.949   1.00000 
  1901.750          79.798    657.420       2.726       4.093            55868.720               0.000               0.000           984114.669   1.00000 
  1902.750          79.683    674.192       2.726       4.093            56196.266               0.000               0.000          1040310.934   1.00000 
  1903.750          79.568    690.638       2.726       4.093            56525.057               0.000               0.000          1096835.991   1.00000 
  1904.750          79.451    706.866       2.726       4.093            56855.149               0.000               0.000          1153691.140   1.00000 
  1905.750          79.334    723.133       2.726       4.093            57186.599               0.000               0.000          1210877.739   1.00000 
  1906.750          79.217    740.554       2.726       4.093            57519.446               0.000               0.000          1268397.185   1.00000 
  1907.750          79.098    759.457       2.726       4.093            57853.702               0.000               0.000          1326250.887   1.00000 
  1908.750          78.979    778.777       2.726       4.093            58189.377               0.000               0.000          1384440.264   1.00000 
  1909.750          78.859    798.103       2.726       4.093            58526.484               0.000               0.000          1442966.748   1.00000 
  1910.750          78.738    817.331       2.726       4.093            58865.035               0.000               0.000          1501831.783   1.00000 
  1911.750          78.617    836.445       2.726       4.093            59205.040               0.000               0.000          1561036.823   1.00000 
  1912.750          78.495    850.000       2.686       4.030            59546.512               0.000               0.000          1620583.335   1.00000 
  1913.750          78.371    850.000       2.543       3.807            59887.864               0.000               0.000          1680471.199   1.00000 
  1914.750          78.247    850.000       2.400       3.585            60224.380               0.000               0.000          1740695.579   1.00000 
  1915.750          78.123    850.000       2.256       3.362            60554.647               0.000               0.000          1801250.225   1.00000 
  1916.750          77.997    850.000       2.111       3.139            60877.699               0.000               0.000          1862127.924   1.00000 
  1917.750          77.870    850.000       1.965       2.916            61192.453               0.000               0.000          1923320.377   1.00000 
  1918.750          77.743    850.000       1.819       2.692            61497.687               0.000               0.000          1984818.064   1.00000 
  1919.750          77.614    850.000       1.672       2.469            61792.022               0.000               0.000          2046610.085   1.00000 
  1920.750          77.485    850.000       1.524       2.245            62073.895               0.000               0.000          2108683.980   1.00000 
  1921.750          77.355    850.000       1.375       2.022            62341.530               0.000               0.000          2171025.510   1.00000 
  1922.750          77.224    850.000       1.226       1.799            62592.899               0.000               0.000          2233618.409   1.00000 
  1923.750          77.092    850.000       1.076       1.575            62825.677               0.000               0.000          2296444.085   1.00000 
  1924.750          76.959    850.000       0.926       1.352            63037.188               0.000               0.000          2359481.274   1.00000 
  1925.750          76.825    850.000       0.775       1.130            63224.338               0.000               0.000          2422705.611   1.00000 
  1926.750          76.690    850.000       0.624       0.907            63383.522               0.000               0.000          2486089.133   1.00000 
  1927.750          76.554    850.000       0.473       0.685            63510.523               0.000               0.000          2549599.656   1.00000 
  1928.750          76.417    850.000       0.321       0.464            63600.367               0.000               0.000          2613200.023   1.00000 
  1929.750          76.279    850.000       0.169       0.244            63647.147               0.000               0.000          2676847.170   1.00000 
  1930.750          76.141    850.000       0.017       0.025            63643.780               0.000               0.000          2740490.950   1.00000 
  1931.750          76.001    850.000       0.000       0.000            63581.695               0.000               0.000          2804072.645   1.00000 
