#_______________________________________________________________________________
#    ######   ####     ##             #####   #####     ##    #    #    ## 
#    #       #        #  #            #    #  #    #   #  #   ##  ##   #  #
#    #####    ####   ######           #    #  #####   ######  # ## #  ######
#    #            #  #    #           #    #  #    #  #    #  #    #  #    #
#____######__#####___#____#___________#####___#____#__#____#__#____#__#____#____
#
#              ESA Debris Risk Assessment and Mitigation Analysis
#
#                      ---- DRAMA ( SESAM 2.1.5 ) ----
#                                      ESA 2018
#
#                              aerothermal history file
#-------------------------------------------------------------------------------
# Filename      : PySara.PCU.8f88f259-d6cf-4443-9cd6-698aef3f1114_AeroThermalHistory.txt
# RunID         : PySara
# ObjectID      : 8f88f259-d6cf-4443-9cd6-698aef3f1114
# ObjectName    : PCU
# ReferenceArea : 0.063118 [m^2]
# Content       : This file contains the aerothermal data of the object,
#                 computed by the DRAMA 3 Re-entry Analysis.
# Documentation : DRAMA Software User Manual, section OPERATIONS MANUAL / Normal operation / SARA / SARA Simulation Output / Re-entry simulation output
# Note          : The convective heat and the integrated heat values in this file take into account the visibility factor
#
#-------------------------------------------------------------------------------------------------------------------------------------------------------------------
#  Time [s]  Altitude [km]   Temp [K]   Mass [kg]   Thick [mm]  Convective Heat [W]  Radiative Heat [W]  Oxidation Heat [W]  Integrated Heat [J] VisibilityFactor [-]
#-------------------------------------------------------------------------------------------------------------------------------------------------------------------
  2225.200          77.962    300.000       5.207       5.235            89726.629               0.000               0.000                0.000   1.00000 
  2225.300          77.951    301.957       5.207       5.235            89776.866               0.000               0.000             8977.687   1.00000 
  2225.750          77.900    310.781       5.207       5.235            90010.406               0.000               0.000            49482.369   1.00000 
  2226.750          77.787    330.425       5.207       5.235            90547.577               0.000               0.000           140029.946   1.00000 
  2227.750          77.673    350.016       5.207       5.235            91127.207               0.000               0.000           231157.153   1.00000 
  2228.750          77.559    369.555       5.207       5.235            91709.713               0.000               0.000           322866.867   1.00000 
  2229.750          77.444    389.009       5.207       5.235            92295.061               0.000               0.000           415161.928   1.00000 
  2230.750          77.329    408.338       5.207       5.235            92883.211               0.000               0.000           508045.139   1.00000 
  2231.750          77.213    427.522       5.207       5.235            93474.120               0.000               0.000           601519.258   1.00000 
  2232.750          77.096    446.594       5.207       5.235            94067.740               0.000               0.000           695586.998   1.00000 
  2233.750          76.979    465.471       5.207       5.235            94664.018               0.000               0.000           790251.016   1.00000 
  2234.750          76.861    483.902       5.207       5.235            95262.897               0.000               0.000           885513.913   1.00000 
  2235.750          76.742    501.546       5.207       5.235            95864.312               0.000               0.000           981378.225   1.00000 
  2236.750          76.623    518.533       5.207       5.235            96468.195               0.000               0.000          1077846.420   1.00000 
  2237.750          76.503    535.370       5.207       5.235            97074.470               0.000               0.000          1174920.890   1.00000 
  2238.750          76.382    552.613       5.207       5.235            97683.053               0.000               0.000          1272603.943   1.00000 
  2239.750          76.261    570.446       5.207       5.235            98293.857               0.000               0.000          1370897.800   1.00000 
  2240.750          76.139    588.489       5.207       5.235            98906.784               0.000               0.000          1469804.583   1.00000 
  2241.750          76.016    606.153       5.207       5.235            99521.729               0.000               0.000          1569326.313   1.00000 
  2242.750          75.892    623.339       5.207       5.235           100138.581               0.000               0.000          1669464.894   1.00000 
  2243.750          75.767    640.091       5.207       5.235           100757.219               0.000               0.000          1770222.113   1.00000 
  2244.750          75.642    656.454       5.207       5.235           101377.509               0.000               0.000          1871599.622   1.00000 
  2245.750          75.516    672.468       5.207       5.235           101999.315               0.000               0.000          1973598.937   1.00000 
  2246.750          75.389    688.190       5.207       5.235           102622.483               0.000               0.000          2076221.420   1.00000 
  2247.750          75.261    703.723       5.207       5.235           103246.854               0.000               0.000          2179468.274   1.00000 
  2248.750          75.132    719.261       5.207       5.235           103872.255               0.000               0.000          2283340.530   1.00000 
  2249.750          75.002    735.504       5.207       5.235           104498.501               0.000               0.000          2387839.031   1.00000 
  2250.750          74.872    753.456       5.207       5.235           105125.400               0.000               0.000          2492964.432   1.00000 
  2251.750          74.740    771.959       5.207       5.235           105752.773               0.000               0.000          2598717.205   1.00000 
  2252.750          74.607    790.526       5.207       5.235           106380.438               0.000               0.000          2705097.642   1.00000 
  2253.750          74.474    809.032       5.207       5.235           107008.203               0.000               0.000          2812105.845   1.00000 
  2254.750          74.339    827.456       5.207       5.235           107635.863               0.000               0.000          2919741.708   1.00000 
  2255.750          74.204    845.783       5.207       5.235           108263.203               0.000               0.000          3028004.911   1.00000 
  2256.750          74.067    850.000       5.007       5.025           108889.992               0.000               0.000          3136894.903   1.00000 
  2257.750          73.930    850.000       4.744       4.750           109503.626               0.000               0.000          3246398.529   1.00000 
  2258.750          73.791    850.000       4.480       4.475           110096.365               0.000               0.000          3356494.894   1.00000 
  2259.750          73.651    850.000       4.214       4.199           110664.731               0.000               0.000          3467159.625   1.00000 
  2260.750          73.510    850.000       3.947       3.924           111205.430               0.000               0.000          3578365.054   1.00000 
  2261.750          73.368    850.000       3.679       3.648           111714.787               0.000               0.000          3690079.841   1.00000 
  2262.750          73.225    850.000       3.409       3.373           112188.697               0.000               0.000          3802268.538   1.00000 
  2263.750          73.081    850.000       3.138       3.098           112622.559               0.000               0.000          3914891.097   1.00000 
  2264.750          72.936    850.000       2.867       2.823           113011.207               0.000               0.000          4027902.304   1.00000 
  2265.750          72.789    850.000       2.594       2.549           113348.824               0.000               0.000          4141251.128   1.00000 
  2266.750          72.641    850.000       2.321       2.275           113628.840               0.000               0.000          4254879.968   1.00000 
  2267.489          72.532    850.000       2.119       2.073           113797.460               0.000               0.000          4338963.915   1.00000 
  2268.489          72.382    850.000       1.846       1.802           113670.117               0.000               0.000          4452634.032   1.00000 
  2269.489          72.231    850.000       1.572       1.531           113758.884               0.000               0.000          4566392.916   1.00000 
  2270.489          72.079    850.000       1.299       1.262           113755.651               0.000               0.000          4680148.567   1.00000 
  2271.489          71.926    850.000       1.026       0.994           113649.888               0.000               0.000          4793798.455   1.00000 
  2272.489          71.771    850.000       0.753       0.728           113427.566               0.000               0.000          4907226.021   1.00000 
  2273.489          71.615    850.000       0.481       0.464           113072.375               0.000               0.000          5020298.396   1.00000 
  2274.489          71.458    850.000       0.211       0.203           112565.228               0.000               0.000          5132863.624   1.00000 
  2275.489          71.300    850.000       0.000       0.000           111883.643               0.000               0.000          5244747.266   1.00000 
