#_______________________________________________________________________________
#    ######   ####     ##             #####   #####     ##    #    #    ## 
#    #       #        #  #            #    #  #    #   #  #   ##  ##   #  #
#    #####    ####   ######           #    #  #####   ######  # ## #  ######
#    #            #  #    #           #    #  #    #  #    #  #    #  #    #
#____######__#####___#____#___________#####___#____#__#____#__#____#__#____#____
#
#              ESA Debris Risk Assessment and Mitigation Analysis
#
#                      ---- DRAMA ( SESAM 2.1.5 ) ----
#                                      ESA 2018
#
#                              aerothermal history file
#-------------------------------------------------------------------------------
# Filename      : PySara.ADCS-RPU.46bd662e-534d-4e92-a802-86a723e35b28_AeroThermalHistory.txt
# RunID         : PySara
# ObjectID      : 46bd662e-534d-4e92-a802-86a723e35b28
# ObjectName    : ADCS-RPU
# ReferenceArea : 0.03682 [m^2]
# Content       : This file contains the aerothermal data of the object,
#                 computed by the DRAMA 3 Re-entry Analysis.
# Documentation : DRAMA Software User Manual, section OPERATIONS MANUAL / Normal operation / SARA / SARA Simulation Output / Re-entry simulation output
# Note          : The convective heat and the integrated heat values in this file take into account the visibility factor
#
#-------------------------------------------------------------------------------------------------------------------------------------------------------------------
#  Time [s]  Altitude [km]   Temp [K]   Mass [kg]   Thick [mm]  Convective Heat [W]  Radiative Heat [W]  Oxidation Heat [W]  Integrated Heat [J] VisibilityFactor [-]
#-------------------------------------------------------------------------------------------------------------------------------------------------------------------
  2225.200          77.962    300.000       3.291       5.222            61655.203               0.000               0.000                0.000   1.00000 
  2225.300          77.951    302.128       3.291       5.222            61689.866               0.000               0.000             6168.987   1.00000 
  2225.750          77.900    311.721       3.291       5.222            61851.008               0.000               0.000            34001.940   1.00000 
  2226.750          77.787    333.070       3.291       5.222            62221.681               0.000               0.000            96223.621   1.00000 
  2227.750          77.673    354.347       3.291       5.222            62621.697               0.000               0.000           158845.318   1.00000 
  2228.750          77.559    375.548       3.291       5.222            63023.744               0.000               0.000           221869.062   1.00000 
  2229.750          77.444    396.625       3.291       5.222            63427.797               0.000               0.000           285296.859   1.00000 
  2230.750          77.329    417.534       3.291       5.222            63833.832               0.000               0.000           349130.691   1.00000 
  2231.750          77.213    438.270       3.291       5.222            64241.818               0.000               0.000           413372.510   1.00000 
  2232.750          77.096    458.838       3.291       5.222            64651.724               0.000               0.000           478024.234   1.00000 
  2233.750          76.979    479.015       3.291       5.222            65063.515               0.000               0.000           543087.749   1.00000 
  2234.750          76.861    498.393       3.291       5.222            65477.150               0.000               0.000           608564.899   1.00000 
  2235.750          76.742    516.861       3.291       5.222            65892.588               0.000               0.000           674457.487   1.00000 
  2236.750          76.623    535.036       3.291       5.222            66309.780               0.000               0.000           740767.267   1.00000 
  2237.750          76.503    553.672       3.291       5.222            66728.677               0.000               0.000           807495.944   1.00000 
  2238.750          76.382    572.973       3.291       5.222            67149.221               0.000               0.000           874645.165   1.00000 
  2239.750          76.261    592.500       3.291       5.222            67571.353               0.000               0.000           942216.519   1.00000 
  2240.750          76.139    611.470       3.291       5.222            67995.008               0.000               0.000          1010211.527   1.00000 
  2241.750          76.016    629.874       3.291       5.222            68420.113               0.000               0.000          1078631.640   1.00000 
  2242.750          75.892    647.790       3.291       5.222            68846.593               0.000               0.000          1147478.233   1.00000 
  2243.750          75.767    665.261       3.291       5.222            69274.365               0.000               0.000          1216752.598   1.00000 
  2244.750          75.642    682.361       3.291       5.222            69703.340               0.000               0.000          1286455.938   1.00000 
  2245.750          75.516    699.184       3.291       5.222            70133.423               0.000               0.000          1356589.360   1.00000 
  2246.750          75.389    715.907       3.291       5.222            70564.511               0.000               0.000          1427153.871   1.00000 
  2247.750          75.261    733.028       3.291       5.222            70996.495               0.000               0.000          1498150.366   1.00000 
  2248.750          75.132    752.288       3.291       5.222            71429.257               0.000               0.000          1569579.623   1.00000 
  2249.750          75.002    772.194       3.291       5.222            71862.672               0.000               0.000          1641442.296   1.00000 
  2250.750          74.872    792.192       3.291       5.222            72296.608               0.000               0.000          1713738.903   1.00000 
  2251.750          74.740    812.112       3.291       5.222            72730.943               0.000               0.000          1786469.847   1.00000 
  2252.750          74.607    831.933       3.291       5.222            73165.554               0.000               0.000          1859635.401   1.00000 
  2253.750          74.474    850.000       3.276       5.197            73600.311               0.000               0.000          1933235.712   1.00000 
  2254.750          74.339    850.000       3.098       4.900            74034.199               0.000               0.000          2007269.911   1.00000 
  2255.750          74.204    850.000       2.919       4.602            74456.570               0.000               0.000          2081726.480   1.00000 
  2256.750          74.067    850.000       2.739       4.305            74864.213               0.000               0.000          2156590.694   1.00000 
  2257.750          73.930    850.000       2.558       4.007            75255.006               0.000               0.000          2231845.700   1.00000 
  2258.750          73.791    850.000       2.376       3.711            75626.562               0.000               0.000          2307472.262   1.00000 
  2259.750          73.652    850.000       2.193       3.414            75976.205               0.000               0.000          2383448.466   1.00000 
  2260.750          73.511    850.000       2.009       3.119            76300.913               0.000               0.000          2459749.380   1.00000 
  2261.750          73.369    850.000       1.824       2.824            76597.273               0.000               0.000          2536346.653   1.00000 
  2262.750          73.226    850.000       1.639       2.529            76861.413               0.000               0.000          2613208.066   1.00000 
  2263.750          73.082    850.000       1.453       2.236            77088.923               0.000               0.000          2690296.990   1.00000 
  2264.750          72.937    850.000       1.267       1.943            77274.765               0.000               0.000          2767571.754   1.00000 
  2265.750          72.791    850.000       1.081       1.652            77413.151               0.000               0.000          2844984.905   1.00000 
  2266.750          72.643    850.000       0.894       1.363            77497.406               0.000               0.000          2922482.311   1.00000 
  2267.453          72.539    850.000       0.762       1.160            77516.812               0.000               0.000          2977001.952   1.00000 
  2268.453          72.390    850.000       0.576       0.874            77297.522               0.000               0.000          3054299.474   1.00000 
  2269.453          72.239    850.000       0.390       0.590            77199.544               0.000               0.000          3131499.018   1.00000 
  2270.453          72.088    850.000       0.205       0.309            77010.957               0.000               0.000          3208509.975   1.00000 
  2271.453          71.935    850.000       0.020       0.030            76718.978               0.000               0.000          3285228.953   1.00000 
  2272.453          71.781    850.000       0.000       0.000            76306.704               0.000               0.000          3361535.657   1.00000 
