#_______________________________________________________________________________
#    ######   ####     ##             #####   #####     ##    #    #    ## 
#    #       #        #  #            #    #  #    #   #  #   ##  ##   #  #
#    #####    ####   ######           #    #  #####   ######  # ## #  ######
#    #            #  #    #           #    #  #    #  #    #  #    #  #    #
#____######__#####___#____#___________#####___#____#__#____#__#____#__#____#____
#
#              ESA Debris Risk Assessment and Mitigation Analysis
#
#                      ---- DRAMA ( SESAM 2.1.5 ) ----
#                                      ESA 2018
#
#                              aerothermal history file
#-------------------------------------------------------------------------------
# Filename      : PySara.SADM1.bb42edf0-7c27-4377-bfb8-3846f78f70cc_AeroThermalHistory.txt
# RunID         : PySara
# ObjectID      : bb42edf0-7c27-4377-bfb8-3846f78f70cc
# ObjectName    : SADM1
# ReferenceArea : 0.13289 [m^2]
# Content       : This file contains the aerothermal data of the object,
#                 computed by the DRAMA 3 Re-entry Analysis.
# Documentation : DRAMA Software User Manual, section OPERATIONS MANUAL / Normal operation / SARA / SARA Simulation Output / Re-entry simulation output
# Note          : The convective heat and the integrated heat values in this file take into account the visibility factor
#
#-------------------------------------------------------------------------------------------------------------------------------------------------------------------
#  Time [s]  Altitude [km]   Temp [K]   Mass [kg]   Thick [mm]  Convective Heat [W]  Radiative Heat [W]  Oxidation Heat [W]  Integrated Heat [J] VisibilityFactor [-]
#-------------------------------------------------------------------------------------------------------------------------------------------------------------------
  2053.100          92.260    300.000       8.595       5.246            38907.290               0.000               0.000                0.000   1.00000 
  2053.200          92.253    300.513       8.595       5.246            38931.071               0.000               0.000             3893.107   1.00000 
  2053.650          92.224    302.830       8.595       5.246            39041.659               0.000               0.000            21461.854   1.00000 
  2054.650          92.159    308.006       8.595       5.246            39296.271               0.000               0.000            60758.125   1.00000 
  2055.650          92.094    313.204       8.595       5.246            39571.407               0.000               0.000           100329.532   1.00000 
  2056.650          92.029    318.426       8.595       5.246            39848.343               0.000               0.000           140177.875   1.00000 
  2057.650          91.964    323.671       8.595       5.246            40127.088               0.000               0.000           180304.964   1.00000 
  2058.650          91.899    328.939       8.595       5.246            40407.653               0.000               0.000           220712.617   1.00000 
  2059.650          91.834    334.230       8.595       5.246            40690.048               0.000               0.000           261402.665   1.00000 
  2060.650          91.768    339.544       8.595       5.246            40974.284               0.000               0.000           302376.949   1.00000 
  2061.650          91.702    344.881       8.595       5.246            41260.372               0.000               0.000           343637.321   1.00000 
  2062.650          91.636    350.241       8.595       5.246            41548.320               0.000               0.000           385185.641   1.00000 
  2063.650          91.570    355.625       8.595       5.246            41838.141               0.000               0.000           427023.782   1.00000 
  2064.650          91.504    361.029       8.595       5.246            42129.845               0.000               0.000           469153.627   1.00000 
  2065.650          91.438    366.454       8.595       5.246            42423.442               0.000               0.000           511577.070   1.00000 
  2066.650          91.371    371.899       8.595       5.246            42718.944               0.000               0.000           554296.013   1.00000 
  2067.650          91.304    377.363       8.595       5.246            43016.360               0.000               0.000           597312.374   1.00000 
  2068.650          91.237    382.844       8.595       5.246            43315.703               0.000               0.000           640628.077   1.00000 
  2069.650          91.170    388.342       8.595       5.246            43616.982               0.000               0.000           684245.059   1.00000 
  2070.650          91.103    393.857       8.595       5.246            43920.209               0.000               0.000           728165.267   1.00000 
  2071.650          91.036    399.387       8.595       5.246            44225.394               0.000               0.000           772390.662   1.00000 
  2072.650          90.968    404.932       8.595       5.246            44532.549               0.000               0.000           816923.211   1.00000 
  2073.650          90.900    410.492       8.595       5.246            44841.686               0.000               0.000           861764.896   1.00000 
  2074.650          90.833    416.066       8.595       5.246            45152.813               0.000               0.000           906917.709   1.00000 
  2075.650          90.764    421.656       8.595       5.246            45465.944               0.000               0.000           952383.653   1.00000 
  2076.650          90.696    427.264       8.595       5.246            45781.089               0.000               0.000           998164.742   1.00000 
  2077.650          90.628    432.891       8.595       5.246            46098.260               0.000               0.000          1044263.002   1.00000 
  2078.650          90.559    438.535       8.595       5.246            46417.467               0.000               0.000          1090680.469   1.00000 
  2079.650          90.490    444.185       8.595       5.246            46738.724               0.000               0.000          1137419.193   1.00000 
  2080.650          90.421    449.841       8.595       5.246            47062.040               0.000               0.000          1184481.233   1.00000 
  2081.650          90.352    455.503       8.595       5.246            47387.427               0.000               0.000          1231868.659   1.00000 
  2082.650          90.283    461.158       8.595       5.246            47714.897               0.000               0.000          1279583.557   1.00000 
  2083.650          90.213    466.788       8.595       5.246            48044.463               0.000               0.000          1327628.019   1.00000 
  2084.650          90.143    472.394       8.595       5.246            48376.134               0.000               0.000          1376004.154   1.00000 
  2085.650          90.073    477.977       8.595       5.246            48709.924               0.000               0.000          1424714.077   1.00000 
  2086.650          90.003    483.498       8.595       5.246            49045.843               0.000               0.000          1473759.920   1.00000 
  2087.650          89.933    488.957       8.595       5.246            49383.904               0.000               0.000          1523143.824   1.00000 
  2088.650          89.862    494.356       8.595       5.246            49724.121               0.000               0.000          1572867.945   1.00000 
  2089.650          89.791    499.708       8.595       5.246            50066.507               0.000               0.000          1622934.452   1.00000 
  2090.650          89.720    505.043       8.595       5.246            50411.076               0.000               0.000          1673345.528   1.00000 
  2091.650          89.649    510.362       8.595       5.246            50757.843               0.000               0.000          1724103.371   1.00000 
  2092.650          89.578    515.665       8.595       5.246            51106.822               0.000               0.000          1775210.193   1.00000 
  2093.650          89.506    520.990       8.595       5.246            51458.027               0.000               0.000          1826668.219   1.00000 
  2094.650          89.434    526.377       8.595       5.246            51811.473               0.000               0.000          1878479.692   1.00000 
  2095.650          89.362    531.827       8.595       5.246            52167.174               0.000               0.000          1930646.866   1.00000 
  2096.650          89.290    537.341       8.595       5.246            52525.145               0.000               0.000          1983172.010   1.00000 
  2097.650          89.217    542.934       8.595       5.246            52885.401               0.000               0.000          2036057.412   1.00000 
  2098.650          89.145    548.612       8.595       5.246            53247.959               0.000               0.000          2089305.370   1.00000 
  2099.650          89.072    554.378       8.595       5.246            53612.831               0.000               0.000          2142918.201   1.00000 
  2100.650          88.998    560.225       8.595       5.246            53980.034               0.000               0.000          2196898.235   1.00000 
  2101.650          88.925    566.117       8.595       5.246            54349.583               0.000               0.000          2251247.818   1.00000 
  2102.650          88.851    572.056       8.595       5.246            54721.494               0.000               0.000          2305969.312   1.00000 
  2103.650          88.777    578.042       8.595       5.246            55095.783               0.000               0.000          2361065.095   1.00000 
  2104.650          88.703    584.012       8.595       5.246            55472.465               0.000               0.000          2416537.560   1.00000 
  2105.650          88.629    589.954       8.595       5.246            55851.556               0.000               0.000          2472389.116   1.00000 
  2106.650          88.554    595.869       8.595       5.246            56233.073               0.000               0.000          2528622.189   1.00000 
  2107.650          88.479    601.756       8.595       5.246            56617.032               0.000               0.000          2585239.221   1.00000 
  2108.650          88.404    607.611       8.595       5.246            57003.449               0.000               0.000          2642242.670   1.00000 
  2109.650          88.329    613.437       8.595       5.246            57392.341               0.000               0.000          2699635.011   1.00000 
  2110.650          88.253    619.233       8.595       5.246            57783.724               0.000               0.000          2757418.735   1.00000 
  2111.650          88.177    625.005       8.595       5.246            58177.617               0.000               0.000          2815596.352   1.00000 
  2112.650          88.101    630.753       8.595       5.246            58574.035               0.000               0.000          2874170.387   1.00000 
  2113.650          88.025    636.477       8.595       5.246            58972.996               0.000               0.000          2933143.383   1.00000 
  2114.650          87.948    642.178       8.595       5.246            59374.518               0.000               0.000          2992517.901   1.00000 
  2115.650          87.871    647.857       8.595       5.246            59778.617               0.000               0.000          3052296.518   1.00000 
  2116.650          87.794    653.515       8.595       5.246            60185.312               0.000               0.000          3112481.830   1.00000 
  2117.650          87.717    659.153       8.595       5.246            60594.621               0.000               0.000          3173076.451   1.00000 
  2118.650          87.639    664.776       8.595       5.246            61006.563               0.000               0.000          3234083.014   1.00000 
  2119.650          87.561    670.384       8.595       5.246            61421.154               0.000               0.000          3295504.168   1.00000 
  2120.650          87.483    675.979       8.595       5.246            61838.415               0.000               0.000          3357342.583   1.00000 
  2121.650          87.404    681.566       8.595       5.246            62258.362               0.000               0.000          3419600.945   1.00000 
  2122.650          87.325    687.151       8.595       5.246            62681.016               0.000               0.000          3482281.961   1.00000 
  2123.650          87.246    692.734       8.595       5.246            63106.396               0.000               0.000          3545388.357   1.00000 
  2124.650          87.167    698.315       8.595       5.246            63534.520               0.000               0.000          3608922.876   1.00000 
  2125.650          87.087    703.928       8.595       5.246            63965.408               0.000               0.000          3672888.285   1.00000 
  2126.650          87.007    709.573       8.595       5.246            64399.081               0.000               0.000          3737287.366   1.00000 
  2127.650          86.927    715.251       8.595       5.246            64835.558               0.000               0.000          3802122.923   1.00000 
  2128.650          86.846    721.041       8.595       5.246            65274.858               0.000               0.000          3867397.782   1.00000 
  2129.650          86.765    727.080       8.595       5.246            65717.004               0.000               0.000          3933114.786   1.00000 
  2130.650          86.684    733.397       8.595       5.246            66162.015               0.000               0.000          3999276.800   1.00000 
  2131.650          86.602    740.015       8.595       5.246            66609.911               0.000               0.000          4065886.712   1.00000 
  2132.650          86.520    746.731       8.595       5.246            67060.715               0.000               0.000          4132947.427   1.00000 
  2133.650          86.438    753.549       8.595       5.246            67514.447               0.000               0.000          4200461.874   1.00000 
  2134.650          86.356    760.465       8.595       5.246            67971.130               0.000               0.000          4268433.004   1.00000 
  2135.650          86.273    767.413       8.595       5.246            68430.785               0.000               0.000          4336863.789   1.00000 
  2136.650          86.190    774.393       8.595       5.246            68893.433               0.000               0.000          4405757.222   1.00000 
  2137.650          86.106    781.402       8.595       5.246            69359.098               0.000               0.000          4475116.321   1.00000 
  2138.650          86.023    788.423       8.595       5.246            69827.803               0.000               0.000          4544944.124   1.00000 
  2139.650          85.938    795.457       8.595       5.246            70299.569               0.000               0.000          4615243.693   1.00000 
  2140.650          85.854    802.502       8.595       5.246            70774.421               0.000               0.000          4686018.115   1.00000 
  2141.650          85.769    809.558       8.595       5.246            71252.382               0.000               0.000          4757270.497   1.00000 
  2142.650          85.684    816.624       8.595       5.246            71733.475               0.000               0.000          4829003.972   1.00000 
  2143.650          85.598    823.698       8.595       5.246            72217.726               0.000               0.000          4901221.698   1.00000 
  2144.650          85.512    830.779       8.595       5.246            72705.157               0.000               0.000          4973926.855   1.00000 
  2145.650          85.426    837.867       8.595       5.246            73195.795               0.000               0.000          5047122.650   1.00000 
  2146.650          85.340    844.911       8.595       5.246            73689.663               0.000               0.000          5120812.313   1.00000 
  2147.530          85.263    850.000       8.570       5.230            74134.432               0.000               0.000          5186030.085   1.00000 
  2148.409          85.186    850.000       8.425       5.139            72984.746               0.000               0.000          5250236.452   1.00000 
  2149.409          85.099    850.000       8.259       5.034            73476.414               0.000               0.000          5323712.866   1.00000 
  2150.409          85.011    850.000       8.092       4.929            73978.581               0.000               0.000          5397691.447   1.00000 
  2151.409          84.922    850.000       7.923       4.823            74483.747               0.000               0.000          5472175.194   1.00000 
  2152.409          84.834    850.000       7.754       4.716            74991.913               0.000               0.000          5547167.108   1.00000 
  2153.409          84.744    850.000       7.583       4.609            75503.082               0.000               0.000          5622670.189   1.00000 
  2154.409          84.655    850.000       7.410       4.501            76017.255               0.000               0.000          5698687.444   1.00000 
  2155.409          84.565    850.000       7.237       4.392            76534.432               0.000               0.000          5775221.876   1.00000 
  2156.409          84.475    850.000       7.062       4.283            77054.612               0.000               0.000          5852276.488   1.00000 
  2157.409          84.384    850.000       6.886       4.173            77577.789               0.000               0.000          5929854.277   1.00000 
  2158.409          84.293    850.000       6.708       4.063            78103.958               0.000               0.000          6007958.235   1.00000 
  2159.409          84.201    850.000       6.530       3.952            78633.110               0.000               0.000          6086591.345   1.00000 
  2160.409          84.109    850.000       6.349       3.840            79165.231               0.000               0.000          6165756.576   1.00000 
  2161.409          84.017    850.000       6.168       3.727            79700.307               0.000               0.000          6245456.884   1.00000 
  2162.409          83.924    850.000       5.985       3.614            80238.320               0.000               0.000          6325695.204   1.00000 
  2163.409          83.831    850.000       5.801       3.500            80779.246               0.000               0.000          6406474.450   1.00000 
  2164.409          83.737    850.000       5.615       3.386            81323.058               0.000               0.000          6487797.508   1.00000 
  2165.409          83.643    850.000       5.429       3.271            81869.724               0.000               0.000          6569667.232   1.00000 
  2166.409          83.548    850.000       5.240       3.155            82419.207               0.000               0.000          6652086.440   1.00000 
  2167.409          83.453    850.000       5.051       3.038            82971.465               0.000               0.000          6735057.904   1.00000 
  2168.409          83.358    850.000       4.860       2.921            83526.446               0.000               0.000          6818584.350   1.00000 
  2169.409          83.262    850.000       4.667       2.803            84084.095               0.000               0.000          6902668.445   1.00000 
  2170.409          83.165    850.000       4.473       2.685            84644.347               0.000               0.000          6987312.793   1.00000 
  2171.409          83.068    850.000       4.278       2.566            85207.130               0.000               0.000          7072519.922   1.00000 
  2172.409          82.971    850.000       4.081       2.446            85772.359               0.000               0.000          7158292.281   1.00000 
  2173.409          82.873    850.000       3.883       2.325            86339.942               0.000               0.000          7244632.223   1.00000 
  2174.409          82.775    850.000       3.684       2.204            86909.773               0.000               0.000          7331541.997   1.00000 
  2175.409          82.676    850.000       3.483       2.082            87481.735               0.000               0.000          7419023.732   1.00000 
  2176.409          82.577    850.000       3.281       1.960            88055.695               0.000               0.000          7507079.427   1.00000 
  2177.409          82.477    850.000       3.077       1.836            88631.504               0.000               0.000          7595710.930   1.00000 
  2178.409          82.376    850.000       2.872       1.713            89208.995               0.000               0.000          7684919.926   1.00000 
  2179.409          82.276    850.000       2.665       1.588            89787.985               0.000               0.000          7774707.910   1.00000 
  2180.409          82.174    850.000       2.457       1.463            90368.264               0.000               0.000          7865076.174   1.00000 
  2181.409          82.072    850.000       2.247       1.337            90949.601               0.000               0.000          7956025.775   1.00000 
  2182.409          81.970    850.000       2.036       1.210            91531.738               0.000               0.000          8047557.513   1.00000 
  2183.409          81.867    850.000       1.824       1.083            92114.386               0.000               0.000          8139671.899   1.00000 
  2184.409          81.763    850.000       1.610       0.955            92697.223               0.000               0.000          8232369.122   1.00000 
  2185.409          81.659    850.000       1.394       0.827            93279.882               0.000               0.000          8325649.004   1.00000 
  2186.409          81.554    850.000       1.177       0.697            93861.912               0.000               0.000          8419510.916   1.00000 
  2187.409          81.449    850.000       0.959       0.568            94442.792               0.000               0.000          8513953.708   1.00000 
  2188.409          81.343    850.000       0.739       0.437            95021.949               0.000               0.000          8608975.658   1.00000 
  2189.409          81.236    850.000       0.518       0.306            95598.744               0.000               0.000          8704574.401   1.00000 
  2190.409          81.129    850.000       0.295       0.174            96172.466               0.000               0.000          8800746.867   1.00000 
  2191.409          81.021    850.000       0.071       0.042            96742.326               0.000               0.000          8897489.193   1.00000 
  2192.409          80.913    850.000       0.000       0.000            97307.442               0.000               0.000          8994796.635   1.00000 
