#_______________________________________________________________________________
#    ######   ####     ##             #####   #####     ##    #    #    ## 
#    #       #        #  #            #    #  #    #   #  #   ##  ##   #  #
#    #####    ####   ######           #    #  #####   ######  # ## #  ######
#    #            #  #    #           #    #  #    #  #    #  #    #  #    #
#____######__#####___#____#___________#####___#____#__#____#__#____#__#____#____
#
#              ESA Debris Risk Assessment and Mitigation Analysis
#
#                      ---- DRAMA ( SESAM 2.1.5 ) ----
#                                      ESA 2018
#
#                              aerothermal history file
#-------------------------------------------------------------------------------
# Filename      : PySara.ASCATRFU1.0aa8a2c0-ec39-42e6-8da8-bc6cc699c606_AeroThermalHistory.txt
# RunID         : PySara
# ObjectID      : 0aa8a2c0-ec39-42e6-8da8-bc6cc699c606
# ObjectName    : ASCATRFU1
# ReferenceArea : 0.024104 [m^2]
# Content       : This file contains the aerothermal data of the object,
#                 computed by the DRAMA 3 Re-entry Analysis.
# Documentation : DRAMA Software User Manual, section OPERATIONS MANUAL / Normal operation / SARA / SARA Simulation Output / Re-entry simulation output
# Note          : The convective heat and the integrated heat values in this file take into account the visibility factor
#
#-------------------------------------------------------------------------------------------------------------------------------------------------------------------
#  Time [s]  Altitude [km]   Temp [K]   Mass [kg]   Thick [mm]  Convective Heat [W]  Radiative Heat [W]  Oxidation Heat [W]  Integrated Heat [J] VisibilityFactor [-]
#-------------------------------------------------------------------------------------------------------------------------------------------------------------------
  2225.200          77.962    300.000       1.680       5.254            37187.578               0.000               0.000                0.000   1.00000 
  2225.300          77.951    302.514       1.680       5.254            37203.076               0.000               0.000             3720.308   1.00000 
  2225.750          77.900    313.838       1.680       5.254            37274.919               0.000               0.000            20494.021   1.00000 
  2226.750          77.787    338.980       1.680       5.254            37438.915               0.000               0.000            57932.936   1.00000 
  2227.750          77.673    363.950       1.680       5.254            37613.945               0.000               0.000            95546.881   1.00000 
  2228.750          77.559    388.721       1.680       5.254            37787.865               0.000               0.000           133334.746   1.00000 
  2229.750          77.445    413.219       1.680       5.254            37960.674               0.000               0.000           171295.420   1.00000 
  2230.750          77.330    437.401       1.680       5.254            38132.373               0.000               0.000           209427.793   1.00000 
  2231.750          77.214    461.301       1.680       5.254            38302.960               0.000               0.000           247730.753   1.00000 
  2232.750          77.098    484.572       1.680       5.254            38472.434               0.000               0.000           286203.187   1.00000 
  2233.750          76.980    506.586       1.680       5.254            38640.793               0.000               0.000           324843.980   1.00000 
  2234.750          76.863    527.597       1.680       5.254            38808.036               0.000               0.000           363652.016   1.00000 
  2235.750          76.744    548.755       1.680       5.254            38974.160               0.000               0.000           402626.176   1.00000 
  2236.750          76.625    570.656       1.680       5.254            39139.164               0.000               0.000           441765.340   1.00000 
  2237.750          76.505    592.911       1.680       5.254            39303.042               0.000               0.000           481068.382   1.00000 
  2238.750          76.385    614.487       1.680       5.254            39465.779               0.000               0.000           520534.161   1.00000 
  2239.750          76.263    635.275       1.680       5.254            39627.323               0.000               0.000           560161.484   1.00000 
  2240.750          76.141    655.391       1.680       5.254            39787.617               0.000               0.000           599949.102   1.00000 
  2241.750          76.018    674.907       1.680       5.254            39946.600               0.000               0.000           639895.702   1.00000 
  2242.750          75.894    693.943       1.680       5.254            40104.205               0.000               0.000           679999.907   1.00000 
  2243.750          75.769    712.666       1.680       5.254            40260.363               0.000               0.000           720260.271   1.00000 
  2244.750          75.644    731.456       1.680       5.254            40415.000               0.000               0.000           760675.271   1.00000 
  2245.750          75.517    752.697       1.680       5.254            40568.036               0.000               0.000           801243.307   1.00000 
  2246.750          75.389    774.851       1.680       5.254            40719.388               0.000               0.000           841962.695   1.00000 
  2247.750          75.261    797.023       1.680       5.254            40868.965               0.000               0.000           882831.660   1.00000 
  2248.750          75.131    819.025       1.680       5.254            41016.674               0.000               0.000           923848.334   1.00000 
  2249.750          75.001    840.836       1.680       5.254            41162.414               0.000               0.000           965010.748   1.00000 
  2250.750          74.869    850.000       1.623       5.062            41306.079               0.000               0.000          1006316.827   1.00000 
  2251.750          74.736    850.000       1.523       4.727            41438.574               0.000               0.000          1047755.401   1.00000 
  2252.750          74.602    850.000       1.423       4.395            41549.533               0.000               0.000          1089304.935   1.00000 
  2253.750          74.467    850.000       1.322       4.065            41634.245               0.000               0.000          1130939.180   1.00000 
  2254.750          74.331    850.000       1.222       3.738            41688.134               0.000               0.000          1172627.314   1.00000 
  2255.750          74.194    850.000       1.121       3.414            41705.652               0.000               0.000          1214332.966   1.00000 
  2256.750          74.055    850.000       1.020       3.094            41679.999               0.000               0.000          1256012.965   1.00000 
  2257.750          73.916    850.000       0.920       2.777            41602.721               0.000               0.000          1297615.686   1.00000 
  2258.750          73.775    850.000       0.820       2.464            41463.139               0.000               0.000          1339078.825   1.00000 
  2259.750          73.633    850.000       0.721       2.155            41247.511               0.000               0.000          1380326.337   1.00000 
  2260.750          73.490    850.000       0.622       1.852            40937.745               0.000               0.000          1421264.081   1.00000 
  2261.750          73.347    850.000       0.524       1.554            40509.354               0.000               0.000          1461773.436   1.00000 
  2262.750          73.202    850.000       0.428       1.264            39928.046               0.000               0.000          1501701.482   1.00000 
  2263.750          73.056    850.000       0.334       0.982            39143.644               0.000               0.000          1540845.126   1.00000 
  2264.750          72.910    850.000       0.242       0.709            38078.381               0.000               0.000          1578923.507   1.00000 
  2265.750          72.763    850.000       0.154       0.450            36601.787               0.000               0.000          1615525.294   1.00000 
  2266.750          72.617    850.000       0.072       0.208            34468.028               0.000               0.000          1649993.322   1.00000 
  2267.086          72.568    850.000       0.045       0.131            33126.702               0.000               0.000          1661119.739   1.00000 
  2267.438          72.517    850.000       0.019       0.054            31611.877               0.000               0.000          1672248.422   1.00000 
  2267.515          72.506    850.000       0.013       0.037            31031.387               0.000               0.000          1674647.912   1.00000 
  2267.556          72.500    850.000       0.010       0.028            30755.279               0.000               0.000          1675907.456   1.00000 
  2267.685          72.482    850.000       0.001       0.002            29944.150               0.000               0.000          1679753.835   1.00000 
  2267.813          72.464    850.000       0.000       0.000            29061.232               0.000               0.000          1683486.801   1.00000 
