#_______________________________________________________________________________
#    ######   ####     ##             #####   #####     ##    #    #    ## 
#    #       #        #  #            #    #  #    #   #  #   ##  ##   #  #
#    #####    ####   ######           #    #  #####   ######  # ## #  ######
#    #            #  #    #           #    #  #    #  #    #  #    #  #    #
#____######__#####___#____#___________#####___#____#__#____#__#____#__#____#____
#
#              ESA Debris Risk Assessment and Mitigation Analysis
#
#                      ---- DRAMA ( SESAM 2.1.5 ) ----
#                                      ESA 2018
#
#                              aerothermal history file
#-------------------------------------------------------------------------------
# Filename      : sara.Battery3.d62ffb09-5716-42d4-9382-65e4c7f6ab3a_AeroThermalHistory.txt
# RunID         : sara
# ObjectID      : d62ffb09-5716-42d4-9382-65e4c7f6ab3a
# ObjectName    : Battery3
# ReferenceArea : 0.03252 [m^2]
# Content       : This file contains the aerothermal data of the object,
#                 computed by the DRAMA 3 Re-entry Analysis.
# Documentation : DRAMA Software User Manual, section OPERATIONS MANUAL / Normal operation / SARA / SARA Simulation Output / Re-entry simulation output
# Note          : The convective heat and the integrated heat values in this file take into account the visibility factor
#
#-------------------------------------------------------------------------------------------------------------------------------------------------------------------
#  Time [s]  Altitude [km]   Temp [K]   Mass [kg]   Thick [mm]  Convective Heat [W]  Radiative Heat [W]  Oxidation Heat [W]  Integrated Heat [J] VisibilityFactor [-]
#-------------------------------------------------------------------------------------------------------------------------------------------------------------------
  1727.100          92.776    300.000       1.948       4.097            11133.646               0.000               0.000                0.000   1.00000 
  1727.200          92.770    300.648       1.948       4.097            11144.265               0.000               0.000             1114.427   1.00000 
  1727.650          92.740    303.577       1.948       4.097            11193.688               0.000               0.000             6151.586   1.00000 
  1728.650          92.672    310.144       1.948       4.097            11307.687               0.000               0.000            17459.274   1.00000 
  1729.650          92.605    316.761       1.948       4.097            11431.188               0.000               0.000            28890.461   1.00000 
  1730.650          92.537    323.428       1.948       4.097            11555.810               0.000               0.000            40446.271   1.00000 
  1731.650          92.469    330.146       1.948       4.097            11681.580               0.000               0.000            52127.852   1.00000 
  1732.650          92.401    336.914       1.948       4.097            11808.493               0.000               0.000            63936.345   1.00000 
  1733.650          92.333    343.733       1.948       4.097            11936.542               0.000               0.000            75872.887   1.00000 
  1734.650          92.264    350.603       1.948       4.097            12065.755               0.000               0.000            87938.642   1.00000 
  1735.650          92.196    357.523       1.948       4.097            12196.133               0.000               0.000           100134.774   1.00000 
  1736.650          92.127    364.491       1.948       4.097            12327.658               0.000               0.000           112462.432   1.00000 
  1737.650          92.058    371.504       1.948       4.097            12460.365               0.000               0.000           124922.796   1.00000 
  1738.650          91.989    378.562       1.948       4.097            12594.259               0.000               0.000           137517.055   1.00000 
  1739.650          91.920    385.661       1.948       4.097            12729.317               0.000               0.000           150246.372   1.00000 
  1740.650          91.850    392.800       1.948       4.097            12865.572               0.000               0.000           163111.944   1.00000 
  1741.650          91.780    399.978       1.948       4.097            13003.033               0.000               0.000           176114.976   1.00000 
  1742.650          91.711    407.193       1.948       4.097            13141.686               0.000               0.000           189256.662   1.00000 
  1743.650          91.641    414.444       1.948       4.097            13281.547               0.000               0.000           202538.210   1.00000 
  1744.650          91.570    421.732       1.948       4.097            13422.647               0.000               0.000           215960.857   1.00000 
  1745.650          91.500    429.063       1.948       4.097            13565.003               0.000               0.000           229525.859   1.00000 
  1746.650          91.429    436.434       1.948       4.097            13708.415               0.000               0.000           243234.274   1.00000 
  1747.650          91.359    443.838       1.948       4.097            13853.155               0.000               0.000           257087.429   1.00000 
  1748.650          91.288    451.264       1.948       4.097            13999.270               0.000               0.000           271086.699   1.00000 
  1749.650          91.217    458.710       1.948       4.097            14146.532               0.000               0.000           285233.231   1.00000 
  1750.650          91.145    466.137       1.948       4.097            14295.059               0.000               0.000           299528.290   1.00000 
  1751.650          91.074    473.532       1.948       4.097            14444.860               0.000               0.000           313973.150   1.00000 
  1752.650          91.002    480.891       1.948       4.097            14595.932               0.000               0.000           328569.082   1.00000 
  1753.650          90.930    488.146       1.948       4.097            14748.281               0.000               0.000           343317.363   1.00000 
  1754.650          90.858    495.304       1.948       4.097            14901.927               0.000               0.000           358219.291   1.00000 
  1755.650          90.786    502.394       1.948       4.097            15056.877               0.000               0.000           373276.168   1.00000 
  1756.650          90.713    509.464       1.948       4.097            15213.124               0.000               0.000           388489.291   1.00000 
  1757.650          90.641    516.513       1.948       4.097            15370.688               0.000               0.000           403859.979   1.00000 
  1758.650          90.568    523.611       1.948       4.097            15529.580               0.000               0.000           419389.559   1.00000 
  1759.650          90.495    530.828       1.948       4.097            15689.805               0.000               0.000           435079.363   1.00000 
  1760.650          90.422    538.165       1.948       4.097            15851.362               0.000               0.000           450930.726   1.00000 
  1761.650          90.348    545.649       1.948       4.097            16014.306               0.000               0.000           466945.032   1.00000 
  1762.650          90.275    553.296       1.948       4.097            16178.610               0.000               0.000           483123.642   1.00000 
  1763.650          90.201    561.108       1.948       4.097            16344.185               0.000               0.000           499467.827   1.00000 
  1764.650          90.127    569.012       1.948       4.097            16511.182               0.000               0.000           515979.009   1.00000 
  1765.650          90.053    577.008       1.948       4.097            16679.572               0.000               0.000           532658.581   1.00000 
  1766.650          89.978    585.030       1.948       4.097            16849.355               0.000               0.000           549507.936   1.00000 
  1767.650          89.904    593.010       1.948       4.097            17020.535               0.000               0.000           566528.470   1.00000 
  1768.650          89.829    600.951       1.948       4.097            17193.125               0.000               0.000           583721.595   1.00000 
  1769.650          89.754    608.842       1.948       4.097            17367.130               0.000               0.000           601088.725   1.00000 
  1770.650          89.678    616.687       1.948       4.097            17542.558               0.000               0.000           618631.282   1.00000 
  1771.650          89.603    624.489       1.948       4.097            17719.421               0.000               0.000           636350.703   1.00000 
  1772.650          89.527    632.254       1.948       4.097            17897.727               0.000               0.000           654248.430   1.00000 
  1773.650          89.451    639.984       1.948       4.097            18077.483               0.000               0.000           672325.913   1.00000 
  1774.650          89.375    647.679       1.948       4.097            18258.698               0.000               0.000           690584.611   1.00000 
  1775.650          89.299    655.342       1.948       4.097            18441.380               0.000               0.000           709025.992   1.00000 
  1776.650          89.222    662.976       1.948       4.097            18625.535               0.000               0.000           727651.527   1.00000 
  1777.650          89.146    670.590       1.948       4.097            18811.135               0.000               0.000           746462.662   1.00000 
  1778.650          89.069    678.184       1.948       4.097            18998.234               0.000               0.000           765460.897   1.00000 
  1779.650          88.992    685.773       1.948       4.097            19186.924               0.000               0.000           784647.820   1.00000 
  1780.650          88.914    693.365       1.948       4.097            19377.053               0.000               0.000           804024.873   1.00000 
  1781.650          88.837    700.963       1.948       4.097            19568.692               0.000               0.000           823593.566   1.00000 
  1782.650          88.759    708.626       1.948       4.097            19761.850               0.000               0.000           843355.415   1.00000 
  1783.650          88.681    716.356       1.948       4.097            19956.532               0.000               0.000           863311.947   1.00000 
  1784.650          88.602    724.316       1.948       4.097            20152.744               0.000               0.000           883464.691   1.00000 
  1785.650          88.524    732.760       1.948       4.097            20350.493               0.000               0.000           903815.184   1.00000 
  1786.650          88.445    741.773       1.948       4.097            20549.785               0.000               0.000           924364.969   1.00000 
  1787.650          88.366    750.988       1.948       4.097            20750.627               0.000               0.000           945115.595   1.00000 
  1788.650          88.287    760.402       1.948       4.097            20953.024               0.000               0.000           966068.619   1.00000 
  1789.650          88.208    769.911       1.948       4.097            21156.979               0.000               0.000           987225.598   1.00000 
  1790.650          88.128    779.486       1.948       4.097            21362.500               0.000               0.000          1008588.099   1.00000 
  1791.650          88.048    789.102       1.948       4.097            21569.594               0.000               0.000          1030157.692   1.00000 
  1792.650          87.968    798.748       1.948       4.097            21778.266               0.000               0.000          1051935.958   1.00000 
  1793.650          87.888    808.420       1.948       4.097            21988.522               0.000               0.000          1073924.480   1.00000 
  1794.650          87.807    818.117       1.948       4.097            22200.362               0.000               0.000          1096124.842   1.00000 
  1795.650          87.726    827.836       1.948       4.097            22413.797               0.000               0.000          1118538.639   1.00000 
  1796.650          87.645    837.572       1.948       4.097            22628.835               0.000               0.000          1141167.473   1.00000 
  1797.650          87.564    847.260       1.948       4.097            22845.481               0.000               0.000          1164012.955   1.00000 
  1798.650          87.482    850.000       1.911       4.014            23063.744               0.000               0.000          1187076.699   1.00000 
  1799.650          87.400    850.000       1.858       3.898            23283.602               0.000               0.000          1210360.300   1.00000 
  1800.650          87.318    850.000       1.804       3.780            23505.049               0.000               0.000          1233865.349   1.00000 
  1801.650          87.236    850.000       1.750       3.661            23728.094               0.000               0.000          1257593.443   1.00000 
  1802.650          87.154    850.000       1.695       3.542            23952.743               0.000               0.000          1281546.186   1.00000 
  1803.650          87.071    850.000       1.640       3.421            24179.004               0.000               0.000          1305725.190   1.00000 
  1804.650          86.988    850.000       1.584       3.300            24406.887               0.000               0.000          1330132.077   1.00000 
  1805.650          86.904    850.000       1.528       3.178            24636.399               0.000               0.000          1354768.476   1.00000 
  1806.650          86.821    850.000       1.471       3.055            24867.558               0.000               0.000          1379636.034   1.00000 
  1807.650          86.737    850.000       1.414       2.931            25100.378               0.000               0.000          1404736.412   1.00000 
  1808.650          86.653    850.000       1.356       2.806            25334.874               0.000               0.000          1430071.286   1.00000 
  1809.650          86.569    850.000       1.297       2.681            25571.064               0.000               0.000          1455642.349   1.00000 
  1810.650          86.484    850.000       1.238       2.554            25808.969               0.000               0.000          1481451.318   1.00000 
  1811.650          86.399    850.000       1.178       2.427            26048.623               0.000               0.000          1507499.941   1.00000 
  1812.650          86.314    850.000       1.117       2.299            26290.057               0.000               0.000          1533789.998   1.00000 
  1813.650          86.229    850.000       1.056       2.170            26533.298               0.000               0.000          1560323.296   1.00000 
  1814.650          86.143    850.000       0.994       2.040            26778.381               0.000               0.000          1587101.677   1.00000 
  1815.650          86.057    850.000       0.932       1.909            27025.346               0.000               0.000          1614127.023   1.00000 
  1816.650          85.971    850.000       0.869       1.777            27270.387               0.000               0.000          1641397.410   1.00000 
  1817.650          85.884    850.000       0.806       1.645            27503.073               0.000               0.000          1668900.483   1.00000 
  1818.650          85.798    850.000       0.742       1.511            27738.503               0.000               0.000          1696638.986   1.00000 
  1819.650          85.711    850.000       0.677       1.377            27975.218               0.000               0.000          1724614.204   1.00000 
  1820.650          85.623    850.000       0.612       1.242            28213.232               0.000               0.000          1752827.436   1.00000 
  1821.650          85.536    850.000       0.546       1.107            28452.563               0.000               0.000          1781279.999   1.00000 
  1822.650          85.448    850.000       0.479       0.970            28693.155               0.000               0.000          1809973.154   1.00000 
  1823.650          85.360    850.000       0.412       0.833            28935.019               0.000               0.000          1838908.173   1.00000 
  1824.650          85.271    850.000       0.344       0.695            29178.230               0.000               0.000          1868086.403   1.00000 
  1825.650          85.182    850.000       0.276       0.556            29422.703               0.000               0.000          1897509.106   1.00000 
  1826.650          85.093    850.000       0.207       0.417            29668.446               0.000               0.000          1927177.552   1.00000 
  1827.650          85.004    850.000       0.138       0.276            29915.449               0.000               0.000          1957093.001   1.00000 
  1828.650          84.914    850.000       0.067       0.135            30163.730               0.000               0.000          1987256.731   1.00000 
  1829.650          84.824    850.000       0.000       0.000            30413.285               0.000               0.000          2017670.016   1.00000 
