#_______________________________________________________________________________
#    ######   ####     ##             #####   #####     ##    #    #    ## 
#    #       #        #  #            #    #  #    #   #  #   ##  ##   #  #
#    #####    ####   ######           #    #  #####   ######  # ## #  ######
#    #            #  #    #           #    #  #    #  #    #  #    #  #    #
#____######__#####___#____#___________#####___#____#__#____#__#____#__#____#____
#
#              ESA Debris Risk Assessment and Mitigation Analysis
#
#                      ---- DRAMA ( SESAM 2.1.5 ) ----
#                                      ESA 2018
#
#                              aerothermal history file
#-------------------------------------------------------------------------------
# Filename      : sara.TCU.5730fc2c-e436-4d0d-8aff-7db103d50d08_AeroThermalHistory.txt
# RunID         : sara
# ObjectID      : 5730fc2c-e436-4d0d-8aff-7db103d50d08
# ObjectName    : TCU
# ReferenceArea : 0.030107 [m^2]
# Content       : This file contains the aerothermal data of the object,
#                 computed by the DRAMA 3 Re-entry Analysis.
# Documentation : DRAMA Software User Manual, section OPERATIONS MANUAL / Normal operation / SARA / SARA Simulation Output / Re-entry simulation output
# Note          : The convective heat and the integrated heat values in this file take into account the visibility factor
#
#-------------------------------------------------------------------------------------------------------------------------------------------------------------------
#  Time [s]  Altitude [km]   Temp [K]   Mass [kg]   Thick [mm]  Convective Heat [W]  Radiative Heat [W]  Oxidation Heat [W]  Integrated Heat [J] VisibilityFactor [-]
#-------------------------------------------------------------------------------------------------------------------------------------------------------------------
  1866.200          81.264    300.000       2.726       4.093            49947.445               0.000               0.000                0.000   1.00000 
  1866.300          81.254    302.081       2.726       4.093            49975.758               0.000               0.000             4997.576   1.00000 
  1866.750          81.206    311.461       2.726       4.093            50107.360               0.000               0.000            27545.888   1.00000 
  1867.750          81.101    332.341       2.726       4.093            50409.713               0.000               0.000            77955.601   1.00000 
  1868.750          80.995    353.152       2.726       4.093            50735.503               0.000               0.000           128691.105   1.00000 
  1869.750          80.889    373.897       2.726       4.093            51062.476               0.000               0.000           179753.581   1.00000 
  1870.750          80.782    394.527       2.726       4.093            51390.646               0.000               0.000           231144.227   1.00000 
  1871.750          80.674    414.998       2.726       4.093            51720.050               0.000               0.000           282864.277   1.00000 
  1872.750          80.566    435.300       2.726       4.093            52050.727               0.000               0.000           334915.004   1.00000 
  1873.750          80.458    455.460       2.726       4.093            52382.707               0.000               0.000           387297.711   1.00000 
  1874.750          80.349    475.305       2.726       4.093            52716.023               0.000               0.000           440013.735   1.00000 
  1875.750          80.239    494.469       2.726       4.093            53050.710               0.000               0.000           493064.444   1.00000 
  1876.750          80.129    512.637       2.726       4.093            53386.801               0.000               0.000           546451.246   1.00000 
  1877.750          80.018    530.332       2.726       4.093            53724.304               0.000               0.000           600175.549   1.00000 
  1878.750          79.907    548.422       2.726       4.093            54063.339               0.000               0.000           654238.888   1.00000 
  1879.750          79.795    567.120       2.726       4.093            54403.878               0.000               0.000           708642.767   1.00000 
  1880.750          79.682    586.144       2.726       4.093            54745.948               0.000               0.000           763388.715   1.00000 
  1881.750          79.569    604.861       2.726       4.093            55089.578               0.000               0.000           818478.293   1.00000 
  1882.750          79.455    623.036       2.726       4.093            55434.824               0.000               0.000           873913.118   1.00000 
  1883.750          79.341    640.715       2.726       4.093            55781.740               0.000               0.000           929694.857   1.00000 
  1884.750          79.226    657.952       2.726       4.093            56130.387               0.000               0.000           985825.245   1.00000 
  1885.750          79.110    674.797       2.726       4.093            56480.770               0.000               0.000          1042306.014   1.00000 
  1886.750          78.993    691.323       2.726       4.093            56832.948               0.000               0.000          1099138.962   1.00000 
  1887.750          78.876    707.635       2.726       4.093            57186.938               0.000               0.000          1156325.900   1.00000 
  1888.750          78.758    724.005       2.726       4.093            57542.788               0.000               0.000          1213868.689   1.00000 
  1889.750          78.640    741.643       2.726       4.093            57900.560               0.000               0.000          1271769.248   1.00000 
  1890.750          78.520    760.711       2.726       4.093            58260.251               0.000               0.000          1330029.499   1.00000 
  1891.750          78.400    780.175       2.726       4.093            58621.852               0.000               0.000          1388651.351   1.00000 
  1892.750          78.279    799.643       2.726       4.093            58985.335               0.000               0.000          1447636.686   1.00000 
  1893.750          78.158    819.018       2.726       4.093            59350.650               0.000               0.000          1506987.336   1.00000 
  1894.750          78.035    838.283       2.726       4.093            59717.835               0.000               0.000          1566705.171   1.00000 
  1895.750          77.912    850.000       2.671       4.007            60086.872               0.000               0.000          1626792.043   1.00000 
  1896.750          77.788    850.000       2.527       3.782            60455.518               0.000               0.000          1687247.561   1.00000 
  1897.750          77.663    850.000       2.382       3.557            60819.267               0.000               0.000          1748066.828   1.00000 
  1898.750          77.537    850.000       2.237       3.332            61176.738               0.000               0.000          1809243.566   1.00000 
  1899.750          77.411    850.000       2.090       3.107            61526.866               0.000               0.000          1870770.432   1.00000 
  1900.750          77.283    850.000       1.943       2.881            61868.446               0.000               0.000          1932638.878   1.00000 
  1901.750          77.155    850.000       1.795       2.655            62200.020               0.000               0.000          1994838.898   1.00000 
  1902.750          77.026    850.000       1.646       2.429            62520.164               0.000               0.000          2057359.062   1.00000 
  1903.750          76.896    850.000       1.496       2.203            62827.083               0.000               0.000          2120186.145   1.00000 
  1904.750          76.765    850.000       1.345       1.977            63118.765               0.000               0.000          2183304.910   1.00000 
  1905.750          76.633    850.000       1.194       1.751            63392.954               0.000               0.000          2246697.864   1.00000 
  1906.750          76.500    850.000       1.042       1.525            63647.086               0.000               0.000          2310344.949   1.00000 
  1907.750          76.366    850.000       0.890       1.299            63878.096               0.000               0.000          2374223.045   1.00000 
  1908.750          76.231    850.000       0.737       1.073            64082.502               0.000               0.000          2438305.547   1.00000 
  1909.750          76.096    850.000       0.584       0.848            64256.302               0.000               0.000          2502561.849   1.00000 
  1910.750          75.959    850.000       0.430       0.623            64394.654               0.000               0.000          2566956.503   1.00000 
  1911.750          75.821    850.000       0.276       0.399            64491.967               0.000               0.000          2631448.471   1.00000 
  1912.750          75.683    850.000       0.122       0.176            64541.581               0.000               0.000          2695990.051   1.00000 
  1913.750          75.543    850.000       0.000       0.000            64535.280               0.000               0.000          2760525.331   1.00000 
