#_______________________________________________________________________________
#    ######   ####     ##             #####   #####     ##    #    #    ## 
#    #       #        #  #            #    #  #    #   #  #   ##  ##   #  #
#    #####    ####   ######           #    #  #####   ######  # ## #  ######
#    #            #  #    #           #    #  #    #  #    #  #    #  #    #
#____######__#####___#____#___________#####___#____#__#____#__#____#__#____#____
#
#              ESA Debris Risk Assessment and Mitigation Analysis
#
#                      ---- DRAMA ( SESAM 2.1.5 ) ----
#                                      ESA 2018
#
#                              aerothermal history file
#-------------------------------------------------------------------------------
# Filename      : sara.TRSP1.08f70220-a2ed-4614-8a03-7ee53d774fd8_AeroThermalHistory.txt
# RunID         : sara
# ObjectID      : 08f70220-a2ed-4614-8a03-7ee53d774fd8
# ObjectName    : TRSP1
# ReferenceArea : 0.01771 [m^2]
# Content       : This file contains the aerothermal data of the object,
#                 computed by the DRAMA 3 Re-entry Analysis.
# Documentation : DRAMA Software User Manual, section OPERATIONS MANUAL / Normal operation / SARA / SARA Simulation Output / Re-entry simulation output
# Note          : The convective heat and the integrated heat values in this file take into account the visibility factor
#
#-------------------------------------------------------------------------------------------------------------------------------------------------------------------
#  Time [s]  Altitude [km]   Temp [K]   Mass [kg]   Thick [mm]  Convective Heat [W]  Radiative Heat [W]  Oxidation Heat [W]  Integrated Heat [J] VisibilityFactor [-]
#-------------------------------------------------------------------------------------------------------------------------------------------------------------------
  1727.100          92.776    300.000       0.520       2.865             4112.653               0.000               0.000                0.000   1.00000 
  1727.200          92.770    300.897       0.520       2.865             4116.936               0.000               0.000              411.694   1.00000 
  1727.650          92.740    304.952       0.520       2.865             4136.872               0.000               0.000             2273.286   1.00000 
  1728.650          92.672    314.044       0.520       2.865             4182.863               0.000               0.000             6456.149   1.00000 
  1729.650          92.605    323.203       0.520       2.865             4232.699               0.000               0.000            10688.848   1.00000 
  1730.650          92.537    332.430       0.520       2.865             4283.004               0.000               0.000            14971.852   1.00000 
  1731.650          92.469    341.723       0.520       2.865             4333.792               0.000               0.000            19305.644   1.00000 
  1732.650          92.401    351.083       0.520       2.865             4385.065               0.000               0.000            23690.708   1.00000 
  1733.650          92.333    360.510       0.520       2.865             4436.824               0.000               0.000            28127.532   1.00000 
  1734.650          92.264    369.995       0.520       2.865             4489.084               0.000               0.000            32616.616   1.00000 
  1735.650          92.196    379.535       0.520       2.865             4541.852               0.000               0.000            37158.468   1.00000 
  1736.650          92.127    389.125       0.520       2.865             4595.122               0.000               0.000            41753.590   1.00000 
  1737.650          92.058    398.760       0.520       2.865             4648.914               0.000               0.000            46402.504   1.00000 
  1738.650          91.989    408.437       0.520       2.865             4703.236               0.000               0.000            51105.741   1.00000 
  1739.650          91.919    418.153       0.520       2.865             4758.082               0.000               0.000            55863.823   1.00000 
  1740.650          91.850    427.914       0.520       2.865             4813.471               0.000               0.000            60677.294   1.00000 
  1741.650          91.780    437.723       0.520       2.865             4869.412               0.000               0.000            65546.705   1.00000 
  1742.650          91.710    447.564       0.520       2.865             4925.904               0.000               0.000            70472.609   1.00000 
  1743.650          91.639    457.418       0.520       2.865             4982.958               0.000               0.000            75455.567   1.00000 
  1744.650          91.568    467.243       0.520       2.865             5040.595               0.000               0.000            80496.162   1.00000 
  1745.650          91.497    476.988       0.520       2.865             5098.824               0.000               0.000            85594.986   1.00000 
  1746.650          91.426    486.605       0.520       2.865             5157.573               0.000               0.000            90752.559   1.00000 
  1747.650          91.355    496.027       0.520       2.865             5216.962               0.000               0.000            95969.522   1.00000 
  1748.650          91.283    505.308       0.520       2.865             5277.002               0.000               0.000           101246.524   1.00000 
  1749.650          91.211    514.534       0.520       2.865             5337.622               0.000               0.000           106584.146   1.00000 
  1750.650          91.138    523.745       0.520       2.865             5398.869               0.000               0.000           111983.015   1.00000 
  1751.650          91.065    533.136       0.520       2.865             5460.755               0.000               0.000           117443.770   1.00000 
  1752.650          90.992    542.713       0.520       2.865             5523.288               0.000               0.000           122967.058   1.00000 
  1753.650          90.919    552.537       0.520       2.865             5586.472               0.000               0.000           128553.529   1.00000 
  1754.650          90.845    562.621       0.520       2.865             5650.325               0.000               0.000           134203.854   1.00000 
  1755.650          90.771    572.844       0.520       2.865             5714.856               0.000               0.000           139918.711   1.00000 
  1756.650          90.696    583.201       0.520       2.865             5780.076               0.000               0.000           145698.787   1.00000 
  1757.650          90.622    593.471       0.520       2.865             5845.991               0.000               0.000           151544.778   1.00000 
  1758.650          90.546    603.655       0.520       2.865             5912.617               0.000               0.000           157457.395   1.00000 
  1759.650          90.471    613.741       0.520       2.865             5979.966               0.000               0.000           163437.361   1.00000 
  1760.650          90.395    623.733       0.520       2.865             6048.046               0.000               0.000           169485.407   1.00000 
  1761.650          90.318    633.647       0.520       2.865             6116.890               0.000               0.000           175602.298   1.00000 
  1762.650          90.242    643.485       0.520       2.865             6186.462               0.000               0.000           181788.760   1.00000 
  1763.650          90.164    653.251       0.520       2.865             6256.793               0.000               0.000           188045.553   1.00000 
  1764.650          90.087    662.951       0.520       2.865             6327.919               0.000               0.000           194373.472   1.00000 
  1765.650          90.009    672.601       0.520       2.865             6399.833               0.000               0.000           200773.305   1.00000 
  1766.650          89.930    682.205       0.520       2.865             6472.552               0.000               0.000           207245.856   1.00000 
  1767.650          89.851    691.796       0.520       2.865             6546.086               0.000               0.000           213791.943   1.00000 
  1768.650          89.772    701.377       0.520       2.865             6620.448               0.000               0.000           220412.391   1.00000 
  1769.650          89.692    711.036       0.520       2.865             6695.648               0.000               0.000           227108.039   1.00000 
  1770.650          89.611    720.787       0.520       2.865             6771.701               0.000               0.000           233879.740   1.00000 
  1771.650          89.530    731.118       0.520       2.865             6848.620               0.000               0.000           240728.360   1.00000 
  1772.650          89.449    742.282       0.520       2.865             6926.416               0.000               0.000           247654.775   1.00000 
  1773.650          89.367    753.843       0.520       2.865             7005.101               0.000               0.000           254659.877   1.00000 
  1774.650          89.285    765.685       0.520       2.865             7084.690               0.000               0.000           261744.566   1.00000 
  1775.650          89.202    777.613       0.520       2.865             7165.192               0.000               0.000           268909.758   1.00000 
  1776.650          89.118    789.606       0.520       2.865             7246.599               0.000               0.000           276156.357   1.00000 
  1777.650          89.034    801.629       0.520       2.865             7328.976               0.000               0.000           283485.333   1.00000 
  1778.650          88.949    813.677       0.520       2.865             7412.311               0.000               0.000           290897.644   1.00000 
  1779.650          88.864    825.745       0.520       2.865             7496.594               0.000               0.000           298394.238   1.00000 
  1780.650          88.779    837.827       0.520       2.865             7581.852               0.000               0.000           305976.090   1.00000 
  1781.650          88.692    849.835       0.520       2.865             7668.097               0.000               0.000           313644.187   1.00000 
  1782.650          88.605    850.000       0.503       2.765             7755.340               0.000               0.000           321399.528   1.00000 
  1783.650          88.518    850.000       0.485       2.663             7843.102               0.000               0.000           329242.630   1.00000 
  1784.650          88.430    850.000       0.467       2.560             7931.243               0.000               0.000           337173.873   1.00000 
  1785.650          88.341    850.000       0.449       2.456             8019.682               0.000               0.000           345193.555   1.00000 
  1786.650          88.252    850.000       0.431       2.352             8108.323               0.000               0.000           353301.879   1.00000 
  1787.650          88.162    850.000       0.413       2.246             8197.056               0.000               0.000           361498.935   1.00000 
  1788.650          88.071    850.000       0.394       2.140             8285.752               0.000               0.000           369784.687   1.00000 
  1789.650          87.980    850.000       0.375       2.033             8374.258               0.000               0.000           378158.944   1.00000 
  1790.650          87.888    850.000       0.356       1.925             8462.394               0.000               0.000           386621.338   1.00000 
  1791.650          87.795    850.000       0.337       1.817             8549.947               0.000               0.000           395171.285   1.00000 
  1792.650          87.702    850.000       0.317       1.707             8636.662               0.000               0.000           403807.947   1.00000 
  1793.650          87.607    850.000       0.297       1.597             8722.232               0.000               0.000           412530.179   1.00000 
  1794.650          87.513    850.000       0.277       1.486             8806.283               0.000               0.000           421336.462   1.00000 
  1795.650          87.417    850.000       0.257       1.375             8888.355               0.000               0.000           430224.817   1.00000 
  1796.650          87.321    850.000       0.237       1.263             8967.876               0.000               0.000           439192.693   1.00000 
  1797.650          87.224    850.000       0.216       1.151             9044.118               0.000               0.000           448236.811   1.00000 
  1798.650          87.126    850.000       0.195       1.038             9116.147               0.000               0.000           457352.958   1.00000 
  1799.650          87.028    850.000       0.174       0.924             9182.730               0.000               0.000           466535.688   1.00000 
  1800.650          86.929    850.000       0.153       0.811             9242.196               0.000               0.000           475777.884   1.00000 
  1801.650          86.829    850.000       0.132       0.697             9292.210               0.000               0.000           485070.094   1.00000 
  1802.650          86.728    850.000       0.111       0.583             9329.356               0.000               0.000           494399.450   1.00000 
  1803.650          86.626    850.000       0.089       0.470             9348.361               0.000               0.000           503747.811   1.00000 
  1804.650          86.524    850.000       0.068       0.357             9340.429               0.000               0.000           513088.240   1.00000 
  1805.650          86.421    850.000       0.047       0.245             9289.174               0.000               0.000           522377.413   1.00000 
  1806.650          86.317    850.000       0.026       0.135             9158.113               0.000               0.000           531535.526   1.00000 
  1807.650          86.214    850.000       0.006       0.030             8833.297               0.000               0.000           540368.823   1.00000 
  1808.650          86.113    850.000       0.000       0.000             7280.007               0.000               0.000           547648.830   1.00000 
