#_______________________________________________________________________________
#    ######   ####     ##             #####   #####     ##    #    #    ## 
#    #       #        #  #            #    #  #    #   #  #   ##  ##   #  #
#    #####    ####   ######           #    #  #####   ######  # ## #  ######
#    #            #  #    #           #    #  #    #  #    #  #    #  #    #
#____######__#####___#____#___________#####___#____#__#____#__#____#__#____#____
#
#              ESA Debris Risk Assessment and Mitigation Analysis
#
#                      ---- DRAMA ( SESAM 2.1.5 ) ----
#                                      ESA 2018
#
#                              aerothermal history file
#-------------------------------------------------------------------------------
# Filename      : sara.RSJD.3cecd9af-b84c-463a-9918-027600ab7a28_AeroThermalHistory.txt
# RunID         : sara
# ObjectID      : 3cecd9af-b84c-463a-9918-027600ab7a28
# ObjectName    : RSJD
# ReferenceArea : 0.066576 [m^2]
# Content       : This file contains the aerothermal data of the object,
#                 computed by the DRAMA 3 Re-entry Analysis.
# Documentation : DRAMA Software User Manual, section OPERATIONS MANUAL / Normal operation / SARA / SARA Simulation Output / Re-entry simulation output
# Note          : The convective heat and the integrated heat values in this file take into account the visibility factor
#
#-------------------------------------------------------------------------------------------------------------------------------------------------------------------
#  Time [s]  Altitude [km]   Temp [K]   Mass [kg]   Thick [mm]  Convective Heat [W]  Radiative Heat [W]  Oxidation Heat [W]  Integrated Heat [J] VisibilityFactor [-]
#-------------------------------------------------------------------------------------------------------------------------------------------------------------------
  1727.100          92.776    300.000       5.266       4.095            28122.260               0.000               0.000                0.000   1.00000 
  1727.200          92.770    300.606       5.266       4.095            28144.180               0.000               0.000             2814.418   1.00000 
  1727.650          92.740    303.340       5.266       4.095            28246.131               0.000               0.000            15525.177   1.00000 
  1728.650          92.672    309.457       5.266       4.095            28480.910               0.000               0.000            44006.087   1.00000 
  1729.650          92.605    315.611       5.266       4.095            28734.661               0.000               0.000            72740.748   1.00000 
  1730.650          92.537    321.801       5.266       4.095            28990.103               0.000               0.000           101730.850   1.00000 
  1731.650          92.469    328.027       5.266       4.095            29247.285               0.000               0.000           130978.135   1.00000 
  1732.650          92.401    334.288       5.266       4.095            29506.194               0.000               0.000           160484.329   1.00000 
  1733.650          92.333    340.585       5.266       4.095            29766.807               0.000               0.000           190251.136   1.00000 
  1734.650          92.264    346.918       5.266       4.095            30029.184               0.000               0.000           220280.320   1.00000 
  1735.650          92.196    353.287       5.266       4.095            30293.323               0.000               0.000           250573.643   1.00000 
  1736.650          92.127    359.690       5.266       4.095            30559.179               0.000               0.000           281132.823   1.00000 
  1737.650          92.058    366.125       5.266       4.095            30826.824               0.000               0.000           311959.647   1.00000 
  1738.650          91.989    372.591       5.266       4.095            31096.266               0.000               0.000           343055.913   1.00000 
  1739.650          91.919    379.087       5.266       4.095            31367.450               0.000               0.000           374423.363   1.00000 
  1740.650          91.850    385.609       5.266       4.095            31640.445               0.000               0.000           406063.808   1.00000 
  1741.650          91.780    392.157       5.266       4.095            31915.265               0.000               0.000           437979.073   1.00000 
  1742.650          91.710    398.731       5.266       4.095            32191.878               0.000               0.000           470170.951   1.00000 
  1743.650          91.640    405.328       5.266       4.095            32470.314               0.000               0.000           502641.265   1.00000 
  1744.650          91.570    411.948       5.266       4.095            32750.640               0.000               0.000           535391.905   1.00000 
  1745.650          91.499    418.591       5.266       4.095            33032.896               0.000               0.000           568424.801   1.00000 
  1746.650          91.429    425.260       5.266       4.095            33316.589               0.000               0.000           601741.389   1.00000 
  1747.650          91.358    431.956       5.266       4.095            33602.382               0.000               0.000           635343.771   1.00000 
  1748.650          91.287    438.680       5.266       4.095            33890.368               0.000               0.000           669234.139   1.00000 
  1749.650          91.215    445.417       5.266       4.095            34180.008               0.000               0.000           703414.147   1.00000 
  1750.650          91.144    452.163       5.266       4.095            34471.570               0.000               0.000           737885.717   1.00000 
  1751.650          91.072    458.920       5.266       4.095            34765.073               0.000               0.000           772650.790   1.00000 
  1752.650          91.000    465.648       5.266       4.095            35060.514               0.000               0.000           807711.304   1.00000 
  1753.650          90.928    472.343       5.266       4.095            35357.893               0.000               0.000           843069.196   1.00000 
  1754.650          90.856    479.007       5.266       4.095            35657.255               0.000               0.000           878726.452   1.00000 
  1755.650          90.783    485.583       5.266       4.095            35958.614               0.000               0.000           914685.066   1.00000 
  1756.650          90.710    492.073       5.266       4.095            36261.956               0.000               0.000           950947.022   1.00000 
  1757.650          90.637    498.480       5.266       4.095            36567.316               0.000               0.000           987514.338   1.00000 
  1758.650          90.564    504.856       5.266       4.095            36874.718               0.000               0.000          1024389.056   1.00000 
  1759.650          90.490    511.209       5.266       4.095            37184.176               0.000               0.000          1061573.232   1.00000 
  1760.650          90.417    517.539       5.266       4.095            37495.679               0.000               0.000          1099068.911   1.00000 
  1761.650          90.343    523.927       5.266       4.095            37809.363               0.000               0.000          1136878.274   1.00000 
  1762.650          90.268    530.404       5.266       4.095            38125.118               0.000               0.000          1175003.392   1.00000 
  1763.650          90.194    536.971       5.266       4.095            38442.795               0.000               0.000          1213446.187   1.00000 
  1764.650          90.119    543.648       5.266       4.095            38762.727               0.000               0.000          1252208.914   1.00000 
  1765.650          90.044    550.446       5.266       4.095            39084.822               0.000               0.000          1291293.736   1.00000 
  1766.650          89.969    557.372       5.266       4.095            39409.090               0.000               0.000          1330702.826   1.00000 
  1767.650          89.894    564.387       5.266       4.095            39735.545               0.000               0.000          1370438.371   1.00000 
  1768.650          89.818    571.468       5.266       4.095            40064.204               0.000               0.000          1410502.575   1.00000 
  1769.650          89.742    578.616       5.266       4.095            40395.081               0.000               0.000          1450897.656   1.00000 
  1770.650          89.666    585.748       5.266       4.095            40728.198               0.000               0.000          1491625.855   1.00000 
  1771.650          89.589    592.840       5.266       4.095            41063.585               0.000               0.000          1532689.439   1.00000 
  1772.650          89.512    599.894       5.266       4.095            41401.244               0.000               0.000          1574090.684   1.00000 
  1773.650          89.435    606.903       5.266       4.095            41741.205               0.000               0.000          1615831.888   1.00000 
  1774.650          89.358    613.868       5.266       4.095            42083.484               0.000               0.000          1657915.373   1.00000 
  1775.650          89.280    620.793       5.266       4.095            42428.102               0.000               0.000          1700343.474   1.00000 
  1776.650          89.203    627.681       5.266       4.095            42775.068               0.000               0.000          1743118.542   1.00000 
  1777.650          89.124    634.535       5.266       4.095            43124.282               0.000               0.000          1786242.824   1.00000 
  1778.650          89.046    641.355       5.266       4.095            43476.032               0.000               0.000          1829718.856   1.00000 
  1779.650          88.967    648.143       5.266       4.095            43830.282               0.000               0.000          1873549.139   1.00000 
  1780.650          88.888    654.899       5.266       4.095            44186.853               0.000               0.000          1917735.992   1.00000 
  1781.650          88.809    661.628       5.266       4.095            44545.866               0.000               0.000          1962281.858   1.00000 
  1782.650          88.730    668.335       5.266       4.095            44907.343               0.000               0.000          2007189.201   1.00000 
  1783.650          88.650    675.022       5.266       4.095            45271.301               0.000               0.000          2052460.502   1.00000 
  1784.650          88.569    681.692       5.266       4.095            45637.759               0.000               0.000          2098098.261   1.00000 
  1785.650          88.489    688.359       5.266       4.095            46006.735               0.000               0.000          2144104.996   1.00000 
  1786.650          88.408    695.023       5.266       4.095            46378.240               0.000               0.000          2190483.236   1.00000 
  1787.650          88.327    701.697       5.266       4.095            46752.296               0.000               0.000          2237235.533   1.00000 
  1788.650          88.246    708.418       5.266       4.095            47128.923               0.000               0.000          2284364.456   1.00000 
  1789.650          88.164    715.184       5.266       4.095            47508.138               0.000               0.000          2331872.594   1.00000 
  1790.650          88.082    722.087       5.266       4.095            47889.961               0.000               0.000          2379762.555   1.00000 
  1791.650          87.999    729.345       5.266       4.095            48274.403               0.000               0.000          2428036.958   1.00000 
  1792.650          87.917    737.010       5.266       4.095            48661.484               0.000               0.000          2476698.443   1.00000 
  1793.650          87.834    744.963       5.266       4.095            49051.228               0.000               0.000          2525749.671   1.00000 
  1794.650          87.750    753.058       5.266       4.095            49443.656               0.000               0.000          2575193.327   1.00000 
  1795.650          87.667    761.298       5.266       4.095            49838.790               0.000               0.000          2625032.118   1.00000 
  1796.650          87.583    769.580       5.266       4.095            50236.652               0.000               0.000          2675268.770   1.00000 
  1797.650          87.498    777.906       5.266       4.095            50637.257               0.000               0.000          2725906.027   1.00000 
  1798.650          87.413    786.259       5.266       4.095            51040.633               0.000               0.000          2776946.660   1.00000 
  1799.650          87.328    794.627       5.266       4.095            51446.813               0.000               0.000          2828393.473   1.00000 
  1800.650          87.243    803.010       5.266       4.095            51855.827               0.000               0.000          2880249.300   1.00000 
  1801.650          87.157    811.405       5.266       4.095            52267.706               0.000               0.000          2932517.006   1.00000 
  1802.650          87.071    819.811       5.266       4.095            52682.486               0.000               0.000          2985199.491   1.00000 
  1803.650          86.984    828.225       5.266       4.095            53100.203               0.000               0.000          3038299.694   1.00000 
  1804.650          86.897    836.645       5.266       4.095            53520.898               0.000               0.000          3091820.593   1.00000 
  1805.650          86.810    845.028       5.266       4.095            53944.624               0.000               0.000          3145765.217   1.00000 
  1806.650          86.722    850.000       5.217       4.056            54371.435               0.000               0.000          3200136.653   1.00000 
  1807.650          86.634    850.000       5.094       3.957            54801.175               0.000               0.000          3254937.827   1.00000 
  1808.650          86.546    850.000       4.970       3.858            55233.520               0.000               0.000          3310171.348   1.00000 
  1809.650          86.457    850.000       4.845       3.758            55668.442               0.000               0.000          3365839.789   1.00000 
  1810.650          86.368    850.000       4.718       3.657            56105.956               0.000               0.000          3421945.746   1.00000 
  1811.650          86.278    850.000       4.591       3.555            56546.087               0.000               0.000          3478491.833   1.00000 
  1812.650          86.188    850.000       4.462       3.453            56988.861               0.000               0.000          3535480.694   1.00000 
  1813.650          86.098    850.000       4.333       3.350            57434.362               0.000               0.000          3592915.056   1.00000 
  1814.650          86.007    850.000       4.202       3.247            57882.607               0.000               0.000          3650797.663   1.00000 
  1815.650          85.916    850.000       4.070       3.142            58305.153               0.000               0.000          3709102.816   1.00000 
  1816.650          85.824    850.000       3.937       3.037            58724.321               0.000               0.000          3767827.137   1.00000 
  1817.650          85.732    850.000       3.803       2.932            59145.702               0.000               0.000          3826972.839   1.00000 
  1818.650          85.639    850.000       3.668       2.825            59568.309               0.000               0.000          3886541.148   1.00000 
  1819.650          85.546    850.000       3.532       2.718            59992.088               0.000               0.000          3946533.236   1.00000 
  1820.650          85.453    850.000       3.395       2.611            60416.871               0.000               0.000          4006950.107   1.00000 
  1821.650          85.359    850.000       3.257       2.502            60842.525               0.000               0.000          4067792.632   1.00000 
  1822.650          85.265    850.000       3.118       2.393            61269.140               0.000               0.000          4129061.772   1.00000 
  1823.650          85.170    850.000       2.977       2.284            61696.410               0.000               0.000          4190758.182   1.00000 
  1824.650          85.075    850.000       2.836       2.173            62124.252               0.000               0.000          4252882.434   1.00000 
  1825.650          84.979    850.000       2.693       2.063            62552.519               0.000               0.000          4315434.953   1.00000 
  1826.650          84.883    850.000       2.550       1.951            62981.049               0.000               0.000          4378416.002   1.00000 
  1827.650          84.786    850.000       2.405       1.839            63409.664               0.000               0.000          4441825.666   1.00000 
  1828.650          84.689    850.000       2.260       1.726            63838.165               0.000               0.000          4505663.830   1.00000 
  1829.650          84.591    850.000       2.113       1.612            64266.454               0.000               0.000          4569930.284   1.00000 
  1830.650          84.493    850.000       1.965       1.498            64693.957               0.000               0.000          4634624.241   1.00000 
  1831.650          84.394    850.000       1.816       1.384            65120.751               0.000               0.000          4699744.992   1.00000 
  1832.650          84.295    850.000       1.666       1.268            65546.449               0.000               0.000          4765291.441   1.00000 
  1833.650          84.195    850.000       1.515       1.152            65970.725               0.000               0.000          4831262.165   1.00000 
  1834.650          84.095    850.000       1.363       1.036            66393.378               0.000               0.000          4897655.543   1.00000 
  1835.650          83.994    850.000       1.210       0.919            66813.573               0.000               0.000          4964469.116   1.00000 
  1836.650          83.893    850.000       1.056       0.801            67231.294               0.000               0.000          5031700.410   1.00000 
  1837.650          83.791    850.000       0.901       0.683            67645.938               0.000               0.000          5099346.348   1.00000 
  1838.650          83.689    850.000       0.744       0.564            68056.950               0.000               0.000          5167403.298   1.00000 
  1839.650          83.586    850.000       0.587       0.444            68463.713               0.000               0.000          5235867.011   1.00000 
  1840.650          83.482    850.000       0.429       0.324            68865.492               0.000               0.000          5304732.503   1.00000 
  1841.650          83.378    850.000       0.270       0.204            69261.681               0.000               0.000          5373994.184   1.00000 
  1842.650          83.273    850.000       0.109       0.083            69651.258               0.000               0.000          5443645.443   1.00000 
  1843.650          83.168    850.000       0.000       0.000            70033.289               0.000               0.000          5513678.731   1.00000 
