#_______________________________________________________________________________
#    ######   ####     ##             #####   #####     ##    #    #    ##
#    #       #        #  #            #    #  #    #   #  #   ##  ##   #  #
#    #####    ####   ######           #    #  #####   ######  # ## #  ######
#    #            #  #    #           #    #  #    #  #    #  #    #  #    #
#____######__#####___#____#___________#####___#____#__#____#__#____#__#____#____
#
#              ESA Debris Risk Assessment and Mitigation Analysis
#
#                      ---- DRAMA ( SESAM 2.1.5 ) ----
#                                      ESA 2018 
#
#                              trajectory history file
#-------------------------------------------------------------------------------
# Filename      : sara.DPU-SEM.bd7f8fe5-b32a-460c-b396-4790d4115078_Trajectory.txt
# RunID         : sara
# ObjectID      : bd7f8fe5-b32a-460c-b396-4790d4115078
# ObjectName    : DPU-SEM
# Content       : This file contains the trajectory state data of the object,
#                 computed by the DRAMA 3 Re-entry Analysis.
# Documentation : DRAMA Software User Manual, section OPERATIONS MANUAL / Normal operation / SARA / SARA Simulation Output / Re-entry simulation output
#
#--------------------------------------------------------------------------------------------------------------------------------------------------------------------------------------------
#  Time [s]  Altitude [km]  Lat [deg]  Lon [deg]  Velocity [km/s]   Downrange [km]       Drag       Lift       Side    Knudsen       Mach  Flight Path [deg]  Heading [deg]  Density [kg/m^2]
#--------------------------------------------------------------------------------------------------------------------------------------------------------------------------------------------
  1866.200          81.264      5.407   -127.642            7.175        13478.840      2.754      0.000      0.000    0.02442   25.56068           -0.83828       80.85496         1.510e-05 
  1866.300          81.254      5.408   -127.636            7.174        13479.549      2.753      0.000      0.000    0.02438   25.55705           -0.83871       80.85564         1.512e-05 
  1866.750          81.206      5.413   -127.607            7.171        13482.736      2.751      0.000      0.000    0.02422   25.54018           -0.84066       80.85868         1.522e-05 
  1867.750          81.101      5.423   -127.544            7.163        13489.813      2.747      0.000      0.000    0.02384   25.50129           -0.84509       80.86544         1.547e-05 
  1868.750          80.995      5.433   -127.481            7.155        13496.882      2.742      0.000      0.000    0.02344   25.45917           -0.84968       80.87220         1.573e-05 
  1869.750          80.889      5.443   -127.418            7.147        13503.944      2.738      0.000      0.000    0.02305   25.41668           -0.85443       80.87897         1.600e-05 
  1870.750          80.782      5.453   -127.356            7.139        13510.997      2.734      0.000      0.000    0.02266   25.37381           -0.85933       80.88575         1.627e-05 
  1871.750          80.675      5.463   -127.293            7.130        13518.043      2.730      0.000      0.000    0.02228   25.33055           -0.86440       80.89253         1.655e-05 
  1872.750          80.567      5.473   -127.230            7.122        13525.081      2.726      0.000      0.000    0.02190   25.28689           -0.86964       80.89932         1.684e-05 
  1873.750          80.459      5.483   -127.168            7.114        13532.110      2.722      0.000      0.000    0.02153   25.24282           -0.87504       80.90612         1.713e-05 
  1874.750          80.350      5.494   -127.105            7.105        13539.131      2.718      0.000      0.000    0.02116   25.19834           -0.88062       80.91292         1.743e-05 
  1875.750          80.240      5.504   -127.043            7.096        13546.143      2.715      0.000      0.000    0.02079   25.15344           -0.88636       80.91972         1.773e-05 
  1876.750          80.130      5.514   -126.980            7.087        13553.147      2.711      0.000      0.000    0.02044   25.10811           -0.89228       80.92653         1.804e-05 
  1877.750          80.019      5.523   -126.918            7.078        13560.142      2.708      0.000      0.000    0.02008   25.06232           -0.89838       80.93335         1.836e-05 
  1878.750          79.908      5.533   -126.856            7.069        13567.128      2.705      0.000      0.000    0.01973   25.01611           -0.90466       80.94017         1.869e-05 
  1879.750          79.796      5.543   -126.793            7.060        13574.106      2.702      0.000      0.000    0.01939   24.96943           -0.91112       80.94700         1.902e-05 
  1880.750          79.684      5.553   -126.731            7.051        13581.074      2.699      0.000      0.000    0.01905   24.92228           -0.91777       80.95383         1.936e-05 
  1881.750          79.570      5.563   -126.669            7.041        13588.033      2.696      0.000      0.000    0.01871   24.87464           -0.92460       80.96066         1.971e-05 
  1882.750          79.456      5.573   -126.607            7.031        13594.983      2.694      0.000      0.000    0.01838   24.82652           -0.93163       80.96750         2.006e-05 
  1883.750          79.342      5.583   -126.545            7.022        13601.923      2.691      0.000      0.000    0.01805   24.77789           -0.93886       80.97435         2.043e-05 
  1884.750          79.226      5.593   -126.484            7.012        13608.853      2.689      0.000      0.000    0.01773   24.72875           -0.94628       80.98119         2.080e-05 
  1885.750          79.110      5.603   -126.422            7.002        13615.774      2.687      0.000      0.000    0.01741   24.67909           -0.95390       80.98805         2.118e-05 
  1886.750          78.993      5.612   -126.360            6.991        13622.685      2.685      0.000      0.000    0.01709   24.62889           -0.96173       80.99490         2.157e-05 
  1887.750          78.875      5.622   -126.299            6.981        13629.586      2.683      0.000      0.000    0.01678   24.57814           -0.96977       81.00176         2.197e-05 
  1888.750          78.757      5.632   -126.237            6.970        13636.476      2.681      0.000      0.000    0.01647   24.52627           -0.97802       81.00862         2.238e-05 
  1889.750          78.637      5.642   -126.176            6.959        13643.356      2.679      0.000      0.000    0.01617   24.47143           -0.98649       81.01549         2.280e-05 
  1890.750          78.517      5.651   -126.115            6.946        13650.224      2.678      0.000      0.000    0.01587   24.41293           -0.99521       81.02235         2.324e-05 
  1891.750          78.396      5.661   -126.054            6.932        13657.078      2.676      0.000      0.000    0.01557   24.35018           -1.00421       81.02922         2.368e-05 
  1892.750          78.274      5.671   -125.993            6.917        13663.919      2.675      0.000      0.000    0.01528   24.28246           -1.01350       81.03608         2.413e-05 
  1893.750          78.151      5.680   -125.932            6.900        13670.743      2.674      0.000      0.000    0.01499   24.20882           -1.02312       81.04294         2.459e-05 
  1894.750          78.028      5.690   -125.871            6.881        13677.550      2.672      0.000      0.000    0.01471   24.12801           -1.03311       81.04980         2.507e-05 
  1895.750          77.903      5.699   -125.811            6.859        13684.336      2.671      0.000      0.000    0.01443   24.03837           -1.04352       81.05665         2.556e-05 
  1896.750          77.778      5.709   -125.750            6.834        13691.100      2.670      0.000      0.000    0.01415   23.93761           -1.05441       81.06349         2.606e-05 
  1897.750          77.652      5.718   -125.690            6.805        13697.837      2.669      0.000      0.000    0.01388   23.82239           -1.06586       81.07032         2.657e-05 
  1898.750          77.525      5.728   -125.631            6.769        13704.542      2.669      0.000      0.000    0.01361   23.68767           -1.07798       81.07713         2.710e-05 
  1899.750          77.397      5.737   -125.571            6.726        13711.208      2.668      0.000      0.000    0.01334   23.52522           -1.09091       81.08391         2.763e-05 
  1900.750          77.269      5.746   -125.512            6.670        13717.826      2.667      0.000      0.000    0.01308   23.32038           -1.10489       81.09066         2.819e-05 
  1901.750          77.140      5.755   -125.454            6.592        13724.377      2.667      0.000      0.000    0.01283   23.04283           -1.12029       81.09735         2.875e-05 
