#_______________________________________________________________________________
#    ######   ####     ##             #####   #####     ##    #    #    ## 
#    #       #        #  #            #    #  #    #   #  #   ##  ##   #  #
#    #####    ####   ######           #    #  #####   ######  # ## #  ######
#    #            #  #    #           #    #  #    #  #    #  #    #  #    #
#____######__#####___#____#___________#####___#____#__#____#__#____#__#____#____
#
#              ESA Debris Risk Assessment and Mitigation Analysis
#
#                      ---- DRAMA ( SESAM 2.1.5 ) ----
#                                      ESA 2018
#
#                              aerothermal history file
#-------------------------------------------------------------------------------
# Filename      : sara.SSD1.1c6e2a4b-455a-40f6-847c-93a50aad2901_AeroThermalHistory.txt
# RunID         : sara
# ObjectID      : 1c6e2a4b-455a-40f6-847c-93a50aad2901
# ObjectName    : SSD1
# ReferenceArea : 0.005917 [m^2]
# Content       : This file contains the aerothermal data of the object,
#                 computed by the DRAMA 3 Re-entry Analysis.
# Documentation : DRAMA Software User Manual, section OPERATIONS MANUAL / Normal operation / SARA / SARA Simulation Output / Re-entry simulation output
# Note          : The convective heat and the integrated heat values in this file take into account the visibility factor
#
#-------------------------------------------------------------------------------------------------------------------------------------------------------------------
#  Time [s]  Altitude [km]   Temp [K]   Mass [kg]   Thick [mm]  Convective Heat [W]  Radiative Heat [W]  Oxidation Heat [W]  Integrated Heat [J] VisibilityFactor [-]
#-------------------------------------------------------------------------------------------------------------------------------------------------------------------
  1727.100          92.776    300.000       0.330       2.850             2387.130               0.000               0.000                0.000   1.00000 
  1727.200          92.770    300.820       0.330       2.850             2389.812               0.000               0.000              238.981   1.00000 
  1727.650          92.740    304.529       0.330       2.850             2402.298               0.000               0.000             1320.015   1.00000 
  1728.650          92.672    312.856       0.330       2.850             2431.134               0.000               0.000             3751.149   1.00000 
  1729.650          92.605    321.254       0.330       2.850             2462.429               0.000               0.000             6213.579   1.00000 
  1730.650          92.537    329.726       0.330       2.850             2494.069               0.000               0.000             8707.648   1.00000 
  1731.650          92.469    338.269       0.330       2.850             2526.064               0.000               0.000            11233.712   1.00000 
  1732.650          92.401    346.886       0.330       2.850             2558.416               0.000               0.000            13792.128   1.00000 
  1733.650          92.333    355.575       0.330       2.850             2591.126               0.000               0.000            16383.254   1.00000 
  1734.650          92.264    364.334       0.330       2.850             2624.207               0.000               0.000            19007.461   1.00000 
  1735.650          92.196    373.156       0.330       2.850             2657.661               0.000               0.000            21665.122   1.00000 
  1736.650          92.127    382.043       0.330       2.850             2691.489               0.000               0.000            24356.611   1.00000 
  1737.650          92.058    390.985       0.330       2.850             2725.703               0.000               0.000            27082.315   1.00000 
  1738.650          91.989    399.981       0.330       2.850             2760.309               0.000               0.000            29842.624   1.00000 
  1739.650          91.919    409.029       0.330       2.850             2795.306               0.000               0.000            32637.930   1.00000 
  1740.650          91.850    418.126       0.330       2.850             2830.705               0.000               0.000            35468.635   1.00000 
  1741.650          91.780    427.278       0.330       2.850             2866.516               0.000               0.000            38335.151   1.00000 
  1742.650          91.709    436.489       0.330       2.850             2902.738               0.000               0.000            41237.888   1.00000 
  1743.650          91.639    445.746       0.330       2.850             2939.380               0.000               0.000            44177.268   1.00000 
  1744.650          91.568    455.029       0.330       2.850             2976.455               0.000               0.000            47153.723   1.00000 
  1745.650          91.497    464.321       0.330       2.850             3013.973               0.000               0.000            50167.696   1.00000 
  1746.650          91.426    473.557       0.330       2.850             3051.891               0.000               0.000            53219.587   1.00000 
  1747.650          91.354    482.732       0.330       2.850             3090.284               0.000               0.000            56309.871   1.00000 
  1748.650          91.282    491.740       0.330       2.850             3129.158               0.000               0.000            59439.029   1.00000 
  1749.650          91.210    500.598       0.330       2.850             3168.475               0.000               0.000            62607.504   1.00000 
  1750.650          91.137    509.402       0.330       2.850             3208.264               0.000               0.000            65815.768   1.00000 
  1751.650          91.064    518.171       0.330       2.850             3248.536               0.000               0.000            69064.304   1.00000 
  1752.650          90.991    527.030       0.330       2.850             3289.297               0.000               0.000            72353.601   1.00000 
  1753.650          90.918    536.069       0.330       2.850             3330.551               0.000               0.000            75684.152   1.00000 
  1754.650          90.844    545.309       0.330       2.850             3372.312               0.000               0.000            79056.465   1.00000 
  1755.650          90.769    554.794       0.330       2.850             3414.589               0.000               0.000            82471.054   1.00000 
  1756.650          90.695    564.512       0.330       2.850             3457.389               0.000               0.000            85928.442   1.00000 
  1757.650          90.620    574.367       0.330       2.850             3500.719               0.000               0.000            89429.161   1.00000 
  1758.650          90.544    584.333       0.330       2.850             3544.591               0.000               0.000            92973.753   1.00000 
  1759.650          90.468    594.230       0.330       2.850             3589.015               0.000               0.000            96562.768   1.00000 
  1760.650          90.392    604.061       0.330       2.850             3634.000               0.000               0.000           100196.768   1.00000 
  1761.650          90.315    613.814       0.330       2.850             3679.567               0.000               0.000           103876.335   1.00000 
  1762.650          90.238    623.495       0.330       2.850             3725.696               0.000               0.000           107602.030   1.00000 
  1763.650          90.160    633.115       0.330       2.850             3772.411               0.000               0.000           111374.441   1.00000 
  1764.650          90.082    642.679       0.330       2.850             3819.736               0.000               0.000           115194.177   1.00000 
  1765.650          90.004    652.188       0.330       2.850             3867.670               0.000               0.000           119061.847   1.00000 
  1766.650          89.925    661.647       0.330       2.850             3916.225               0.000               0.000           122978.073   1.00000 
  1767.650          89.845    671.071       0.330       2.850             3965.413               0.000               0.000           126943.485   1.00000 
  1768.650          89.765    680.465       0.330       2.850             4015.242               0.000               0.000           130958.727   1.00000 
  1769.650          89.685    689.854       0.330       2.850             4065.723               0.000               0.000           135024.449   1.00000 
  1770.650          89.604    699.246       0.330       2.850             4116.868               0.000               0.000           139141.317   1.00000 
  1771.650          89.522    708.707       0.330       2.850             4168.688               0.000               0.000           143310.005   1.00000 
  1772.650          89.440    718.270       0.330       2.850             4221.194               0.000               0.000           147531.199   1.00000 
  1773.650          89.358    728.255       0.330       2.850             4274.396               0.000               0.000           151805.595   1.00000 
  1774.650          89.275    739.021       0.330       2.850             4328.307               0.000               0.000           156133.902   1.00000 
  1775.650          89.191    750.352       0.330       2.850             4382.936               0.000               0.000           160516.837   1.00000 
  1776.650          89.107    761.983       0.330       2.850             4438.279               0.000               0.000           164955.116   1.00000 
  1777.650          89.022    773.764       0.330       2.850             4494.389               0.000               0.000           169449.505   1.00000 
  1778.650          88.936    785.642       0.330       2.850             4551.249               0.000               0.000           174000.754   1.00000 
  1779.650          88.850    797.567       0.330       2.850             4608.865               0.000               0.000           178609.619   1.00000 
  1780.650          88.764    809.534       0.330       2.850             4667.255               0.000               0.000           183276.874   1.00000 
  1781.650          88.677    821.541       0.330       2.850             4726.431               0.000               0.000           188003.305   1.00000 
  1782.650          88.589    833.579       0.330       2.850             4786.402               0.000               0.000           192789.707   1.00000 
  1783.650          88.500    845.635       0.330       2.850             4847.181               0.000               0.000           197636.888   1.00000 
  1784.650          88.411    850.000       0.323       2.785             4908.776               0.000               0.000           202545.665   1.00000 
  1785.650          88.321    850.000       0.312       2.683             4970.978               0.000               0.000           207516.642   1.00000 
  1786.650          88.230    850.000       0.301       2.579             5033.591               0.000               0.000           212550.233   1.00000 
  1787.650          88.139    850.000       0.289       2.475             5096.543               0.000               0.000           217646.776   1.00000 
  1788.650          88.047    850.000       0.278       2.370             5159.767               0.000               0.000           222806.543   1.00000 
  1789.650          87.954    850.000       0.266       2.263             5223.185               0.000               0.000           228029.729   1.00000 
  1790.650          87.861    850.000       0.254       2.156             5286.707               0.000               0.000           233316.435   1.00000 
  1791.650          87.767    850.000       0.242       2.049             5350.223               0.000               0.000           238666.658   1.00000 
  1792.650          87.672    850.000       0.230       1.940             5413.606               0.000               0.000           244080.265   1.00000 
  1793.650          87.577    850.000       0.217       1.830             5476.704               0.000               0.000           249556.968   1.00000 
  1794.650          87.480    850.000       0.205       1.720             5539.333               0.000               0.000           255096.302   1.00000 
  1795.650          87.383    850.000       0.192       1.609             5601.273               0.000               0.000           260697.574   1.00000 
  1796.650          87.285    850.000       0.179       1.497             5662.253               0.000               0.000           266359.828   1.00000 
  1797.650          87.186    850.000       0.166       1.385             5721.943               0.000               0.000           272081.771   1.00000 
  1798.650          87.087    850.000       0.153       1.272             5779.926               0.000               0.000           277861.697   1.00000 
  1799.650          86.987    850.000       0.140       1.158             5835.677               0.000               0.000           283697.374   1.00000 
  1800.650          86.886    850.000       0.126       1.044             5888.518               0.000               0.000           289585.892   1.00000 
  1801.650          86.784    850.000       0.113       0.930             5937.553               0.000               0.000           295523.445   1.00000 
  1802.650          86.681    850.000       0.099       0.815             5981.570               0.000               0.000           301505.016   1.00000 
  1803.650          86.577    850.000       0.085       0.700             6018.869               0.000               0.000           307523.884   1.00000 
  1804.650          86.472    850.000       0.072       0.585             6046.966               0.000               0.000           313570.851   1.00000 
  1805.650          86.367    850.000       0.058       0.470             6062.025               0.000               0.000           319632.876   1.00000 
  1806.650          86.261    850.000       0.044       0.356             6057.645               0.000               0.000           325690.521   1.00000 
  1807.650          86.154    850.000       0.030       0.244             6021.900               0.000               0.000           331712.421   1.00000 
  1808.650          86.047    850.000       0.017       0.134             5928.240               0.000               0.000           337640.661   1.00000 
  1809.650          85.939    850.000       0.004       0.029             5690.974               0.000               0.000           343331.635   1.00000 
  1810.650          85.835    850.000       0.000       0.000             4553.592               0.000               0.000           347885.226   1.00000 
