#_______________________________________________________________________________
#    ######   ####     ##             #####   #####     ##    #    #    ## 
#    #       #        #  #            #    #  #    #   #  #   ##  ##   #  #
#    #####    ####   ######           #    #  #####   ######  # ## #  ######
#    #            #  #    #           #    #  #    #  #    #  #    #  #    #
#____######__#####___#____#___________#####___#____#__#____#__#____#__#____#____
#
#              ESA Debris Risk Assessment and Mitigation Analysis
#
#                      ---- DRAMA ( SESAM 2.1.5 ) ----
#                                      ESA 2018
#
#                              aerothermal history file
#-------------------------------------------------------------------------------
# Filename      : sara.SADM1.f7acf7c6-ccd2-4fc7-a596-8e3599a1dcc5_AeroThermalHistory.txt
# RunID         : sara
# ObjectID      : f7acf7c6-ccd2-4fc7-a596-8e3599a1dcc5
# ObjectName    : SADM1
# ReferenceArea : 0.087468 [m^2]
# Content       : This file contains the aerothermal data of the object,
#                 computed by the DRAMA 3 Re-entry Analysis.
# Documentation : DRAMA Software User Manual, section OPERATIONS MANUAL / Normal operation / SARA / SARA Simulation Output / Re-entry simulation output
# Note          : The convective heat and the integrated heat values in this file take into account the visibility factor
#
#-------------------------------------------------------------------------------------------------------------------------------------------------------------------
#  Time [s]  Altitude [km]   Temp [K]   Mass [kg]   Thick [mm]  Convective Heat [W]  Radiative Heat [W]  Oxidation Heat [W]  Integrated Heat [J] VisibilityFactor [-]
#-------------------------------------------------------------------------------------------------------------------------------------------------------------------
  1727.100          92.776    300.000       4.440       4.113            23543.724               0.000               0.000                0.000   1.00000 
  1727.200          92.770    300.601       4.440       4.113            23562.807               0.000               0.000             2356.281   1.00000 
  1727.650          92.740    303.316       4.440       4.113            23651.568               0.000               0.000            12999.486   1.00000 
  1728.650          92.672    309.394       4.440       4.113            23856.034               0.000               0.000            36855.521   1.00000 
  1729.650          92.605    315.510       4.440       4.113            24077.118               0.000               0.000            60932.639   1.00000 
  1730.650          92.537    321.664       4.440       4.113            24299.772               0.000               0.000            85232.411   1.00000 
  1731.650          92.469    327.855       4.440       4.113            24524.041               0.000               0.000           109756.452   1.00000 
  1732.650          92.401    334.085       4.440       4.113            24749.914               0.000               0.000           134506.366   1.00000 
  1733.650          92.333    340.353       4.440       4.113            24977.373               0.000               0.000           159483.739   1.00000 
  1734.650          92.264    346.658       4.440       4.113            25206.469               0.000               0.000           184690.208   1.00000 
  1735.650          92.196    353.001       4.440       4.113            25437.201               0.000               0.000           210127.410   1.00000 
  1736.650          92.127    359.382       4.440       4.113            25669.534               0.000               0.000           235796.943   1.00000 
  1737.650          92.058    365.796       4.440       4.113            25903.527               0.000               0.000           261700.471   1.00000 
  1738.650          91.989    372.243       4.440       4.113            26139.190               0.000               0.000           287839.661   1.00000 
  1739.650          91.919    378.724       4.440       4.113            26376.476               0.000               0.000           314216.137   1.00000 
  1740.650          91.850    385.233       4.440       4.113            26615.445               0.000               0.000           340831.581   1.00000 
  1741.650          91.780    391.770       4.440       4.113            26856.110               0.000               0.000           367687.691   1.00000 
  1742.650          91.710    398.335       4.440       4.113            27098.444               0.000               0.000           394786.135   1.00000 
  1743.650          91.640    404.926       4.440       4.113            27342.474               0.000               0.000           422128.609   1.00000 
  1744.650          91.570    411.542       4.440       4.113            27588.258               0.000               0.000           449716.866   1.00000 
  1745.650          91.500    418.183       4.440       4.113            27835.829               0.000               0.000           477552.696   1.00000 
  1746.650          91.429    424.852       4.440       4.113            28084.774               0.000               0.000           505637.470   1.00000 
  1747.650          91.358    431.552       4.440       4.113            28335.652               0.000               0.000           533973.122   1.00000 
  1748.650          91.287    438.281       4.440       4.113            28588.544               0.000               0.000           562561.666   1.00000 
  1749.650          91.216    445.026       4.440       4.113            28842.995               0.000               0.000           591404.660   1.00000 
  1750.650          91.144    451.784       4.440       4.113            29099.231               0.000               0.000           620503.891   1.00000 
  1751.650          91.072    458.554       4.440       4.113            29357.271               0.000               0.000           649861.162   1.00000 
  1752.650          91.000    465.300       4.440       4.113            29617.112               0.000               0.000           679478.274   1.00000 
  1753.650          90.928    472.015       4.440       4.113            29878.756               0.000               0.000           709357.030   1.00000 
  1754.650          90.856    478.701       4.440       4.113            30142.242               0.000               0.000           739499.272   1.00000 
  1755.650          90.783    485.304       4.440       4.113            30407.581               0.000               0.000           769906.853   1.00000 
  1756.650          90.710    491.821       4.440       4.113            30674.764               0.000               0.000           800581.618   1.00000 
  1757.650          90.637    498.258       4.440       4.113            30943.821               0.000               0.000           831525.439   1.00000 
  1758.650          90.564    504.663       4.440       4.113            31214.773               0.000               0.000           862740.211   1.00000 
  1759.650          90.491    511.046       4.440       4.113            31487.632               0.000               0.000           894227.844   1.00000 
  1760.650          90.417    517.409       4.440       4.113            31762.390               0.000               0.000           925990.234   1.00000 
  1761.650          90.343    523.829       4.440       4.113            32039.163               0.000               0.000           958029.397   1.00000 
  1762.650          90.269    530.341       4.440       4.113            32317.861               0.000               0.000           990347.257   1.00000 
  1763.650          90.194    536.947       4.440       4.113            32598.354               0.000               0.000          1022945.611   1.00000 
  1764.650          90.120    543.665       4.440       4.113            32880.927               0.000               0.000          1055826.538   1.00000 
  1765.650          90.045    550.509       4.440       4.113            33165.503               0.000               0.000          1088992.041   1.00000 
  1766.650          89.970    557.483       4.440       4.113            33452.091               0.000               0.000          1122444.132   1.00000 
  1767.650          89.894    564.550       4.440       4.113            33740.704               0.000               0.000          1156184.836   1.00000 
  1768.650          89.818    571.686       4.440       4.113            34031.356               0.000               0.000          1190216.192   1.00000 
  1769.650          89.743    578.892       4.440       4.113            34324.060               0.000               0.000          1224540.252   1.00000 
  1770.650          89.666    586.080       4.440       4.113            34618.836               0.000               0.000          1259159.088   1.00000 
  1771.650          89.590    593.229       4.440       4.113            34915.707               0.000               0.000          1294074.796   1.00000 
  1772.650          89.513    600.343       4.440       4.113            35214.679               0.000               0.000          1329289.475   1.00000 
  1773.650          89.436    607.412       4.440       4.113            35515.775               0.000               0.000          1364805.250   1.00000 
  1774.650          89.359    614.439       4.440       4.113            35819.011               0.000               0.000          1400624.260   1.00000 
  1775.650          89.281    621.426       4.440       4.113            36124.402               0.000               0.000          1436748.662   1.00000 
  1776.650          89.204    628.379       4.440       4.113            36431.959               0.000               0.000          1473180.621   1.00000 
  1777.650          89.126    635.299       4.440       4.113            36741.597               0.000               0.000          1509922.218   1.00000 
  1778.650          89.047    642.186       4.440       4.113            37053.555               0.000               0.000          1546975.773   1.00000 
  1779.650          88.969    649.043       4.440       4.113            37367.813               0.000               0.000          1584343.587   1.00000 
  1780.650          88.890    655.869       4.440       4.113            37684.211               0.000               0.000          1622027.797   1.00000 
  1781.650          88.811    662.671       4.440       4.113            38002.853               0.000               0.000          1660030.650   1.00000 
  1782.650          88.731    669.452       4.440       4.113            38323.758               0.000               0.000          1698354.409   1.00000 
  1783.650          88.651    676.213       4.440       4.113            38646.942               0.000               0.000          1737001.351   1.00000 
  1784.650          88.571    682.964       4.440       4.113            38972.418               0.000               0.000          1775973.769   1.00000 
  1785.650          88.491    689.712       4.440       4.113            39300.202               0.000               0.000          1815273.971   1.00000 
  1786.650          88.410    696.459       4.440       4.113            39630.303               0.000               0.000          1854904.274   1.00000 
  1787.650          88.329    703.229       4.440       4.113            39962.740               0.000               0.000          1894867.014   1.00000 
  1788.650          88.248    710.048       4.440       4.113            40297.527               0.000               0.000          1935164.541   1.00000 
  1789.650          88.166    716.915       4.440       4.113            40634.680               0.000               0.000          1975799.221   1.00000 
  1790.650          88.084    724.000       4.440       4.113            40974.214               0.000               0.000          2016773.434   1.00000 
  1791.650          88.002    731.464       4.440       4.113            41316.136               0.000               0.000          2058089.571   1.00000 
  1792.650          87.920    739.364       4.440       4.113            41660.465               0.000               0.000          2099750.036   1.00000 
  1793.650          87.837    747.474       4.440       4.113            42007.219               0.000               0.000          2141757.255   1.00000 
  1794.650          87.753    755.733       4.440       4.113            42356.415               0.000               0.000          2184113.670   1.00000 
  1795.650          87.670    764.109       4.440       4.113            42708.069               0.000               0.000          2226821.739   1.00000 
  1796.650          87.586    772.533       4.440       4.113            43062.200               0.000               0.000          2269883.939   1.00000 
  1797.650          87.502    781.002       4.440       4.113            43418.816               0.000               0.000          2313302.756   1.00000 
  1798.650          87.417    789.492       4.440       4.113            43777.945               0.000               0.000          2357080.700   1.00000 
  1799.650          87.332    797.999       4.440       4.113            44139.609               0.000               0.000          2401220.310   1.00000 
  1800.650          87.247    806.522       4.440       4.113            44503.834               0.000               0.000          2445724.144   1.00000 
  1801.650          87.161    815.060       4.440       4.113            44870.644               0.000               0.000          2490594.788   1.00000 
  1802.650          87.075    823.610       4.440       4.113            45240.067               0.000               0.000          2535834.855   1.00000 
  1803.650          86.989    832.169       4.440       4.113            45612.133               0.000               0.000          2581446.988   1.00000 
  1804.650          86.902    840.737       4.440       4.113            45986.873               0.000               0.000          2627433.862   1.00000 
  1805.650          86.815    849.218       4.440       4.113            46364.333               0.000               0.000          2673798.194   1.00000 
  1806.650          86.728    850.000       4.345       4.022            46744.555               0.000               0.000          2720542.749   1.00000 
  1807.650          86.640    850.000       4.239       3.920            47127.204               0.000               0.000          2767669.953   1.00000 
  1808.650          86.552    850.000       4.131       3.818            47512.202               0.000               0.000          2815182.155   1.00000 
  1809.650          86.463    850.000       4.023       3.715            47899.557               0.000               0.000          2863081.712   1.00000 
  1810.650          86.374    850.000       3.914       3.612            48289.285               0.000               0.000          2911370.996   1.00000 
  1811.650          86.285    850.000       3.804       3.507            48681.407               0.000               0.000          2960052.404   1.00000 
  1812.650          86.195    850.000       3.693       3.402            49075.975               0.000               0.000          3009128.379   1.00000 
  1813.650          86.105    850.000       3.581       3.296            49473.024               0.000               0.000          3058601.402   1.00000 
  1814.650          86.015    850.000       3.469       3.189            49872.585               0.000               0.000          3108473.988   1.00000 
  1815.650          85.924    850.000       3.355       3.082            50252.248               0.000               0.000          3158726.236   1.00000 
  1816.650          85.832    850.000       3.240       2.974            50626.214               0.000               0.000          3209352.450   1.00000 
  1817.650          85.741    850.000       3.124       2.865            51002.497               0.000               0.000          3260354.946   1.00000 
  1818.650          85.648    850.000       3.007       2.755            51379.990               0.000               0.000          3311734.936   1.00000 
  1819.650          85.556    850.000       2.890       2.645            51758.648               0.000               0.000          3363493.583   1.00000 
  1820.650          85.463    850.000       2.771       2.534            52138.364               0.000               0.000          3415631.947   1.00000 
  1821.650          85.369    850.000       2.651       2.423            52518.967               0.000               0.000          3468150.915   1.00000 
  1822.650          85.275    850.000       2.531       2.311            52900.610               0.000               0.000          3521051.524   1.00000 
  1823.650          85.181    850.000       2.409       2.198            53283.003               0.000               0.000          3574334.527   1.00000 
  1824.650          85.086    850.000       2.287       2.084            53666.095               0.000               0.000          3628000.623   1.00000 
  1825.650          84.991    850.000       2.163       1.970            54049.757               0.000               0.000          3682050.380   1.00000 
  1826.650          84.895    850.000       2.039       1.855            54433.869               0.000               0.000          3736484.249   1.00000 
  1827.650          84.799    850.000       1.914       1.739            54818.305               0.000               0.000          3791302.555   1.00000 
  1828.650          84.702    850.000       1.787       1.623            55202.917               0.000               0.000          3846505.472   1.00000 
  1829.650          84.605    850.000       1.660       1.506            55587.628               0.000               0.000          3902093.100   1.00000 
  1830.650          84.507    850.000       1.532       1.388            55972.015               0.000               0.000          3958065.115   1.00000 
  1831.650          84.409    850.000       1.403       1.270            56356.083               0.000               0.000          4014421.198   1.00000 
  1832.650          84.310    850.000       1.273       1.151            56739.587               0.000               0.000          4071160.785   1.00000 
  1833.650          84.211    850.000       1.142       1.032            57122.266               0.000               0.000          4128283.051   1.00000 
  1834.650          84.112    850.000       1.010       0.911            57503.961               0.000               0.000          4185787.012   1.00000 
  1835.650          84.011    850.000       0.877       0.790            57884.089               0.000               0.000          4243671.101   1.00000 
  1836.650          83.911    850.000       0.743       0.669            58262.545               0.000               0.000          4301933.646   1.00000 
  1837.650          83.809    850.000       0.608       0.547            58638.962               0.000               0.000          4360572.608   1.00000 
  1838.650          83.707    850.000       0.472       0.424            59012.902               0.000               0.000          4419585.510   1.00000 
  1839.650          83.605    850.000       0.335       0.301            59383.916               0.000               0.000          4478969.426   1.00000 
  1840.650          83.502    850.000       0.197       0.177            59751.462               0.000               0.000          4538720.888   1.00000 
  1841.650          83.399    850.000       0.059       0.053            60115.093               0.000               0.000          4598835.981   1.00000 
  1842.650          83.294    850.000       0.000       0.000            60474.073               0.000               0.000          4659310.053   1.00000 
