#_______________________________________________________________________________
#    ######   ####     ##             #####   #####     ##    #    #    ##
#    #       #        #  #            #    #  #    #   #  #   ##  ##   #  #
#    #####    ####   ######           #    #  #####   ######  # ## #  ######
#    #            #  #    #           #    #  #    #  #    #  #    #  #    #
#____######__#####___#____#___________#####___#____#__#____#__#____#__#____#____
#
#              ESA Debris Risk Assessment and Mitigation Analysis
#
#                      ---- DRAMA ( SESAM 2.1.5 ) ----
#                                      ESA 2018 
#
#                              trajectory history file
#-------------------------------------------------------------------------------
# Filename      : sara.EAIM.049e68a2-6063-4a2e-b6f1-5aa39107fb56_Trajectory.txt
# RunID         : sara
# ObjectID      : 049e68a2-6063-4a2e-b6f1-5aa39107fb56
# ObjectName    : EAIM
# Content       : This file contains the trajectory state data of the object,
#                 computed by the DRAMA 3 Re-entry Analysis.
# Documentation : DRAMA Software User Manual, section OPERATIONS MANUAL / Normal operation / SARA / SARA Simulation Output / Re-entry simulation output
#
#--------------------------------------------------------------------------------------------------------------------------------------------------------------------------------------------
#  Time [s]  Altitude [km]  Lat [deg]  Lon [deg]  Velocity [km/s]   Downrange [km]       Drag       Lift       Side    Knudsen       Mach  Flight Path [deg]  Heading [deg]  Density [kg/m^2]
#--------------------------------------------------------------------------------------------------------------------------------------------------------------------------------------------
  1727.100          92.776      3.905   -136.514            7.319        12480.373      1.565      0.000      0.000    0.09322   26.66246           -0.52612       80.03637         2.082e-06 
  1727.200          92.770      3.907   -136.508            7.319        12481.095      1.564      0.000      0.000    0.09312   26.66245           -0.52625       80.03686         2.084e-06 
  1727.650          92.740      3.912   -136.479            7.319        12484.341      1.562      0.000      0.000    0.09267   26.66239           -0.52686       80.03909         2.094e-06 
  1728.650          92.672      3.923   -136.415            7.318        12491.556      1.557      0.000      0.000    0.09164   26.66220           -0.52822       80.04404         2.118e-06 
  1729.650          92.605      3.934   -136.351            7.317        12498.770      1.551      0.000      0.000    0.09054   26.66190           -0.52959       80.04901         2.144e-06 
  1730.650          92.537      3.945   -136.287            7.316        12505.983      1.545      0.000      0.000    0.08946   26.66148           -0.53098       80.05399         2.170e-06 
  1731.650          92.469      3.957   -136.223            7.315        12513.195      1.539      0.000      0.000    0.08838   26.66099           -0.53239       80.05899         2.196e-06 
  1732.650          92.401      3.968   -136.159            7.315        12520.407      1.534      0.000      0.000    0.08732   26.66039           -0.53382       80.06399         2.223e-06 
  1733.650          92.333      3.979   -136.096            7.314        12527.617      1.528      0.000      0.000    0.08627   26.65968           -0.53526       80.06902         2.251e-06 
  1734.650          92.264      3.990   -136.032            7.313        12534.827      1.522      0.000      0.000    0.08522   26.65888           -0.53672       80.07405         2.278e-06 
  1735.650          92.196      4.002   -135.968            7.312        12542.036      1.516      0.000      0.000    0.08419   26.65798           -0.53820       80.07910         2.307e-06 
  1736.650          92.127      4.013   -135.904            7.311        12549.244      1.511      0.000      0.000    0.08317   26.65696           -0.53970       80.08417         2.335e-06 
  1737.650          92.058      4.024   -135.840            7.310        12556.452      1.505      0.000      0.000    0.08215   26.65584           -0.54121       80.08925         2.364e-06 
  1738.650          91.989      4.035   -135.776            7.309        12563.658      1.500      0.000      0.000    0.08115   26.65464           -0.54275       80.09434         2.394e-06 
  1739.650          91.919      4.047   -135.712            7.308        12570.864      1.494      0.000      0.000    0.08016   26.65330           -0.54430       80.09944         2.423e-06 
  1740.650          91.850      4.058   -135.648            7.307        12578.069      1.488      0.000      0.000    0.07917   26.65186           -0.54587       80.10456         2.454e-06 
  1741.650          91.780      4.069   -135.584            7.306        12585.273      1.483      0.000      0.000    0.07820   26.65033           -0.54746       80.10969         2.484e-06 
  1742.650          91.710      4.080   -135.520            7.305        12592.476      1.477      0.000      0.000    0.07723   26.64867           -0.54907       80.11484         2.516e-06 
  1743.650          91.640      4.091   -135.456            7.304        12599.679      1.472      0.000      0.000    0.07628   26.64690           -0.55070       80.12000         2.547e-06 
  1744.650          91.570      4.102   -135.392            7.303        12606.880      1.466      0.000      0.000    0.07533   26.64506           -0.55235       80.12517         2.579e-06 
  1745.650          91.499      4.114   -135.329            7.302        12614.081      1.461      0.000      0.000    0.07440   26.64316           -0.55402       80.13036         2.612e-06 
  1746.650          91.429      4.125   -135.265            7.301        12621.280      1.455      0.000      0.000    0.07347   26.64083           -0.55570       80.13556         2.645e-06 
  1747.650          91.358      4.136   -135.201            7.300        12628.479      1.450      0.000      0.000    0.07255   26.63856           -0.55741       80.14078         2.679e-06 
  1748.650          91.287      4.147   -135.137            7.299        12635.677      1.445      0.000      0.000    0.07165   26.63640           -0.55914       80.14600         2.713e-06 
  1749.650          91.215      4.158   -135.073            7.298        12642.874      1.439      0.000      0.000    0.07075   26.63393           -0.56089       80.15124         2.748e-06 
  1750.650          91.144      4.169   -135.009            7.297        12650.070      1.434      0.000      0.000    0.06985   26.63135           -0.56265       80.15650         2.783e-06 
  1751.650          91.072      4.180   -134.945            7.296        12657.265      1.429      0.000      0.000    0.06897   26.62867           -0.56444       80.16177         2.819e-06 
  1752.650          91.000      4.192   -134.882            7.295        12664.459      1.423      0.000      0.000    0.06810   26.62586           -0.56625       80.16705         2.855e-06 
  1753.650          90.928      4.203   -134.818            7.294        12671.652      1.418      0.000      0.000    0.06723   26.62295           -0.56808       80.17234         2.892e-06 
  1754.650          90.855      4.214   -134.754            7.293        12678.844      1.413      0.000      0.000    0.06638   26.61999           -0.56994       80.17765         2.930e-06 
  1755.650          90.783      4.225   -134.690            7.292        12686.035      1.408      0.000      0.000    0.06553   26.61697           -0.57181       80.18297         2.968e-06 
  1756.650          90.710      4.236   -134.626            7.291        12693.226      1.403      0.000      0.000    0.06469   26.61389           -0.57371       80.18831         3.006e-06 
  1757.650          90.637      4.247   -134.563            7.290        12700.415      1.397      0.000      0.000    0.06386   26.61076           -0.57562       80.19366         3.046e-06 
  1758.650          90.563      4.258   -134.499            7.289        12707.603      1.392      0.000      0.000    0.06303   26.60758           -0.57756       80.19902         3.086e-06 
  1759.650          90.490      4.269   -134.435            7.288        12714.790      1.387      0.000      0.000    0.06222   26.60434           -0.57952       80.20440         3.126e-06 
  1760.650          90.416      4.280   -134.371            7.287        12721.976      1.382      0.000      0.000    0.06141   26.60104           -0.58151       80.20979         3.168e-06 
  1761.650          90.342      4.291   -134.307            7.285        12729.161      1.377      0.000      0.000    0.06061   26.59774           -0.58351       80.21519         3.210e-06 
  1762.650          90.268      4.302   -134.244            7.284        12736.345      1.372      0.000      0.000    0.05982   26.59436           -0.58554       80.22060         3.252e-06 
  1763.650          90.193      4.313   -134.180            7.283        12743.528      1.367      0.000      0.000    0.05903   26.59079           -0.58760       80.22603         3.296e-06 
  1764.650          90.118      4.324   -134.116            7.282        12750.710      1.362      0.000      0.000    0.05826   26.58724           -0.58967       80.23147         3.340e-06 
  1765.650          90.043      4.335   -134.052            7.281        12757.891      1.357      0.000      0.000    0.05749   26.58363           -0.59177       80.23693         3.385e-06 
  1766.650          89.968      4.346   -133.989            7.280        12765.071      1.352      0.000      0.000    0.05673   26.57997           -0.59390       80.24240         3.430e-06 
  1767.650          89.892      4.357   -133.925            7.278        12772.249      1.348      0.000      0.000    0.05597   26.57624           -0.59604       80.24788         3.477e-06 
  1768.650          89.816      4.368   -133.861            7.277        12779.427      1.343      0.000      0.000    0.05523   26.57245           -0.59821       80.25337         3.524e-06 
  1769.650          89.740      4.379   -133.798            7.276        12786.603      1.338      0.000      0.000    0.05449   26.56858           -0.60041       80.25888         3.572e-06 
  1770.650          89.664      4.390   -133.734            7.275        12793.779      1.333      0.000      0.000    0.05376   26.56465           -0.60263       80.26440         3.621e-06 
  1771.650          89.587      4.401   -133.670            7.273        12800.953      1.329      0.000      0.000    0.05303   26.56066           -0.60488       80.26994         3.670e-06 
  1772.650          89.510      4.412   -133.606            7.272        12808.126      1.324      0.000      0.000    0.05231   26.55659           -0.60715       80.27548         3.721e-06 
  1773.650          89.433      4.423   -133.543            7.271        12815.297      1.319      0.000      0.000    0.05160   26.55246           -0.60945       80.28104         3.772e-06 
  1774.650          89.356      4.434   -133.479            7.270        12822.468      1.315      0.000      0.000    0.05090   26.54825           -0.61177       80.28662         3.824e-06 
  1775.650          89.278      4.445   -133.415            7.268        12829.637      1.310      0.000      0.000    0.05020   26.54398           -0.61412       80.29220         3.878e-06 
  1776.650          89.200      4.456   -133.352            7.267        12836.805      1.306      0.000      0.000    0.04952   26.53964           -0.61650       80.29780         3.932e-06 
  1777.650          89.121      4.467   -133.288            7.266        12843.972      1.301      0.000      0.000    0.04883   26.53514           -0.61890       80.30342         3.987e-06 
  1778.650          89.043      4.478   -133.225            7.264        12851.138      1.297      0.000      0.000    0.04816   26.53066           -0.62133       80.30904         4.043e-06 
  1779.650          88.964      4.489   -133.161            7.263        12858.302      1.293      0.000      0.000    0.04749   26.52616           -0.62378       80.31468         4.100e-06 
  1780.650          88.885      4.499   -133.097            7.261        12865.465      1.288      0.000      0.000    0.04683   26.52152           -0.62627       80.32033         4.158e-06 
  1781.650          88.805      4.510   -133.034            7.260        12872.627      1.284      0.000      0.000    0.04617   26.51680           -0.62878       80.32600         4.217e-06 
  1782.650          88.725      4.521   -132.970            7.259        12879.787      1.280      0.000      0.000    0.04552   26.51200           -0.63132       80.33167         4.278e-06 
  1783.650          88.645      4.532   -132.907            7.257        12886.946      1.275      0.000      0.000    0.04488   26.50713           -0.63389       80.33736         4.339e-06 
  1784.650          88.565      4.543   -132.843            7.256        12894.104      1.271      0.000      0.000    0.04424   26.50218           -0.63648       80.34307         4.401e-06 
  1785.650          88.484      4.554   -132.779            7.254        12901.261      1.267      0.000      0.000    0.04362   26.49715           -0.63911       80.34878         4.465e-06 
  1786.650          88.403      4.565   -132.716            7.253        12908.416      1.263      0.000      0.000    0.04299   26.49203           -0.64176       80.35451         4.530e-06 
  1787.650          88.322      4.575   -132.652            7.251        12915.570      1.259      0.000      0.000    0.04238   26.48683           -0.64445       80.36025         4.596e-06 
  1788.650          88.240      4.586   -132.589            7.250        12922.722      1.255      0.000      0.000    0.04177   26.48155           -0.64717       80.36601         4.663e-06 
  1789.650          88.158      4.597   -132.525            7.248        12929.873      1.251      0.000      0.000    0.04116   26.47619           -0.64991       80.37177         4.732e-06 
  1790.650          88.075      4.608   -132.462            7.247        12937.022      1.247      0.000      0.000    0.04057   26.47074           -0.65269       80.37755         4.802e-06 
  1791.650          87.993      4.619   -132.398            7.245        12944.170      1.243      0.000      0.000    0.03997   26.46521           -0.65549       80.38334         4.873e-06 
  1792.650          87.910      4.630   -132.335            7.244        12951.317      1.240      0.000      0.000    0.03939   26.45959           -0.65833       80.38915         4.945e-06 
  1793.650          87.826      4.640   -132.271            7.242        12958.462      1.236      0.000      0.000    0.03881   26.45387           -0.66120       80.39497         5.019e-06 
  1794.650          87.742      4.651   -132.208            7.240        12965.605      1.232      0.000      0.000    0.03824   26.44807           -0.66411       80.40080         5.094e-06 
  1795.650          87.658      4.662   -132.144            7.239        12972.748      1.229      0.000      0.000    0.03767   26.44218           -0.66704       80.40664         5.171e-06 
  1796.650          87.574      4.673   -132.081            7.237        12979.888      1.225      0.000      0.000    0.03711   26.43620           -0.67001       80.41249         5.249e-06 
  1797.650          87.489      4.683   -132.017            7.235        12987.027      1.221      0.000      0.000    0.03656   26.43013           -0.67301       80.41836         5.329e-06 
  1798.650          87.404      4.694   -131.954            7.234        12994.164      1.218      0.000      0.000    0.03601   26.42396           -0.67605       80.42424         5.410e-06 
  1799.650          87.318      4.705   -131.891            7.232        13001.300      1.215      0.000      0.000    0.03547   26.41770           -0.67912       80.43013         5.493e-06 
  1800.650          87.232      4.716   -131.827            7.230        13008.434      1.211      0.000      0.000    0.03493   26.41134           -0.68222       80.43604         5.577e-06 
  1801.650          87.146      4.726   -131.764            7.228        13015.567      1.208      0.000      0.000    0.03440   26.40488           -0.68536       80.44196         5.664e-06 
  1802.650          87.060      4.737   -131.700            7.227        13022.697      1.205      0.000      0.000    0.03387   26.39833           -0.68854       80.44789         5.751e-06 
  1803.650          86.973      4.748   -131.637            7.225        13029.827      1.201      0.000      0.000    0.03336   26.39168           -0.69175       80.45383         5.841e-06 
  1804.650          86.885      4.758   -131.574            7.223        13036.954      1.198      0.000      0.000    0.03284   26.38493           -0.69500       80.45978         5.932e-06 
  1805.650          86.797      4.769   -131.510            7.221        13044.080      1.195      0.000      0.000    0.03233   26.37807           -0.69828       80.46575         6.026e-06 
  1806.650          86.709      4.780   -131.447            7.219        13051.204      1.192      0.000      0.000    0.03183   26.37110           -0.70160       80.47173         6.121e-06 
  1807.650          86.620      4.790   -131.384            7.217        13058.326      1.189      0.000      0.000    0.03134   26.36393           -0.70496       80.47772         6.218e-06 
  1808.650          86.531      4.801   -131.320            7.215        13065.446      1.186      0.000      0.000    0.03084   26.35655           -0.70836       80.48372         6.317e-06 
  1809.650          86.442      4.812   -131.257            7.213        13072.564      1.183      0.000      0.000    0.03036   26.34895           -0.71180       80.48974         6.419e-06 
  1810.650          86.352      4.822   -131.194            7.211        13079.681      1.180      0.000      0.000    0.02988   26.34113           -0.71529       80.49576         6.522e-06 
  1811.650          86.262      4.833   -131.131            7.209        13086.795      1.178      0.000      0.000    0.02940   26.33306           -0.71881       80.50180         6.627e-06 
  1812.650          86.171      4.843   -131.067            7.207        13093.907      1.175      0.000      0.000    0.02893   26.32475           -0.72238       80.50786         6.735e-06 
  1813.650          86.080      4.854   -131.004            7.204        13101.017      1.172      0.000      0.000    0.02847   26.31618           -0.72599       80.51392         6.846e-06 
  1814.650          85.989      4.865   -130.941            7.202        13108.125      1.170      0.000      0.000    0.02801   26.30735           -0.72965       80.51999         6.958e-06 
  1815.650          85.897      4.875   -130.878            7.200        13115.231      1.167      0.000      0.000    0.02758   26.28544           -0.73336       80.52608         7.065e-06 
  1816.650          85.805      4.886   -130.815            7.197        13122.334      1.165      0.000      0.000    0.02716   26.26320           -0.73712       80.53218         7.175e-06 
  1817.650          85.712      4.896   -130.752            7.194        13129.435      1.163      0.000      0.000    0.02674   26.24064           -0.74093       80.53829         7.287e-06 
  1818.650          85.618      4.907   -130.688            7.192        13136.533      1.161      0.000      0.000    0.02633   26.21772           -0.74480       80.54441         7.402e-06 
  1819.650          85.525      4.917   -130.625            7.189        13143.629      1.159      0.000      0.000    0.02592   26.19446           -0.74872       80.55054         7.518e-06 
  1820.650          85.431      4.928   -130.562            7.186        13150.722      1.156      0.000      0.000    0.02552   26.17077           -0.75269       80.55668         7.637e-06 
  1821.650          85.336      4.938   -130.499            7.183        13157.812      1.154      0.000      0.000    0.02512   26.14670           -0.75672       80.56283         7.758e-06 
  1822.650          85.241      4.949   -130.436            7.180        13164.899      1.152      0.000      0.000    0.02473   26.12223           -0.76082       80.56900         7.882e-06 
  1823.650          85.145      4.959   -130.373            7.177        13171.983      1.150      0.000      0.000    0.02434   26.09731           -0.76497       80.57518         8.008e-06 
  1824.650          85.049      4.970   -130.310            7.173        13179.064      1.149      0.000      0.000    0.02395   26.07193           -0.76920       80.58136         8.136e-06 
  1825.650          84.953      4.980   -130.247            7.170        13186.142      1.147      0.000      0.000    0.02357   26.04606           -0.77348       80.58756         8.268e-06 
  1826.650          84.856      4.991   -130.184            7.166        13193.216      1.145      0.000      0.000    0.02320   26.01968           -0.77784       80.59377         8.402e-06 
  1827.650          84.758      5.001   -130.121            7.163        13200.287      1.143      0.000      0.000    0.02283   25.99276           -0.78227       80.59999         8.538e-06 
  1828.650          84.660      5.012   -130.059            7.159        13207.355      1.142      0.000      0.000    0.02246   25.96529           -0.78678       80.60622         8.678e-06 
  1829.650          84.561      5.022   -129.996            7.155        13214.418      1.140      0.000      0.000    0.02210   25.93723           -0.79136       80.61246         8.820e-06 
  1830.650          84.462      5.033   -129.933            7.151        13221.478      1.138      0.000      0.000    0.02174   25.90847           -0.79603       80.61871         8.965e-06 
  1831.650          84.363      5.043   -129.870            7.146        13228.533      1.137      0.000      0.000    0.02139   25.87907           -0.80078       80.62497         9.114e-06 
  1832.650          84.263      5.053   -129.807            7.142        13235.584      1.136      0.000      0.000    0.02104   25.84896           -0.80562       80.63123         9.265e-06 
  1833.650          84.162      5.064   -129.745            7.137        13242.631      1.134      0.000      0.000    0.02069   25.81810           -0.81055       80.63751         9.420e-06 
  1834.650          84.061      5.074   -129.682            7.132        13249.673      1.133      0.000      0.000    0.02035   25.78645           -0.81557       80.64380         9.578e-06 
  1835.650          83.959      5.084   -129.620            7.127        13256.710      1.132      0.000      0.000    0.02001   25.75385           -0.82070       80.65010         9.739e-06 
  1836.650          83.857      5.095   -129.557            7.121        13263.742      1.130      0.000      0.000    0.01968   25.72036           -0.82594       80.65640         9.904e-06 
  1837.650          83.754      5.105   -129.494            7.116        13270.769      1.129      0.000      0.000    0.01935   25.68588           -0.83128       80.66272         1.007e-05 
  1838.650          83.650      5.115   -129.432            7.110        13277.790      1.128      0.000      0.000    0.01903   25.65033           -0.83674       80.66904         1.024e-05 
  1839.650          83.546      5.126   -129.370            7.103        13284.805      1.127      0.000      0.000    0.01871   25.61361           -0.84233       80.67537         1.042e-05 
  1840.650          83.441      5.136   -129.307            7.097        13291.813      1.126      0.000      0.000    0.01839   25.57564           -0.84804       80.68171         1.060e-05 
  1841.650          83.336      5.146   -129.245            7.090        13298.815      1.125      0.000      0.000    0.01808   25.53633           -0.85389       80.68806         1.078e-05 
