#_______________________________________________________________________________
#    ######   ####     ##             #####   #####     ##    #    #    ## 
#    #       #        #  #            #    #  #    #   #  #   ##  ##   #  #
#    #####    ####   ######           #    #  #####   ######  # ## #  ######
#    #            #  #    #           #    #  #    #  #    #  #    #  #    #
#____######__#####___#____#___________#####___#____#__#____#__#____#__#____#____
#
#              ESA Debris Risk Assessment and Mitigation Analysis
#
#                      ---- DRAMA ( SESAM 2.1.5 ) ----
#                                      ESA 2018
#
#                              aerothermal history file
#-------------------------------------------------------------------------------
# Filename      : sara.NIU.e2f95e2d-87da-419c-9e0a-23294d603d7d_AeroThermalHistory.txt
# RunID         : sara
# ObjectID      : e2f95e2d-87da-419c-9e0a-23294d603d7d
# ObjectName    : NIU
# ReferenceArea : 0.03285 [m^2]
# Content       : This file contains the aerothermal data of the object,
#                 computed by the DRAMA 3 Re-entry Analysis.
# Documentation : DRAMA Software User Manual, section OPERATIONS MANUAL / Normal operation / SARA / SARA Simulation Output / Re-entry simulation output
# Note          : The convective heat and the integrated heat values in this file take into account the visibility factor
#
#-------------------------------------------------------------------------------------------------------------------------------------------------------------------
#  Time [s]  Altitude [km]   Temp [K]   Mass [kg]   Thick [mm]  Convective Heat [W]  Radiative Heat [W]  Oxidation Heat [W]  Integrated Heat [J] VisibilityFactor [-]
#-------------------------------------------------------------------------------------------------------------------------------------------------------------------
  1866.200          81.264    300.000       1.750       4.088            36103.119               0.000               0.000                0.000   1.00000 
  1866.300          81.254    302.343       1.750       4.088            36121.945               0.000               0.000             3612.195   1.00000 
  1866.750          81.206    312.902       1.750       4.088            36209.363               0.000               0.000            19906.408   1.00000 
  1867.750          81.101    336.380       1.750       4.088            36409.607               0.000               0.000            56316.015   1.00000 
  1868.750          80.995    359.741       1.750       4.088            36624.452               0.000               0.000            92940.467   1.00000 
  1869.750          80.889    382.970       1.750       4.088            36839.112               0.000               0.000           129779.579   1.00000 
  1870.750          80.782    406.002       1.750       4.088            37053.584               0.000               0.000           166833.163   1.00000 
  1871.750          80.675    428.794       1.750       4.088            37267.878               0.000               0.000           204101.041   1.00000 
  1872.750          80.567    451.382       1.750       4.088            37482.007               0.000               0.000           241583.049   1.00000 
  1873.750          80.458    473.637       1.750       4.088            37695.977               0.000               0.000           279279.026   1.00000 
  1874.750          80.349    495.098       1.750       4.088            37909.794               0.000               0.000           317188.820   1.00000 
  1875.750          80.240    515.295       1.750       4.088            38123.464               0.000               0.000           355312.283   1.00000 
  1876.750          80.130    535.007       1.750       4.088            38336.994               0.000               0.000           393649.278   1.00000 
  1877.750          80.019    555.229       1.750       4.088            38550.370               0.000               0.000           432199.647   1.00000 
  1878.750          79.908    576.164       1.750       4.088            38763.658               0.000               0.000           470963.305   1.00000 
  1879.750          79.796    597.192       1.750       4.088            38976.818               0.000               0.000           509940.123   1.00000 
  1880.750          79.683    617.532       1.750       4.088            39189.849               0.000               0.000           549129.972   1.00000 
  1881.750          79.570    637.203       1.750       4.088            39402.746               0.000               0.000           588532.718   1.00000 
  1882.750          79.456    656.297       1.750       4.088            39615.528               0.000               0.000           628148.246   1.00000 
  1883.750          79.341    674.875       1.750       4.088            39828.210               0.000               0.000           667976.456   1.00000 
  1884.750          79.226    693.039       1.750       4.088            40040.811               0.000               0.000           708017.267   1.00000 
  1885.750          79.110    710.922       1.750       4.088            40253.308               0.000               0.000           748270.575   1.00000 
  1886.750          78.993    728.885       1.750       4.088            40465.719               0.000               0.000           788736.294   1.00000 
  1887.750          78.876    748.859       1.750       4.088            40678.025               0.000               0.000           829414.319   1.00000 
  1888.750          78.757    769.960       1.750       4.088            40890.235               0.000               0.000           870304.554   1.00000 
  1889.750          78.638    791.238       1.750       4.088            41102.372               0.000               0.000           911406.926   1.00000 
  1890.750          78.518    812.406       1.750       4.088            41314.444               0.000               0.000           952721.371   1.00000 
  1891.750          78.398    833.424       1.750       4.088            41526.457               0.000               0.000           994247.828   1.00000 
  1892.750          78.276    850.000       1.730       4.038            41738.396               0.000               0.000          1035986.223   1.00000 
  1893.750          78.154    850.000       1.629       3.792            41948.697               0.000               0.000          1077934.921   1.00000 
  1894.750          78.030    850.000       1.529       3.547            42150.428               0.000               0.000          1120085.349   1.00000 
  1895.750          77.906    850.000       1.428       3.302            42341.292               0.000               0.000          1162426.640   1.00000 
  1896.750          77.781    850.000       1.326       3.058            42519.550               0.000               0.000          1204946.190   1.00000 
  1897.750          77.655    850.000       1.224       2.814            42683.121               0.000               0.000          1247629.311   1.00000 
  1898.750          77.528    850.000       1.122       2.571            42829.657               0.000               0.000          1290458.968   1.00000 
  1899.750          77.400    850.000       1.019       2.329            42956.288               0.000               0.000          1333415.257   1.00000 
  1900.750          77.271    850.000       0.916       2.087            43059.527               0.000               0.000          1376474.784   1.00000 
  1901.750          77.142    850.000       0.813       1.847            43135.122               0.000               0.000          1419609.906   1.00000 
  1902.750          77.011    850.000       0.710       1.607            43177.919               0.000               0.000          1462787.825   1.00000 
  1903.750          76.879    850.000       0.607       1.370            43181.378               0.000               0.000          1505969.203   1.00000 
  1904.750          76.747    850.000       0.503       1.133            43137.290               0.000               0.000          1549106.493   1.00000 
  1905.750          76.613    850.000       0.401       0.899            43035.149               0.000               0.000          1592141.642   1.00000 
  1906.750          76.479    850.000       0.298       0.667            42861.029               0.000               0.000          1635002.671   1.00000 
  1907.750          76.343    850.000       0.196       0.438            42596.015               0.000               0.000          1677598.686   1.00000 
  1908.750          76.207    850.000       0.096       0.213            42213.742               0.000               0.000          1719812.428   1.00000 
  1909.750          76.070    850.000       0.000       0.000            41675.459               0.000               0.000          1761487.887   1.00000 
