#_______________________________________________________________________________
#    ######   ####     ##             #####   #####     ##    #    #    ## 
#    #       #        #  #            #    #  #    #   #  #   ##  ##   #  #
#    #####    ####   ######           #    #  #####   ######  # ## #  ######
#    #            #  #    #           #    #  #    #  #    #  #    #  #    #
#____######__#####___#____#___________#####___#____#__#____#__#____#__#____#____
#
#              ESA Debris Risk Assessment and Mitigation Analysis
#
#                      ---- DRAMA ( SESAM 2.1.5 ) ----
#                                      ESA 2018
#
#                              aerothermal history file
#-------------------------------------------------------------------------------
# Filename      : sara.PLM.1820861999305024803_a8c52bba-8078-4fb0-94fe-07d876624d0a_AeroThermalHistory.txt
# RunID         : sara
# ObjectID      : a8c52bba-8078-4fb0-94fe-07d876624d0a
# ObjectName    : PLM
# ReferenceArea : 1.06872 [m^2]
# Content       : This file contains the aerothermal data of the object,
#                 computed by the DRAMA 3 Re-entry Analysis.
# Documentation : DRAMA Software User Manual, section OPERATIONS MANUAL / Normal operation / SARA / SARA Simulation Output / Re-entry simulation output
# Note          : The convective heat and the integrated heat values in this file take into account the visibility factor
#
#-------------------------------------------------------------------------------------------------------------------------------------------------------------------
#  Time [s]  Altitude [km]   Temp [K]   Mass [kg]   Thick [mm]  Convective Heat [W]  Radiative Heat [W]  Oxidation Heat [W]  Integrated Heat [J] VisibilityFactor [-]
#-------------------------------------------------------------------------------------------------------------------------------------------------------------------
  1617.550          99.244    573.192      77.400      29.645           100548.165               0.000               0.000         22631258.818   0.93547 
  1617.650          99.238    573.301      77.400      29.645           100604.765               0.000               0.000         22641319.295   0.93547 
  1618.100          99.215    573.793      77.400      29.645           100867.986               0.000               0.000         22686709.888   0.93547 
  1619.100          99.163    574.893      77.400      29.645           101474.479               0.000               0.000         22788184.367   0.93547 
  1620.100          99.112    575.997      77.400      29.645           102130.245               0.000               0.000         22890314.612   0.93547 
  1621.100          99.060    577.106      77.400      29.645           102790.861               0.000               0.000         22993105.473   0.93547 
  1622.100          99.007    578.219      77.400      29.645           103456.161               0.000               0.000         23096561.635   0.93547 
  1623.100          98.955    579.338      77.400      29.645           104126.407               0.000               0.000         23200688.042   0.93547 
  1624.100          98.903    580.460      77.400      29.645           104801.341               0.000               0.000         23305489.382   0.93547 
  1625.100          98.850    581.588      77.400      29.645           105481.316               0.000               0.000         23410970.699   0.93547 
  1626.100          98.798    582.721      77.400      29.645           106165.980               0.000               0.000         23517136.679   0.93547 
  1627.100          98.745    583.858      77.400      29.645           106854.242               0.000               0.000         23623990.921   0.93547 
  1628.100          98.692    585.000      77.400      29.645           107547.134               0.000               0.000         23731538.055   0.93547 
  1629.100          98.639    586.147      77.400      29.645           108248.527               0.000               0.000         23839786.582   0.93547 
  1630.100          98.586    587.298      77.400      29.645           108954.471               0.000               0.000         23948741.053   0.93547 
  1631.100          98.533    588.455      77.400      29.645           109664.125               0.000               0.000         24058405.178   0.93547 
  1632.100          98.479    589.616      77.400      29.645           110378.666               0.000               0.000         24168783.844   0.93547 
  1633.100          98.426    590.782      77.400      29.645           111098.354               0.000               0.000         24279882.198   0.93547 
  1634.100          98.372    591.953      77.400      29.645           111823.039               0.000               0.000         24391705.237   0.93547 
  1635.100          98.318    593.129      77.400      29.645           112552.848               0.000               0.000         24504258.084   0.93547 
  1636.100          98.264    594.310      77.400      29.645           113287.757               0.000               0.000         24617545.842   0.93547 
  1637.100          98.210    595.495      77.400      29.645           114027.770               0.000               0.000         24731573.611   0.93547 
  1638.100          98.156    596.685      77.400      29.645           114772.978               0.000               0.000         24846346.589   0.93547 
  1639.100          98.102    597.880      77.400      29.645           115523.277               0.000               0.000         24961869.866   0.93547 
  1640.100          98.047    599.079      77.400      29.645           116278.854               0.000               0.000         25078148.720   0.93547 
  1641.100          97.993    600.283      77.400      29.645           117039.521               0.000               0.000         25195188.242   0.93547 
  1642.100          97.938    601.491      77.400      29.645           117805.533               0.000               0.000         25312993.775   0.93547 
  1643.100          97.883    602.705      77.400      29.645           118576.685               0.000               0.000         25431570.459   0.93547 
  1644.100          97.828    603.923      77.400      29.645           119353.156               0.000               0.000         25550923.615   0.93547 
  1645.100          97.773    605.145      77.400      29.645           120134.853               0.000               0.000         25671058.469   0.93547 
  1646.100          97.718    606.373      77.400      29.645           120921.860               0.000               0.000         25791980.329   0.93547 
  1647.100          97.663    607.605      77.400      29.645           121714.161               0.000               0.000         25913694.490   0.93547 
  1648.100          97.607    608.841      77.400      29.645           122511.777               0.000               0.000         26036206.267   0.93547 
  1649.100          97.552    610.083      77.400      29.645           123316.376               0.000               0.000         26159522.643   0.93547 
  1650.100          97.496    611.329      77.400      29.645           124126.898               0.000               0.000         26283649.541   0.93547 
  1651.100          97.440    612.580      77.400      29.645           124938.581               0.000               0.000         26408588.122   0.93547 
  1652.100          97.384    613.836      77.400      29.645           125755.760               0.000               0.000         26534343.883   0.93547 
  1653.100          97.328    615.097      77.400      29.645           126580.200               0.000               0.000         26660924.083   0.93547 
  1654.100          97.271    616.362      77.400      29.645           127410.055               0.000               0.000         26788334.138   0.93547 
  1655.100          97.215    617.633      77.400      29.645           128245.337               0.000               0.000         26916579.475   0.93547 
  1656.100          97.159    618.908      77.400      29.645           129085.422               0.000               0.000         27045664.897   0.93547 
  1657.100          97.102    620.189      77.400      29.645           129930.586               0.000               0.000         27175595.483   0.93547 
  1658.100          97.045    621.474      77.400      29.645           130782.907               0.000               0.000         27306378.389   0.93547 
  1659.100          96.988    622.764      77.400      29.645           131641.040               0.000               0.000         27438019.429   0.93547 
  1660.100          96.931    624.060      77.400      29.645           132503.635               0.000               0.000         27570523.065   0.93547 
  1661.100          96.874    625.360      77.400      29.645           133371.813               0.000               0.000         27703894.878   0.93547 
  1662.100          96.816    626.666      77.400      29.645           134245.506               0.000               0.000         27838140.384   0.93547 
  1663.100          96.759    627.976      77.400      29.645           135124.744               0.000               0.000         27973265.129   0.93547 
  1664.100          96.701    629.292      77.400      29.645           136009.626               0.000               0.000         28109274.755   0.93547 
  1665.100          96.643    630.612      77.400      29.645           136899.991               0.000               0.000         28246174.745   0.93547 
  1666.100          96.586    631.938      77.400      29.645           137796.102               0.000               0.000         28383970.848   0.93547 
  1667.100          96.527    633.268      77.400      29.645           138697.724               0.000               0.000         28522668.572   0.93547 
  1668.100          96.469    634.604      77.400      29.645           139605.088               0.000               0.000         28662273.660   0.93547 
  1669.100          96.411    635.945      77.400      29.645           140518.136               0.000               0.000         28802791.796   0.93547 
  1670.100          96.352    637.291      77.400      29.645           141436.845               0.000               0.000         28944228.641   0.93547 
  1671.100          96.294    638.642      77.400      29.645           142361.439               0.000               0.000         29086590.080   0.93547 
  1672.100          96.235    639.998      77.400      29.645           143291.604               0.000               0.000         29229881.684   0.93547 
  1673.100          96.176    641.359      77.400      29.645           144227.728               0.000               0.000         29374109.412   0.93547 
  1674.100          96.117    642.726      77.400      29.645           145169.625               0.000               0.000         29519279.037   0.93547 
  1675.100          96.058    644.097      77.400      29.645           146117.407               0.000               0.000         29665396.444   0.93547 
  1676.100          95.999    645.474      77.400      29.645           147071.203               0.000               0.000         29812467.647   0.93547 
  1677.100          95.939    646.855      77.400      29.645           148030.809               0.000               0.000         29960498.456   0.93547 
  1678.100          95.880    648.242      77.400      29.645           148996.571               0.000               0.000         30109495.027   0.93547 
  1679.100          95.820    649.634      77.400      29.645           149968.303               0.000               0.000         30259463.330   0.93547 
  1680.100          95.760    651.032      77.400      29.645           150946.188               0.000               0.000         30410409.518   0.93547 
  1681.100          95.700    652.434      77.400      29.645           151930.308               0.000               0.000         30562339.826   0.93547 
  1682.100          95.640    653.842      77.400      29.645           152920.567               0.000               0.000         30715260.394   0.93547 
  1683.100          95.580    655.255      77.400      29.645           153917.239               0.000               0.000         30869177.633   0.93547 
  1684.100          95.519    656.673      77.400      29.645           154920.234               0.000               0.000         31024097.866   0.93547 
  1685.100          95.459    658.098      77.400      29.645           155929.725               0.000               0.000         31180027.592   0.93547 
  1686.100          95.398    659.527      77.400      29.645           156945.788               0.000               0.000         31336973.380   0.93547 
  1687.100          95.337    660.963      77.400      29.645           157968.472               0.000               0.000         31494941.852   0.93547 
  1688.100          95.276    662.404      77.400      29.645           158997.926               0.000               0.000         31653939.778   0.93547 
  1689.100          95.215    663.850      77.400      29.645           160034.226               0.000               0.000         31813974.004   0.93547 
  1690.100          95.153    665.302      77.400      29.645           161077.530               0.000               0.000         31975051.534   0.93547 
  1691.100          95.092    666.760      77.400      29.645           162127.842               0.000               0.000         32137179.377   0.93547 
  1692.100          95.030    668.224      77.400      29.645           163185.537               0.000               0.000         32300364.913   0.93547 
  1693.100          94.968    669.693      77.400      29.645           164250.519               0.000               0.000         32464615.432   0.93547 
  1694.100          94.907    671.168      77.400      29.645           165322.995               0.000               0.000         32629938.427   0.93547 
  1695.100          94.844    672.648      77.400      29.645           166402.820               0.000               0.000         32796341.247   0.93547 
  1696.100          94.782    674.134      77.400      29.645           167489.828               0.000               0.000         32963831.076   0.93547 
  1697.100          94.720    675.627      77.400      29.645           168583.582               0.000               0.000         33132414.657   0.93547 
  1698.100          94.657    677.126      77.400      29.645           169684.346               0.000               0.000         33302099.003   0.93547 
  1699.100          94.595    678.632      77.400      29.645           170792.246               0.000               0.000         33472891.249   0.93547 
  1700.100          94.532    680.144      77.400      29.645           171907.079               0.000               0.000         33644798.328   0.93547 
  1701.100          94.469    681.663      77.400      29.645           173029.219               0.000               0.000         33817827.547   0.93547 
  1702.100          94.406    683.189      77.400      29.645           174158.614               0.000               0.000         33991986.160   0.93547 
  1703.100          94.343    684.721      77.400      29.645           175295.269               0.000               0.000         34167281.429   0.93547 
  1704.100          94.279    686.260      77.400      29.645           176439.427               0.000               0.000         34343720.856   0.93547 
  1705.100          94.216    687.806      77.400      29.645           177590.978               0.000               0.000         34521311.833   0.93547 
  1706.100          94.152    689.358      77.400      29.645           178749.852               0.000               0.000         34700061.685   0.93547 
  1707.100          94.088    690.917      77.400      29.645           179916.341               0.000               0.000         34879978.026   0.93547 
  1708.100          94.024    692.482      77.400      29.645           181091.017               0.000               0.000         35061069.043   0.93547 
  1709.100          93.960    694.055      77.400      29.645           182273.322               0.000               0.000         35243342.365   0.93547 
  1710.100          93.895    695.635      77.400      29.645           183463.327               0.000               0.000         35426805.692   0.93547 
  1711.100          93.831    697.226      77.400      29.645           184661.053               0.000               0.000         35611466.745   0.93547 
  1712.100          93.766    698.826      77.400      29.645           185866.810               0.000               0.000         35797333.555   0.93547 
  1713.100          93.701    700.436      77.400      29.645           187080.594               0.000               0.000         35984414.149   0.93547 
  1714.100          93.636    702.055      77.400      29.645           188302.334               0.000               0.000         36172716.483   0.93547 
  1715.100          93.571    703.684      77.400      29.645           189532.307               0.000               0.000         36362248.790   0.93547 
  1716.100          93.506    705.323      77.400      29.645           190770.467               0.000               0.000         36553019.257   0.93547 
  1717.100          93.440    706.972      77.400      29.645           192016.814               0.000               0.000         36745036.070   0.93547 
  1718.100          93.375    708.631      77.400      29.645           193271.604               0.000               0.000         36938307.675   0.93547 
  1719.100          93.309    710.299      77.400      29.645           194534.752               0.000               0.000         37132842.427   0.93547 
  1720.100          93.243    711.978      77.400      29.645           195806.319               0.000               0.000         37328648.745   0.93547 
  1721.100          93.177    713.666      77.400      29.645           197086.548               0.000               0.000         37525735.293   0.93547 
  1722.100          93.110    715.372      77.400      29.645           198375.323               0.000               0.000         37724110.617   0.93547 
  1723.100          93.044    717.106      77.400      29.645           199672.752               0.000               0.000         37923783.369   0.93547 
  1724.100          92.977    718.869      77.400      29.645           200978.834               0.000               0.000         38124762.202   0.93547 
  1725.100          92.911    720.662      77.400      29.645           202292.795               0.000               0.000         38327054.997   0.93547 
  1726.100          92.844    722.486      77.400      29.645           203617.253               0.000               0.000         38530672.250   0.93547 
  1727.100          92.776    724.343      77.400      29.645           204951.242               0.000               0.000         38735623.492   0.93547 
