#_______________________________________________________________________________
#    ######   ####     ##             #####   #####     ##    #    #    ## 
#    #       #        #  #            #    #  #    #   #  #   ##  ##   #  #
#    #####    ####   ######           #    #  #####   ######  # ## #  ######
#    #            #  #    #           #    #  #    #  #    #  #    #  #    #
#____######__#####___#____#___________#####___#____#__#____#__#____#__#____#____
#
#              ESA Debris Risk Assessment and Mitigation Analysis
#
#                      ---- DRAMA ( SESAM 2.1.5 ) ----
#                                      ESA 2018
#
#                              aerothermal history file
#-------------------------------------------------------------------------------
# Filename      : sara.SADME.64b02e72-4243-475a-a0f7-8c6fa719a799_AeroThermalHistory.txt
# RunID         : sara
# ObjectID      : 64b02e72-4243-475a-a0f7-8c6fa719a799
# ObjectName    : SADME
# ReferenceArea : 0.007426 [m^2]
# Content       : This file contains the aerothermal data of the object,
#                 computed by the DRAMA 3 Re-entry Analysis.
# Documentation : DRAMA Software User Manual, section OPERATIONS MANUAL / Normal operation / SARA / SARA Simulation Output / Re-entry simulation output
# Note          : The convective heat and the integrated heat values in this file take into account the visibility factor
#
#-------------------------------------------------------------------------------------------------------------------------------------------------------------------
#  Time [s]  Altitude [km]   Temp [K]   Mass [kg]   Thick [mm]  Convective Heat [W]  Radiative Heat [W]  Oxidation Heat [W]  Integrated Heat [J] VisibilityFactor [-]
#-------------------------------------------------------------------------------------------------------------------------------------------------------------------
  1727.100          92.776    300.000       0.796       4.095             4620.223               0.000               0.000                0.000   1.00000 
  1727.200          92.770    300.658       0.796       4.095             4625.085               0.000               0.000              462.508   1.00000 
  1727.650          92.740    303.635       0.796       4.095             4647.715               0.000               0.000             2553.980   1.00000 
  1728.650          92.672    310.313       0.796       4.095             4699.940               0.000               0.000             7253.920   1.00000 
  1729.650          92.605    317.050       0.796       4.095             4756.558               0.000               0.000            12010.478   1.00000 
  1730.650          92.537    323.846       0.796       4.095             4813.734               0.000               0.000            16824.212   1.00000 
  1731.650          92.469    330.700       0.796       4.095             4871.483               0.000               0.000            21695.695   1.00000 
  1732.650          92.401    337.613       0.796       4.095             4929.806               0.000               0.000            26625.501   1.00000 
  1733.650          92.333    344.585       0.796       4.095             4988.703               0.000               0.000            31614.204   1.00000 
  1734.650          92.264    351.616       0.796       4.095             5048.189               0.000               0.000            36662.392   1.00000 
  1735.650          92.196    358.705       0.796       4.095             5108.268               0.000               0.000            41770.660   1.00000 
  1736.650          92.127    365.850       0.796       4.095             5168.935               0.000               0.000            46939.596   1.00000 
  1737.650          92.058    373.048       0.796       4.095             5230.210               0.000               0.000            52169.806   1.00000 
  1738.650          91.989    380.299       0.796       4.095             5292.099               0.000               0.000            57461.905   1.00000 
  1739.650          91.919    387.598       0.796       4.095             5354.593               0.000               0.000            62816.498   1.00000 
  1740.650          91.850    394.944       0.796       4.095             5417.712               0.000               0.000            68234.210   1.00000 
  1741.650          91.780    402.338       0.796       4.095             5481.465               0.000               0.000            73715.675   1.00000 
  1742.650          91.710    409.775       0.796       4.095             5545.847               0.000               0.000            79261.522   1.00000 
  1743.650          91.640    417.257       0.796       4.095             5610.871               0.000               0.000            84872.393   1.00000 
  1744.650          91.569    424.786       0.796       4.095             5676.554               0.000               0.000            90548.947   1.00000 
  1745.650          91.498    432.365       0.796       4.095             5742.908               0.000               0.000            96291.855   1.00000 
  1746.650          91.428    439.995       0.796       4.095             5809.849               0.000               0.000           102101.704   1.00000 
  1747.650          91.356    447.654       0.796       4.095             5877.506               0.000               0.000           107979.210   1.00000 
  1748.650          91.285    455.343       0.796       4.095             5945.893               0.000               0.000           113925.103   1.00000 
  1749.650          91.213    463.042       0.796       4.095             6014.924               0.000               0.000           119940.027   1.00000 
  1750.650          91.141    470.712       0.796       4.095             6084.652               0.000               0.000           126024.679   1.00000 
  1751.650          91.069    478.355       0.796       4.095             6155.087               0.000               0.000           132179.766   1.00000 
  1752.650          90.996    485.915       0.796       4.095             6226.234               0.000               0.000           138406.000   1.00000 
  1753.650          90.924    493.373       0.796       4.095             6298.097               0.000               0.000           144704.097   1.00000 
  1754.650          90.851    500.743       0.796       4.095             6370.691               0.000               0.000           151074.788   1.00000 
  1755.650          90.777    508.094       0.796       4.095             6444.025               0.000               0.000           157518.813   1.00000 
  1756.650          90.704    515.430       0.796       4.095             6518.105               0.000               0.000           164036.918   1.00000 
  1757.650          90.630    522.799       0.796       4.095             6592.939               0.000               0.000           170629.857   1.00000 
  1758.650          90.556    530.301       0.796       4.095             6668.540               0.000               0.000           177298.397   1.00000 
  1759.650          90.481    537.940       0.796       4.095             6744.917               0.000               0.000           184043.314   1.00000 
  1760.650          90.406    545.742       0.796       4.095             6822.076               0.000               0.000           190865.390   1.00000 
  1761.650          90.331    553.727       0.796       4.095             6900.049               0.000               0.000           197765.439   1.00000 
  1762.650          90.256    561.894       0.796       4.095             6978.807               0.000               0.000           204744.246   1.00000 
  1763.650          90.180    570.167       0.796       4.095             7058.355               0.000               0.000           211802.601   1.00000 
  1764.650          90.104    578.547       0.796       4.095             7138.747               0.000               0.000           218941.348   1.00000 
  1765.650          90.027    586.938       0.796       4.095             7219.972               0.000               0.000           226161.320   1.00000 
  1766.650          89.950    595.290       0.796       4.095             7302.040               0.000               0.000           233463.359   1.00000 
  1767.650          89.873    603.603       0.796       4.095             7384.961               0.000               0.000           240848.321   1.00000 
  1768.650          89.796    611.868       0.796       4.095             7468.747               0.000               0.000           248317.067   1.00000 
  1769.650          89.718    620.089       0.796       4.095             7553.402               0.000               0.000           255870.469   1.00000 
  1770.650          89.640    628.273       0.796       4.095             7638.942               0.000               0.000           263509.411   1.00000 
  1771.650          89.561    636.424       0.796       4.095             7725.377               0.000               0.000           271234.789   1.00000 
  1772.650          89.482    644.542       0.796       4.095             7812.716               0.000               0.000           279047.505   1.00000 
  1773.650          89.403    652.630       0.796       4.095             7900.970               0.000               0.000           286948.475   1.00000 
  1774.650          89.323    660.688       0.796       4.095             7990.149               0.000               0.000           294938.624   1.00000 
  1775.650          89.243    668.730       0.796       4.095             8080.263               0.000               0.000           303018.887   1.00000 
  1776.650          89.162    676.757       0.796       4.095             8171.312               0.000               0.000           311190.199   1.00000 
  1777.650          89.081    684.780       0.796       4.095             8263.302               0.000               0.000           319453.501   1.00000 
  1778.650          89.000    692.812       0.796       4.095             8356.312               0.000               0.000           327809.813   1.00000 
  1779.650          88.918    700.854       0.796       4.095             8450.270               0.000               0.000           336260.083   1.00000 
  1780.650          88.836    708.975       0.796       4.095             8545.210               0.000               0.000           344805.293   1.00000 
  1781.650          88.753    717.178       0.796       4.095             8641.145               0.000               0.000           353446.438   1.00000 
  1782.650          88.670    725.680       0.796       4.095             8738.083               0.000               0.000           362184.521   1.00000 
  1783.650          88.587    734.747       0.796       4.095             8836.035               0.000               0.000           371020.556   1.00000 
  1784.650          88.503    744.391       0.796       4.095             8935.010               0.000               0.000           379955.566   1.00000 
  1785.650          88.418    754.262       0.796       4.095             9035.016               0.000               0.000           388990.583   1.00000 
  1786.650          88.333    764.350       0.796       4.095             9136.064               0.000               0.000           398126.646   1.00000 
  1787.650          88.248    774.523       0.796       4.095             9238.160               0.000               0.000           407364.807   1.00000 
  1788.650          88.162    784.774       0.796       4.095             9341.315               0.000               0.000           416706.122   1.00000 
  1789.650          88.076    795.069       0.796       4.095             9445.537               0.000               0.000           426151.659   1.00000 
  1790.650          87.989    805.407       0.796       4.095             9550.835               0.000               0.000           435702.494   1.00000 
  1791.650          87.901    815.784       0.796       4.095             9657.214               0.000               0.000           445359.709   1.00000 
  1792.650          87.814    826.197       0.796       4.095             9764.686               0.000               0.000           455124.394   1.00000 
  1793.650          87.725    836.642       0.796       4.095             9873.258               0.000               0.000           464997.652   1.00000 
  1794.650          87.636    847.062       0.796       4.095             9982.938               0.000               0.000           474980.590   1.00000 
  1795.650          87.547    850.000       0.780       4.003            10093.736               0.000               0.000           485074.326   1.00000 
  1796.650          87.457    850.000       0.756       3.874            10205.410               0.000               0.000           495279.736   1.00000 
  1797.650          87.367    850.000       0.733       3.744            10317.795               0.000               0.000           505597.531   1.00000 
  1798.650          87.276    850.000       0.709       3.613            10430.833               0.000               0.000           516028.363   1.00000 
  1799.650          87.184    850.000       0.685       3.481            10544.471               0.000               0.000           526572.834   1.00000 
  1800.650          87.092    850.000       0.660       3.348            10658.653               0.000               0.000           537231.487   1.00000 
  1801.650          86.999    850.000       0.635       3.214            10773.312               0.000               0.000           548004.799   1.00000 
  1802.650          86.906    850.000       0.610       3.080            10888.377               0.000               0.000           558893.175   1.00000 
  1803.650          86.812    850.000       0.585       2.944            11003.764               0.000               0.000           569896.939   1.00000 
  1804.650          86.717    850.000       0.560       2.808            11119.379               0.000               0.000           581016.318   1.00000 
  1805.650          86.622    850.000       0.534       2.671            11235.113               0.000               0.000           592251.431   1.00000 
  1806.650          86.527    850.000       0.507       2.534            11350.845               0.000               0.000           603602.277   1.00000 
  1807.650          86.431    850.000       0.481       2.395            11466.432               0.000               0.000           615068.709   1.00000 
  1808.650          86.334    850.000       0.454       2.256            11581.710               0.000               0.000           626650.418   1.00000 
  1809.650          86.236    850.000       0.427       2.116            11696.487               0.000               0.000           638346.905   1.00000 
  1810.650          86.138    850.000       0.400       1.975            11810.539               0.000               0.000           650157.444   1.00000 
  1811.650          86.039    850.000       0.372       1.834            11923.600               0.000               0.000           662081.043   1.00000 
  1812.650          85.940    850.000       0.344       1.692            12030.273               0.000               0.000           674111.316   1.00000 
  1813.650          85.840    850.000       0.316       1.550            12129.955               0.000               0.000           686241.271   1.00000 
  1814.650          85.739    850.000       0.288       1.407            12227.483               0.000               0.000           698468.754   1.00000 
  1815.650          85.637    850.000       0.259       1.264            12321.772               0.000               0.000           710790.526   1.00000 
  1816.650          85.535    850.000       0.231       1.120            12412.073               0.000               0.000           723202.599   1.00000 
  1817.650          85.432    850.000       0.201       0.977            12497.402               0.000               0.000           735700.001   1.00000 
  1818.650          85.329    850.000       0.172       0.833            12576.558               0.000               0.000           748276.559   1.00000 
  1819.650          85.224    850.000       0.143       0.689            12647.943               0.000               0.000           760924.502   1.00000 
  1820.650          85.119    850.000       0.113       0.545            12709.378               0.000               0.000           773633.880   1.00000 
  1821.650          85.013    850.000       0.084       0.401            12757.864               0.000               0.000           786391.744   1.00000 
  1822.650          84.907    850.000       0.054       0.257            12789.044               0.000               0.000           799180.788   1.00000 
  1823.650          84.800    850.000       0.024       0.115            12796.252               0.000               0.000           811977.040   1.00000 
  1824.650          84.692    850.000       0.000       0.000            12768.516               0.000               0.000           824745.556   1.00000 
