#_______________________________________________________________________________
#    ######   ####     ##             #####   #####     ##    #    #    ## 
#    #       #        #  #            #    #  #    #   #  #   ##  ##   #  #
#    #####    ####   ######           #    #  #####   ######  # ## #  ######
#    #            #  #    #           #    #  #    #  #    #  #    #  #    #
#____######__#####___#____#___________#####___#____#__#____#__#____#__#____#____
#
#              ESA Debris Risk Assessment and Mitigation Analysis
#
#                      ---- DRAMA ( SESAM 2.1.5 ) ----
#                                      ESA 2018
#
#                              aerothermal history file
#-------------------------------------------------------------------------------
# Filename      : sara.ADCS-RPU.6be146fd-6b3d-48d2-8140-ddc02a7b864d_AeroThermalHistory.txt
# RunID         : sara
# ObjectID      : 6be146fd-6b3d-48d2-8140-ddc02a7b864d
# ObjectName    : ADCS-RPU
# ReferenceArea : 0.024182 [m^2]
# Content       : This file contains the aerothermal data of the object,
#                 computed by the DRAMA 3 Re-entry Analysis.
# Documentation : DRAMA Software User Manual, section OPERATIONS MANUAL / Normal operation / SARA / SARA Simulation Output / Re-entry simulation output
# Note          : The convective heat and the integrated heat values in this file take into account the visibility factor
#
#-------------------------------------------------------------------------------------------------------------------------------------------------------------------
#  Time [s]  Altitude [km]   Temp [K]   Mass [kg]   Thick [mm]  Convective Heat [W]  Radiative Heat [W]  Oxidation Heat [W]  Integrated Heat [J] VisibilityFactor [-]
#-------------------------------------------------------------------------------------------------------------------------------------------------------------------
  1866.200          81.264    300.000       1.700       4.091            35495.422               0.000               0.000                0.000   1.00000 
  1866.300          81.254    302.372       1.700       4.091            35516.111               0.000               0.000             3551.611   1.00000 
  1866.750          81.206    313.061       1.700       4.091            35612.249               0.000               0.000            19577.123   1.00000 
  1867.750          81.101    336.846       1.700       4.091            35832.936               0.000               0.000            55410.059   1.00000 
  1868.750          80.995    360.525       1.700       4.091            36070.432               0.000               0.000            91480.491   1.00000 
  1869.750          80.889    384.083       1.700       4.091            36308.473               0.000               0.000           127788.964   1.00000 
  1870.750          80.782    407.452       1.700       4.091            36547.060               0.000               0.000           164336.024   1.00000 
  1871.750          80.674    430.588       1.700       4.091            36786.209               0.000               0.000           201122.232   1.00000 
  1872.750          80.566    453.532       1.700       4.091            37025.935               0.000               0.000           238148.167   1.00000 
  1873.750          80.458    476.124       1.700       4.091            37266.249               0.000               0.000           275414.416   1.00000 
  1874.750          80.349    497.803       1.700       4.091            37507.165               0.000               0.000           312921.581   1.00000 
  1875.750          80.239    518.292       1.700       4.091            37748.692               0.000               0.000           350670.273   1.00000 
  1876.750          80.129    538.460       1.700       4.091            37990.845               0.000               0.000           388661.118   1.00000 
  1877.750          80.018    559.221       1.700       4.091            38233.614               0.000               0.000           426894.732   1.00000 
  1878.750          79.907    580.639       1.700       4.091            38477.074               0.000               0.000           465371.806   1.00000 
  1879.750          79.795    601.973       1.700       4.091            38721.189               0.000               0.000           504092.995   1.00000 
  1880.750          79.682    622.603       1.700       4.091            38965.966               0.000               0.000           543058.962   1.00000 
  1881.750          79.569    642.577       1.700       4.091            39211.410               0.000               0.000           582270.372   1.00000 
  1882.750          79.455    661.977       1.700       4.091            39457.547               0.000               0.000           621727.919   1.00000 
  1883.750          79.341    680.884       1.700       4.091            39704.399               0.000               0.000           661432.318   1.00000 
  1884.750          79.226    699.420       1.700       4.091            39951.995               0.000               0.000           701384.313   1.00000 
  1885.750          79.110    717.810       1.700       4.091            40200.321               0.000               0.000           741584.634   1.00000 
  1886.750          78.993    736.857       1.700       4.091            40449.404               0.000               0.000           782034.039   1.00000 
  1887.750          78.876    758.139       1.700       4.091            40699.237               0.000               0.000           822733.276   1.00000 
  1888.750          78.758    780.020       1.700       4.091            40949.838               0.000               0.000           863683.114   1.00000 
  1889.750          78.639    801.904       1.700       4.091            41201.242               0.000               0.000           904884.356   1.00000 
  1890.750          78.520    823.658       1.700       4.091            41453.467               0.000               0.000           946337.823   1.00000 
  1891.750          78.400    845.261       1.700       4.091            41706.531               0.000               0.000           988044.354   1.00000 
  1892.750          78.279    850.000       1.622       3.894            41960.439               0.000               0.000          1030004.793   1.00000 
  1893.750          78.157    850.000       1.521       3.640            42211.507               0.000               0.000          1072216.300   1.00000 
  1894.750          78.035    850.000       1.420       3.386            42457.599               0.000               0.000          1114673.899   1.00000 
  1895.750          77.911    850.000       1.318       3.132            42697.746               0.000               0.000          1157371.645   1.00000 
  1896.750          77.787    850.000       1.215       2.878            42931.000               0.000               0.000          1200302.645   1.00000 
  1897.750          77.662    850.000       1.112       2.625            43156.223               0.000               0.000          1243458.868   1.00000 
  1898.750          77.536    850.000       1.008       2.372            43372.212               0.000               0.000          1286831.080   1.00000 
  1899.750          77.409    850.000       0.903       2.120            43577.527               0.000               0.000          1330408.607   1.00000 
  1900.750          77.282    850.000       0.798       1.868            43770.478               0.000               0.000          1374179.084   1.00000 
  1901.750          77.153    850.000       0.693       1.616            43949.005               0.000               0.000          1418128.089   1.00000 
  1902.750          77.024    850.000       0.588       1.365            44110.809               0.000               0.000          1462238.898   1.00000 
  1903.750          76.894    850.000       0.481       1.115            44253.042               0.000               0.000          1506491.940   1.00000 
  1904.750          76.763    850.000       0.375       0.866            44372.328               0.000               0.000          1550864.268   1.00000 
  1905.750          76.631    850.000       0.269       0.618            44464.644               0.000               0.000          1595328.912   1.00000 
  1906.750          76.498    850.000       0.162       0.371            44525.096               0.000               0.000          1639854.007   1.00000 
  1907.750          76.364    850.000       0.055       0.126            44547.570               0.000               0.000          1684401.577   1.00000 
  1908.750          76.229    850.000       0.000       0.000            44524.493               0.000               0.000          1728926.070   1.00000 
