#_______________________________________________________________________________
#    ######   ####     ##             #####   #####     ##    #    #    ## 
#    #       #        #  #            #    #  #    #   #  #   ##  ##   #  #
#    #####    ####   ######           #    #  #####   ######  # ## #  ######
#    #            #  #    #           #    #  #    #  #    #  #    #  #    #
#____######__#####___#____#___________#####___#____#__#____#__#____#__#____#____
#
#              ESA Debris Risk Assessment and Mitigation Analysis
#
#                      ---- DRAMA ( SESAM 2.1.5 ) ----
#                                      ESA 2018
#
#                              aerothermal history file
#-------------------------------------------------------------------------------
# Filename      : sara.IFring.1820861999305024803_cd3cda18-3bf2-43c8-87a7-f735aa44d164_AeroThermalHistory.txt
# RunID         : sara
# ObjectID      : cd3cda18-3bf2-43c8-87a7-f735aa44d164
# ObjectName    : IFring
# ReferenceArea : 0.413965 [m^2]
# Content       : This file contains the aerothermal data of the object,
#                 computed by the DRAMA 3 Re-entry Analysis.
# Documentation : DRAMA Software User Manual, section OPERATIONS MANUAL / Normal operation / SARA / SARA Simulation Output / Re-entry simulation output
# Note          : The convective heat and the integrated heat values in this file take into account the visibility factor
#
#-------------------------------------------------------------------------------------------------------------------------------------------------------------------
#  Time [s]  Altitude [km]   Temp [K]   Mass [kg]   Thick [mm]  Convective Heat [W]  Radiative Heat [W]  Oxidation Heat [W]  Integrated Heat [J] VisibilityFactor [-]
#-------------------------------------------------------------------------------------------------------------------------------------------------------------------
  1617.550          99.244    785.579       5.070       1.461            17428.920               0.000               0.000          3593383.633   0.54021 
  1617.650          99.238    785.772       5.070       1.461            17439.327               0.000               0.000          3595127.566   0.54021 
  1618.100          99.215    786.642       5.070       1.461            17487.725               0.000               0.000          3602997.042   0.54021 
  1619.100          99.163    788.590       5.070       1.461            17599.219               0.000               0.000          3620596.261   0.54021 
  1620.100          99.112    790.547       5.070       1.461            17719.739               0.000               0.000          3638316.000   0.54021 
  1621.100          99.060    792.513       5.070       1.461            17841.116               0.000               0.000          3656157.116   0.54021 
  1622.100          99.007    794.487       5.070       1.461            17963.319               0.000               0.000          3674120.435   0.54021 
  1623.100          98.955    796.470       5.070       1.461            18086.394               0.000               0.000          3692206.829   0.54021 
  1624.100          98.903    798.461       5.070       1.461            18210.292               0.000               0.000          3710417.121   0.54021 
  1625.100          98.850    800.462       5.070       1.461            18335.079               0.000               0.000          3728752.200   0.54021 
  1626.100          98.798    802.472       5.070       1.461            18460.687               0.000               0.000          3747212.887   0.54021 
  1627.100          98.745    804.490       5.070       1.461            18586.930               0.000               0.000          3765799.817   0.54021 
  1628.100          98.692    806.517       5.070       1.461            18713.982               0.000               0.000          3784513.799   0.54021 
  1629.100          98.639    808.553       5.070       1.461            18842.520               0.000               0.000          3803356.319   0.54021 
  1630.100          98.586    810.597       5.070       1.461            18971.852               0.000               0.000          3822328.170   0.54021 
  1631.100          98.533    812.649       5.070       1.461            19101.833               0.000               0.000          3841430.003   0.54021 
  1632.100          98.479    814.710       5.070       1.461            19232.665               0.000               0.000          3860662.668   0.54021 
  1633.100          98.426    816.778       5.070       1.461            19364.394               0.000               0.000          3880027.061   0.54021 
  1634.100          98.372    818.856       5.070       1.461            19496.991               0.000               0.000          3899524.052   0.54021 
  1635.100          98.318    820.942       5.070       1.461            19630.478               0.000               0.000          3919154.529   0.54021 
  1636.100          98.264    823.037       5.070       1.461            19764.849               0.000               0.000          3938919.379   0.54021 
  1637.100          98.210    825.140       5.070       1.461            19900.105               0.000               0.000          3958819.483   0.54021 
  1638.100          98.156    827.253       5.070       1.461            20036.259               0.000               0.000          3978855.742   0.54021 
  1639.100          98.102    829.374       5.070       1.461            20173.292               0.000               0.000          3999029.035   0.54021 
  1640.100          98.047    831.503       5.070       1.461            20311.238               0.000               0.000          4019340.272   0.54021 
  1641.100          97.993    833.642       5.070       1.461            20450.059               0.000               0.000          4039790.331   0.54021 
  1642.100          97.938    835.788       5.070       1.461            20589.801               0.000               0.000          4060380.132   0.54021 
  1643.100          97.883    837.936       5.070       1.461            20730.426               0.000               0.000          4081110.558   0.54021 
  1644.100          97.828    840.086       5.070       1.461            20871.965               0.000               0.000          4101982.523   0.54021 
  1645.100          97.773    842.239       5.070       1.461            21014.399               0.000               0.000          4122996.923   0.54021 
  1646.100          97.718    844.395       5.070       1.461            21157.743               0.000               0.000          4144154.666   0.54021 
  1647.100          97.663    846.553       5.070       1.461            21301.992               0.000               0.000          4165456.658   0.54021 
  1648.100          97.607    848.714       5.070       1.461            21447.149               0.000               0.000          4186903.807   0.54021 
  1649.100          97.552    850.000       5.057       1.458            21593.505               0.000               0.000          4208497.313   0.54021 
  1650.100          97.496    850.000       5.026       1.449            21740.873               0.000               0.000          4230238.186   0.54021 
  1651.100          97.440    850.000       4.995       1.440            21888.418               0.000               0.000          4252126.603   0.54021 
  1652.100          97.384    850.000       4.963       1.430            22036.897               0.000               0.000          4274163.500   0.54021 
  1653.100          97.328    850.000       4.930       1.421            22186.618               0.000               0.000          4296350.118   0.54021 
  1654.100          97.271    850.000       4.897       1.411            22337.258               0.000               0.000          4318687.376   0.54021 
  1655.100          97.215    850.000       4.864       1.402            22488.817               0.000               0.000          4341176.194   0.54021 
  1656.100          97.159    850.000       4.831       1.392            22641.184               0.000               0.000          4363817.378   0.54021 
  1657.100          97.102    850.000       4.797       1.382            22794.408               0.000               0.000          4386611.786   0.54021 
  1658.100          97.045    850.000       4.762       1.372            22948.849               0.000               0.000          4409560.635   0.54021 
  1659.100          96.988    850.000       4.727       1.362            23104.274               0.000               0.000          4432664.909   0.54021 
  1660.100          96.931    850.000       4.692       1.352            23260.442               0.000               0.000          4455925.351   0.54021 
  1661.100          96.874    850.000       4.657       1.342            23417.549               0.000               0.000          4479342.900   0.54021 
  1662.100          96.816    850.000       4.621       1.331            23575.583               0.000               0.000          4502918.483   0.54021 
  1663.100          96.759    850.000       4.584       1.321            23734.548               0.000               0.000          4526653.031   0.54021 
  1664.100          96.701    850.000       4.547       1.310            23894.460               0.000               0.000          4550547.491   0.54021 
  1665.100          96.643    850.000       4.510       1.299            24055.289               0.000               0.000          4574602.780   0.54021 
  1666.100          96.586    850.000       4.472       1.288            24217.082               0.000               0.000          4598819.862   0.54021 
  1667.100          96.527    850.000       4.434       1.277            24379.795               0.000               0.000          4623199.657   0.54021 
  1668.100          96.469    850.000       4.396       1.266            24543.468               0.000               0.000          4647743.124   0.54021 
  1669.100          96.411    850.000       4.357       1.255            24708.090               0.000               0.000          4672451.214   0.54021 
  1670.100          96.352    850.000       4.317       1.243            24873.656               0.000               0.000          4697324.871   0.54021 
  1671.100          96.294    850.000       4.277       1.232            25040.206               0.000               0.000          4722365.077   0.54021 
  1672.100          96.235    850.000       4.237       1.220            25207.681               0.000               0.000          4747572.758   0.54021 
  1673.100          96.176    850.000       4.196       1.208            25376.151               0.000               0.000          4772948.909   0.54021 
  1674.100          96.117    850.000       4.155       1.196            25545.581               0.000               0.000          4798494.490   0.54021 
  1675.100          96.058    850.000       4.113       1.184            25715.990               0.000               0.000          4824210.480   0.54021 
  1676.100          95.999    850.000       4.071       1.172            25887.401               0.000               0.000          4850097.882   0.54021 
  1677.100          95.939    850.000       4.029       1.160            26059.777               0.000               0.000          4876157.658   0.54021 
  1678.100          95.880    850.000       3.986       1.147            26233.178               0.000               0.000          4902390.836   0.54021 
  1679.100          95.820    850.000       3.942       1.135            26407.570               0.000               0.000          4928798.406   0.54021 
  1680.100          95.760    850.000       3.899       1.122            26582.985               0.000               0.000          4955381.391   0.54021 
  1681.100          95.700    850.000       3.854       1.109            26759.438               0.000               0.000          4982140.830   0.54021 
  1682.100          95.640    850.000       3.809       1.096            26936.911               0.000               0.000          5009077.741   0.54021 
  1683.100          95.580    850.000       3.764       1.083            27115.451               0.000               0.000          5036193.192   0.54021 
  1684.100          95.519    850.000       3.718       1.070            27295.043               0.000               0.000          5063488.234   0.54021 
  1685.100          95.459    850.000       3.672       1.057            27475.716               0.000               0.000          5090963.950   0.54021 
  1686.100          95.398    850.000       3.625       1.043            27657.483               0.000               0.000          5118621.433   0.54021 
  1687.100          95.337    850.000       3.578       1.030            27840.353               0.000               0.000          5146461.786   0.54021 
  1688.100          95.276    850.000       3.530       1.016            28024.352               0.000               0.000          5174486.138   0.54021 
  1689.100          95.215    850.000       3.482       1.002            28209.493               0.000               0.000          5202695.630   0.54021 
  1690.100          95.153    850.000       3.434       0.988            28395.803               0.000               0.000          5231091.434   0.54021 
  1691.100          95.092    850.000       3.385       0.974            28583.284               0.000               0.000          5259674.718   0.54021 
  1692.100          95.030    850.000       3.335       0.959            28772.001               0.000               0.000          5288446.719   0.54021 
  1693.100          94.968    850.000       3.285       0.945            28961.938               0.000               0.000          5317408.657   0.54021 
  1694.100          94.907    850.000       3.234       0.930            29153.130               0.000               0.000          5346561.786   0.54021 
  1695.100          94.844    850.000       3.183       0.915            29345.551               0.000               0.000          5375907.338   0.54021 
  1696.100          94.782    850.000       3.131       0.901            29539.173               0.000               0.000          5405446.511   0.54021 
  1697.100          94.720    850.000       3.079       0.886            29733.917               0.000               0.000          5435180.428   0.54021 
  1698.100          94.657    850.000       3.027       0.870            29929.830               0.000               0.000          5465110.258   0.54021 
  1699.100          94.595    850.000       2.974       0.855            30126.935               0.000               0.000          5495237.193   0.54021 
  1700.100          94.532    850.000       2.920       0.839            30325.196               0.000               0.000          5525562.389   0.54021 
  1701.100          94.469    850.000       2.866       0.824            30524.680               0.000               0.000          5556087.069   0.54021 
  1702.100          94.406    850.000       2.811       0.808            30725.378               0.000               0.000          5586812.448   0.54021 
  1703.100          94.343    850.000       2.756       0.792            30927.291               0.000               0.000          5617739.739   0.54021 
  1704.100          94.279    850.000       2.700       0.776            31130.464               0.000               0.000          5648870.202   0.54021 
  1705.100          94.216    850.000       2.644       0.760            31334.876               0.000               0.000          5680205.078   0.54021 
  1706.100          94.152    850.000       2.587       0.743            31540.517               0.000               0.000          5711745.595   0.54021 
  1707.100          94.088    850.000       2.529       0.727            31747.439               0.000               0.000          5743493.034   0.54021 
  1708.100          94.024    850.000       2.471       0.710            31955.743               0.000               0.000          5775448.777   0.54021 
  1709.100          93.960    850.000       2.413       0.693            32165.333               0.000               0.000          5807614.110   0.54021 
  1710.100          93.895    850.000       2.354       0.676            32376.222               0.000               0.000          5839990.332   0.54021 
  1711.100          93.831    850.000       2.294       0.659            32588.414               0.000               0.000          5872578.746   0.54021 
  1712.100          93.766    850.000       2.234       0.642            32801.966               0.000               0.000          5905380.712   0.54021 
  1713.100          93.701    850.000       2.174       0.624            33016.879               0.000               0.000          5938397.592   0.54021 
  1714.100          93.636    850.000       2.112       0.607            33233.141               0.000               0.000          5971630.733   0.54021 
  1715.100          93.571    850.000       2.050       0.589            33450.803               0.000               0.000          6005081.536   0.54021 
  1716.100          93.506    850.000       1.988       0.571            33669.858               0.000               0.000          6038751.394   0.54021 
  1717.100          93.440    850.000       1.925       0.553            33890.309               0.000               0.000          6072641.703   0.54021 
  1718.100          93.375    850.000       1.862       0.535            34112.201               0.000               0.000          6106753.904   0.54021 
  1719.100          93.309    850.000       1.797       0.516            34335.523               0.000               0.000          6141089.427   0.54021 
  1720.100          93.243    850.000       1.733       0.497            34560.287               0.000               0.000          6175649.714   0.54021 
  1721.100          93.177    850.000       1.667       0.479            34786.538               0.000               0.000          6210436.252   0.54021 
  1722.100          93.110    850.000       1.602       0.460            35014.258               0.000               0.000          6245450.510   0.54021 
  1723.100          93.044    850.000       1.535       0.441            35243.469               0.000               0.000          6280693.979   0.54021 
  1724.100          92.977    850.000       1.468       0.421            35474.173               0.000               0.000          6316168.151   0.54021 
  1725.100          92.911    850.000       1.400       0.402            35706.236               0.000               0.000          6351874.388   0.54021 
  1726.100          92.844    850.000       1.332       0.382            35940.124               0.000               0.000          6387814.511   0.54021 
  1727.100          92.776    850.000       1.263       0.362            36175.668               0.000               0.000          6423990.179   0.54021 
