2606.650	78.606	300.000	38.260	10.026	106407.274	0.000	0.000.1	0.000.2	1.00000
2606.75	78.597	300.823	38.26	10.026	106466.334	0.0	0.0	10646.633	1.0
2607.2	78.556	304.534	38.26	10.026	106740.989	0.0	0.0	58680.078	1.0
2608.2	78.465	312.83	38.26	10.026	107374.333	0.0	0.0	166054.411	1.0
2609.2	78.374	321.178	38.26	10.026	108060.02	0.0	0.0	274114.431	1.0
2610.2	78.282	329.578	38.26	10.026	108751.558	0.0	0.0	382865.988	1.0
2611.2	78.19	338.031	38.26	10.026	109448.996	0.0	0.0	492314.985	1.0
2612.2	78.098	346.537	38.26	10.026	110152.371	0.0	0.0	602467.356	1.0
2613.2	78.005	355.097	38.26	10.026	110861.785	0.0	0.0	713329.141	1.0
2614.2	77.912	363.71	38.26	10.026	111577.299	0.0	0.0	824906.44	1.0
2615.2	77.818	372.378	38.26	10.026	112298.978	0.0	0.0	937205.417	1.0
2616.2	77.724	381.1	38.26	10.026	113026.885	0.0	0.0	1050232.302	1.0
2617.2	77.63	389.877	38.26	10.026	113761.086	0.0	0.0	1163993.388	1.0
2618.2	77.535	398.709	38.26	10.026	114501.649	0.0	0.0	1278495.037	1.0
2619.2	77.44	407.597	38.26	10.026	115248.634	0.0	0.0	1393743.671	1.0
2620.2	77.344	416.541	38.26	10.026	116002.106	0.0	0.0	1509745.777	1.0
2621.2	77.248	425.541	38.26	10.026	116762.14	0.0	0.0	1626507.917	1.0
2622.2	77.152	434.597	38.26	10.026	117528.8	0.0	0.0	1744036.717	1.0
2623.2	77.055	443.71	38.26	10.026	118302.174	0.0	0.0	1862338.891	1.0
2624.2	76.957	452.881	38.26	10.026	119082.312	0.0	0.0	1981421.203	1.0
2625.2	76.86	462.108	38.26	10.026	119869.224	0.0	0.0	2101290.428	1.0
2626.2	76.761	471.394	38.26	10.026	120663.079	0.0	0.0	2221953.506	1.0
2627.2	76.663	480.738	38.26	10.026	121463.906	0.0	0.0	2343417.413	1.0
2628.2	76.564	490.139	38.26	10.026	122271.779	0.0	0.0	2465689.191	1.0
2629.2	76.464	499.6	38.26	10.026	123086.768	0.0	0.0	2588775.959	1.0
2630.2	76.364	509.119	38.26	10.026	123908.948	0.0	0.0	2712684.907	1.0
2631.2	76.263	518.698	38.26	10.026	124738.394	0.0	0.0	2837423.302	1.0
2632.2	76.162	528.336	38.26	10.026	125575.158	0.0	0.0	2962998.46	1.0
2633.2	76.061	538.033	38.26	10.026	126419.34	0.0	0.0	3089417.8	1.0
2634.2	75.959	547.791	38.26	10.026	127271.005	0.0	0.0	3216688.804	1.0
2635.2	75.857	557.608	38.26	10.026	128130.226	0.0	0.0	3344819.03	1.0
2636.2	75.754	567.485	38.26	10.026	128997.081	0.0	0.0	3473816.111	1.0
2637.2	75.65	577.423	38.26	10.026	129871.643	0.0	0.0	3603687.754	1.0
2638.2	75.546	587.422	38.26	10.026	130753.989	0.0	0.0	3734441.743	1.0
2639.2	75.442	597.481	38.26	10.026	131644.195	0.0	0.0	3866085.937	1.0
2640.2	75.337	607.601	38.26	10.026	132542.337	0.0	0.0	3998628.275	1.0
2641.2	75.232	617.782	38.26	10.026	133448.493	0.0	0.0	4132076.768	1.0
2642.2	75.126	628.024	38.26	10.026	134362.74	0.0	0.0	4266439.508	1.0
2643.2	75.019	638.327	38.26	10.026	135285.155	0.0	0.0	4401724.662	1.0
2644.2	74.912	648.692	38.26	10.026	136215.815	0.0	0.0	4537940.478	1.0
2645.2	74.805	659.118	38.26	10.026	137154.866	0.0	0.0	4675095.344	1.0
2646.2	74.696	669.605	38.26	10.026	138102.189	0.0	0.0	4813197.533	1.0
2647.2	74.588	680.153	38.26	10.026	139058.039	0.0	0.0	4952255.572	1.0
2648.2	74.478	690.762	38.26	10.026	140022.386	0.0	0.0	5092277.958	1.0
2649.2	74.369	701.433	38.26	10.026	140995.344	0.0	0.0	5233273.302	1.0
2650.2	74.258	712.165	38.26	10.026	141977.002	0.0	0.0	5375250.304	1.0
2651.2	74.147	722.957	38.26	10.026	142967.434	0.0	0.0	5518217.738	1.0
2652.2	74.036	733.811	38.26	10.026	143966.717	0.0	0.0	5662184.455	1.0
2653.2	73.924	744.725	38.26	10.026	144974.926	0.0	0.0	5807159.382	1.0
2654.2	73.811	755.7	38.26	10.026	145992.137	0.0	0.0	5953151.518	1.0
2655.2	73.698	766.735	38.26	10.026	147018.423	0.0	0.0	6100169.941	1.0
2656.2	73.584	777.83	38.26	10.026	148053.839	0.0	0.0	6248223.78	1.0
2657.2	73.469	788.985	38.26	10.026	149098.369	0.0	0.0	6397322.149	1.0
2658.2	73.354	800.2	38.26	10.026	150152.186	0.0	0.0	6547474.335	1.0
2659.2	73.238	811.473	38.26	10.026	151215.363	0.0	0.0	6698689.698	1.0
2660.2	73.122	822.805	38.26	10.026	152287.97	0.0	0.0	6850977.667	1.0
2661.2	73.004	834.196	38.26	10.026	153370.076	0.0	0.0	7004347.743	1.0
2662.2	72.887	845.644	38.26	10.026	154461.751	0.0	0.0	7158809.494	1.0
2663.2	72.768	857.149	38.26	10.026	155562.904	0.0	0.0	7314372.398	1.0
2664.2	72.649	868.711	38.26	10.026	156673.737	0.0	0.0	7471046.135	1.0
2665.2	72.529	880.329	38.26	10.026	157794.327	0.0	0.0	7628840.461	1.0
2666.2	72.409	892.003	38.26	10.026	158924.736	0.0	0.0	7787765.197	1.0
2667.2	72.288	903.731	38.26	10.026	160065.056	0.0	0.0	7947830.253	1.0
2668.2	72.166	915.513	38.26	10.026	161215.065	0.0	0.0	8109045.318	1.0
2669.2	72.043	927.349	38.26	10.026	162375.052	0.0	0.0	8271420.37	1.0
2670.2	71.92	939.236	38.26	10.026	163545.159	0.0	0.0	8434965.529	1.0
2671.2	71.796	951.176	38.26	10.026	164724.748	0.0	0.0	8599690.277	1.0
2672.2	71.671	963.163	38.26	10.026	165880.339	0.0	0.0	8765570.616	1.0
2673.2	71.546	975.197	38.26	10.026	167041.416	0.0	0.0	8932612.031	1.0
2674.2	71.419	987.276	38.26	10.026	168211.478	0.0	0.0	9100823.509	1.0
2675.2	71.292	999.399	38.26	10.026	169390.545	0.0	0.0	9270214.054	1.0
2676.2	71.164	1011.565	38.26	10.026	170578.351	0.0	0.0	9440792.405	1.0
2677.2	71.036	1023.773	38.26	10.026	171775.06	0.0	0.0	9612567.465	1.0
2678.2	70.906	1036.021	38.26	10.026	172980.798	0.0	0.0	9785548.263	1.0
2679.2	70.776	1048.309	38.26	10.026	174195.461	0.0	0.0	9959743.724	1.0
2680.2	70.645	1060.633	38.26	10.026	175418.824	0.0	0.0	10135162.548	1.0
2681.2	70.513	1072.993	38.26	10.026	176651.167	0.0	0.0	10311813.715	1.0
2682.2	70.381	1085.388	38.26	10.026	177892.494	0.0	0.0	10489706.209	1.0
2683.2	70.247	1097.815	38.26	10.026	179142.345	0.0	0.0	10668848.554	1.0
2684.2	70.113	1110.273	38.26	10.026	180401.15	0.0	0.0	10849249.704	1.0
2685.2	69.978	1122.76	38.26	10.026	181668.801	0.0	0.0	11030918.505	1.0
2686.2	69.842	1135.274	38.26	10.026	182944.875	0.0	0.0	11213863.38	1.0
2687.2	69.705	1147.813	38.26	10.026	184229.791	0.0	0.0	11398093.171	1.0
2688.2	69.567	1160.0	38.232	10.018	185523.253	0.0	0.0	11583616.424	1.0
2689.2	69.428	1160.0	37.299	9.754	186824.766	0.0	0.0	11770441.19	1.0
2690.2	69.288	1160.0	36.359	9.489	188123.14	0.0	0.0	11958564.33	1.0
2691.2	69.148	1160.0	35.412	9.223	189414.66	0.0	0.0	12147978.99	1.0
2692.2	69.006	1160.0	34.457	8.956	190697.907	0.0	0.0	12338676.897	1.0
2693.2	68.864	1160.0	33.494	8.688	191970.608	0.0	0.0	12530647.505	1.0
2694.2	68.72	1160.0	32.525	8.419	193230.367	0.0	0.0	12723877.872	1.0
2695.2	68.576	1160.0	31.548	8.15	194474.952	0.0	0.0	12918352.824	1.0
2696.2	68.43	1160.0	30.565	7.88	195700.896	0.0	0.0	13114053.72	1.0
2697.2	68.284	1160.0	29.574	7.608	196905.774	0.0	0.0	13310959.494	1.0
2698.2	68.137	1160.0	28.577	7.337	198085.305	0.0	0.0	13509044.798	1.0
2699.2	67.988	1160.0	27.573	7.064	199236.222	0.0	0.0	13708281.02	1.0
2700.2	67.839	1160.0	26.563	6.791	200353.37	0.0	0.0	13908634.389	1.0
2701.2	67.689	1160.0	25.546	6.518	201432.486	0.0	0.0	14110066.876	1.0
2702.2	67.537	1160.0	24.524	6.244	202467.172	0.0	0.0	14312534.048	1.0
2703.2	67.385	1160.0	23.496	5.97	203451.875	0.0	0.0	14515985.923	1.0
2704.2	67.232	1160.0	22.463	5.696	204378.666	0.0	0.0	14720364.589	1.0
2705.2	67.077	1160.0	21.424	5.421	205239.986	0.0	0.0	14925604.575	1.0
2706.2	66.922	1160.0	20.381	5.147	206025.776	0.0	0.0	15131630.351	1.0
2707.2	66.765	1160.0	19.335	4.872	206725.894	0.0	0.0	15338356.246	1.0
2708.2	66.607	1160.0	18.284	4.598	207327.555	0.0	0.0	15545683.8	1.0
2709.2	66.448	1160.0	17.231	4.324	207816.502	0.0	0.0	15753500.302	1.0
2710.2	66.289	1160.0	16.176	4.051	208176.048	0.0	0.0	15961676.35	1.0
2711.2	66.128	1160.0	15.12	3.779	208385.992	0.0	0.0	16170062.342	1.0
2712.2	65.966	1160.0	14.063	3.508	208423.492	0.0	0.0	16378485.834	1.0
2713.2	65.802	1160.0	13.008	3.238	208260.181	0.0	0.0	16586746.015	1.0
2714.2	65.638	1160.0	11.954	2.97	207862.419	0.0	0.0	16794608.434	1.0
2715.2	65.473	1160.0	10.905	2.703	207189.395	0.0	0.0	17001797.829	1.0
2716.2	65.306	1160.0	9.861	2.44	206189.551	0.0	0.0	17207987.38	1.0
2717.2	65.139	1160.0	8.825	2.179	204799.522	0.0	0.0	17412786.902	1.0
2718.2	64.97	1160.0	7.8	1.922	202937.836	0.0	0.0	17615724.738	1.0
2719.2	64.801	1160.0	6.789	1.67	200497.696	0.0	0.0	17816222.434	1.0
2720.2	64.631	1160.0	5.796	1.423	197337.204	0.0	0.0	18013559.638	1.0
2721.2	64.46	1160.0	4.826	1.183	193260.529	0.0	0.0	18206820.166	1.0
2722.2	64.289	1160.0	3.887	0.951	187986.721	0.0	0.0	18394806.887	1.0
2723.2	64.117	1160.0	2.987	0.73	181093.857	0.0	0.0	18575900.744	1.0
2724.2	63.945	1160.0	2.14	0.522	171906.263	0.0	0.0	18747807.007	1.0
2725.2	63.775	1160.0	1.365	0.332	159242.609	0.0	0.0	18907049.616	1.0
2726.2	63.607	1160.0	0.696	0.169	140764.018	0.0	0.0	19047813.633	1.0
2727.2	63.446	1160.0	0.198	0.048	110901.699	0.0	0.0	19158715.333	1.0
2727.487	63.403	1160.0	0.095	0.023	86688.045	0.0	0.0	19183575.573	1.0
2727.676	63.376	1160.0	0.052	0.013	64014.301	0.0	0.0	19195687.695	1.0
2727.817	63.358	1160.0	0.036	0.009	44051.089	0.0	0.0	19201899.999	1.0
2727.96	63.342	1160.0	0.033	0.008	27352.665	0.0	0.0	19205800.166	1.0
2728.126	63.326	1044.653	0.033	0.008	16246.925	0.0	0.0	19208499.62	1.0
