#_______________________________________________________________________________
#    ######   ####     ##             #####   #####     ##    #    #    ## 
#    #       #        #  #            #    #  #    #   #  #   ##  ##   #  #
#    #####    ####   ######           #    #  #####   ######  # ## #  ######
#    #            #  #    #           #    #  #    #  #    #  #    #  #    #
#____######__#####___#____#___________#####___#____#__#____#__#____#__#____#____
#
#              ESA Debris Risk Assessment and Mitigation Analysis
#
#                      ---- DRAMA ( SESAM 2.1.5 ) ----
#                                      ESA 2018
#
#                              aerothermal history file
#-------------------------------------------------------------------------------
# Filename      : sara.case4_solid.7f7f274b-035d-4fd6-b84f-925bb3aa22a8_AeroThermalHistory.txt
# RunID         : sara
# ObjectID      : 7f7f274b-035d-4fd6-b84f-925bb3aa22a8
# ObjectName    : case4_solid
# ReferenceArea : 0.19635 [m^2]
# Content       : This file contains the aerothermal data of the object,
#                 computed by the DRAMA 3 Re-entry Analysis.
# Documentation : DRAMA Software User Manual, section OPERATIONS MANUAL / Normal operation / SARA / SARA Simulation Output / Re-entry simulation output
# Note          : The convective heat and the integrated heat values in this file take into account the visibility factor
#
#-------------------------------------------------------------------------------------------------------------------------------------------------------------------
#  Time [s]  Altitude [km]   Temp [K]   Mass [kg]   Thick [mm]  Convective Heat [W]  Radiative Heat [W]  Oxidation Heat [W]  Integrated Heat [J] VisibilityFactor [-]
#-------------------------------------------------------------------------------------------------------------------------------------------------------------------
  1114.100          77.981    300.082      99.920     239.217           173608.406               0.000               0.000                0.000   1.00000 
  1114.200          77.974    394.761      99.920     239.214           173681.424               0.000               0.000            17368.142   1.00000 
  1114.650          77.943    616.458      99.919     239.160           174020.912               0.000               0.000            95677.553   1.00000 
  1115.650          77.875    872.781      99.828     225.057           174801.934               0.000               0.000           270479.487   1.00000 
  1116.650          77.806    621.855      99.817     224.113           175644.676               0.000               0.000           446124.163   1.00000 
  1117.650          77.737    545.571      99.805     223.248           176491.714               0.000               0.000           622615.877   1.00000 
  1118.650          77.668    505.649      99.794     222.442           177343.276               0.000               0.000           799959.153   1.00000 
  1119.650          77.599    479.575      99.782     221.684           178199.333               0.000               0.000           978158.486   1.00000 
  1120.650          77.530    460.636      99.771     220.966           179059.778               0.000               0.000          1157218.264   1.00000 
  1121.650          77.460    446.079      99.760     220.284           179924.892               0.000               0.000          1337143.156   1.00000 
  1122.650          77.391    434.420      99.749     219.632           180794.724               0.000               0.000          1517937.879   1.00000 
  1123.650          77.321    424.789      99.737     219.008           181669.026               0.000               0.000          1699606.905   1.00000 
  1124.650          77.251    416.655      99.726     218.409           182548.153               0.000               0.000          1882155.058   1.00000 
  1125.650          77.181    409.667      99.715     217.832           183432.166               0.000               0.000          2065587.223   1.00000 
  1126.650          77.111    403.578      99.704     217.275           184320.906               0.000               0.000          2249908.129   1.00000 
  1127.650          77.041    400.172      99.688     216.542           185214.576               0.000               0.000          2435122.705   1.00000 
  1128.650          76.970    827.739      99.627     213.901           186113.274               0.000               0.000          2621235.978   1.00000 
  1129.650          76.899    616.646      99.582     212.189           187016.852               0.000               0.000          2808252.830   1.00000 
  1130.650          76.829    548.741      99.567     211.651           187925.376               0.000               0.000          2996178.206   1.00000 
  1131.650          76.757    514.107      99.552     211.130           188839.121               0.000               0.000          3185017.327   1.00000 
  1132.650          76.686    491.681      99.537     210.624           189758.143               0.000               0.000          3374775.470   1.00000 
  1133.650          76.615    475.330      99.522     210.132           190682.237               0.000               0.000          3565457.707   1.00000 
  1134.650          76.543    462.548      99.508     209.653           191611.676               0.000               0.000          3757069.383   1.00000 
  1135.650          76.472    452.139      99.493     209.185           192546.574               0.000               0.000          3949615.957   1.00000 
  1136.650          76.400    443.394      99.478     208.728           193486.899               0.000               0.000          4143102.856   1.00000 
  1137.650          76.327    435.885      99.463     208.281           194432.603               0.000               0.000          4337535.459   1.00000 
  1138.650          76.255    431.787      99.449     207.857           195383.945               0.000               0.000          4532919.405   1.00000 
  1139.650          76.182    857.070      99.355     205.274           196340.990               0.000               0.000          4729260.395   1.00000 
  1140.650          76.110    631.666      99.322     204.414           197303.519               0.000               0.000          4926563.913   1.00000 
  1141.650          76.037    559.225      99.288     203.592           198271.760               0.000               0.000          5124835.673   1.00000 
  1142.650          75.964    524.257      99.255     202.800           199245.889               0.000               0.000          5324081.563   1.00000 
  1143.650          75.890    501.683      99.222     202.036           200225.974               0.000               0.000          5524307.537   1.00000 
  1144.650          75.816    489.528      99.210     201.768           201211.783               0.000               0.000          5725519.320   1.00000 
  1145.650          75.743    927.427      99.117     199.757           202203.707               0.000               0.000          5927723.027   1.00000 
  1146.650          75.669    682.106      99.105     199.522           203201.720               0.000               0.000          6130924.747   1.00000 
  1147.650          75.594    611.081      99.094     199.295           204205.945               0.000               0.000          6335130.693   1.00000 
  1148.650          75.520    573.430      99.083     199.076           205216.252               0.000               0.000          6540346.945   1.00000 
  1149.650          75.445    548.520      99.072     198.863           206232.979               0.000               0.000          6746579.924   1.00000 
  1150.650          75.370    530.002      99.062     198.652           207256.202               0.000               0.000          6953836.125   1.00000 
  1151.650          75.295    515.339      99.051     198.443           208285.951               0.000               0.000          7162122.076   1.00000 
  1152.650          75.219    503.284      99.041     198.237           209322.101               0.000               0.000          7371444.177   1.00000 
  1153.650          75.143    493.072      99.030     198.033           210364.981               0.000               0.000          7581809.158   1.00000 
  1154.650          75.067    484.242      99.020     197.830           211414.673               0.000               0.000          7793223.831   1.00000 
  1155.650          74.991    476.482      99.009     197.629           212471.252               0.000               0.000          8005695.083   1.00000 
  1156.650          74.914    469.573      98.999     197.430           213534.520               0.000               0.000          8219229.603   1.00000 
  1157.650          74.837    463.359      98.988     197.233           214604.912               0.000               0.000          8433834.515   1.00000 
  1158.650          74.760    460.660      98.971     196.921           215682.399               0.000               0.000          8649516.914   1.00000 
  1159.650          74.683    976.938      98.871     195.131           216766.987               0.000               0.000          8866283.901   1.00000 
  1160.650          74.605    673.357      98.831     194.444           217858.635               0.000               0.000          9084142.536   1.00000 
  1161.650          74.527    594.488      98.791     193.781           218957.507               0.000               0.000          9303100.043   1.00000 
  1162.650          74.449    557.964      98.752     193.141           220063.798               0.000               0.000          9523163.841   1.00000 
  1163.650          74.370    540.155      98.733     192.832           221177.597               0.000               0.000          9744341.439   1.00000 
  1164.650          74.291   1034.106      98.635     191.317           222299.013               0.000               0.000          9966640.452   1.00000 
  1165.650          74.212    716.246      98.604     190.853           223427.751               0.000               0.000         10190068.203   1.00000 
  1166.650          74.132    637.067      98.575     190.415           224564.259               0.000               0.000         10414632.462   1.00000 
  1167.650          74.053    596.329      98.547     190.014           225708.648               0.000               0.000         10640341.110   1.00000 
  1168.650          73.972    569.423      98.520     189.625           226861.016               0.000               0.000         10867202.126   1.00000 
  1169.650          73.892    554.826      98.490     189.199           228021.429               0.000               0.000         11095223.555   1.00000 
  1170.650          73.811   1077.072      98.401     187.962           229189.770               0.000               0.000         11324413.325   1.00000 
  1171.650          73.730    746.925      98.378     187.660           230366.244               0.000               0.000         11554779.568   1.00000 
  1172.650          73.648    666.490      98.358     187.396           231551.065               0.000               0.000         11786330.634   1.00000 
  1173.650          73.567    624.970      98.343     187.193           232744.357               0.000               0.000         12019074.991   1.00000 
  1174.650          73.484    596.896      98.329     187.004           233946.228               0.000               0.000         12253021.218   1.00000 
  1175.650          73.402    575.910      98.315     186.821           235156.614               0.000               0.000         12488177.832   1.00000 
  1176.650          73.319    559.318      98.301     186.641           236375.712               0.000               0.000         12724553.544   1.00000 
  1177.650          73.235    545.605      98.287     186.462           237603.701               0.000               0.000         12962157.245   1.00000 
  1178.650          73.152    533.957      98.273     186.286           238840.685               0.000               0.000         13200997.930   1.00000 
  1179.650          73.068    523.854      98.260     186.110           240086.769               0.000               0.000         13441084.699   1.00000 
  1180.650          72.983    519.072      98.245     185.918           241342.057               0.000               0.000         13682426.756   1.00000 
  1181.650          72.898   1114.460      98.165     184.917           242606.523               0.000               0.000         13925033.279   1.00000 
  1182.650          72.813    760.848      98.145     184.673           243880.155               0.000               0.000         14168913.434   1.00000 
  1183.650          72.727    676.987      98.127     184.463           245163.274               0.000               0.000         14414076.708   1.00000 
  1184.650          72.641    635.581      98.116     184.320           246456.016               0.000               0.000         14660532.724   1.00000 
  1185.650          72.555    607.793      98.105     184.194           247758.506               0.000               0.000         14908291.231   1.00000 
  1186.650          72.468    587.216      98.095     184.074           249070.863               0.000               0.000         15157362.094   1.00000 
  1187.650          72.381    570.992      98.085     183.956           250393.203               0.000               0.000         15407755.297   1.00000 
  1188.650          72.293    557.678      98.076     183.840           251725.615               0.000               0.000         15659480.912   1.00000 
  1189.650          72.205    546.397      98.066     183.725           253068.036               0.000               0.000         15912548.949   1.00000 
  1190.650          72.116    536.621      98.056     183.611           254420.764               0.000               0.000         16166969.712   1.00000 
  1191.650          72.027    528.010      98.047     183.497           255784.020               0.000               0.000         16422753.732   1.00000 
  1192.650          71.937    520.321      98.037     183.384           257157.883               0.000               0.000         16679911.615   1.00000 
  1193.650          71.847    513.382      98.027     183.272           258541.979               0.000               0.000         16938453.594   1.00000 
  1194.650          71.757    507.064      98.018     183.160           259921.540               0.000               0.000         17198375.134   1.00000 
  1195.650          71.666    504.893      98.004     182.999           261284.022               0.000               0.000         17459659.156   1.00000 
  1196.650          71.575   1184.716      97.917     182.005           262656.424               0.000               0.000         17722315.580   1.00000 
  1197.650          71.483    743.114      97.867     181.446           264038.603               0.000               0.000         17986354.183   1.00000 
  1198.650          71.390    658.256      97.826     180.992           265430.696               0.000               0.000         18251784.879   1.00000 
  1199.650          71.297    616.078      97.792     180.619           266832.762               0.000               0.000         18518617.641   1.00000 
  1200.650          71.204    595.255      97.761     180.292           268245.057               0.000               0.000         18786862.699   1.00000 
  1201.650          71.110   1239.212      97.684     179.475           269667.694               0.000               0.000         19056530.393   1.00000 
  1202.650          71.015    764.497      97.611     178.716           271100.603               0.000               0.000         19327630.996   1.00000 
  1203.650          70.920    681.540      97.578     178.383           272543.862               0.000               0.000         19600174.858   1.00000 
  1204.650          70.825    637.235      97.554     178.133           273997.717               0.000               0.000         19874172.575   1.00000 
  1205.650          70.729    607.441      97.530     177.897           275462.340               0.000               0.000         20149634.915   1.00000 
  1206.650          70.632    585.568      97.507     177.667           276937.778               0.000               0.000         20426572.692   1.00000 
  1207.650          70.535    574.126      97.492     177.520           278424.150               0.000               0.000         20704996.842   1.00000 
  1208.650          70.437   1313.368      97.455     177.154           279921.619               0.000               0.000         20984918.462   1.00000 
  1209.650          70.339    791.128      97.378     176.398           281430.178               0.000               0.000         21266348.639   1.00000 
  1210.650          70.240    707.499      97.364     176.270           282949.734               0.000               0.000         21549298.373   1.00000 
  1211.650          70.140    665.340      97.357     176.197           284480.624               0.000               0.000         21833778.998   1.00000 
  1212.650          70.040    635.609      97.350     176.134           286023.007               0.000               0.000         22119802.004   1.00000 
  1213.650          69.939    613.470      97.344     176.075           287576.988               0.000               0.000         22407378.992   1.00000 
  1214.650          69.838    596.116      97.338     176.018           289142.666               0.000               0.000         22696521.658   1.00000 
  1215.650          69.736    581.980      97.332     175.962           290720.140               0.000               0.000         22987241.798   1.00000 
  1216.650          69.633    570.122      97.326     175.907           292309.506               0.000               0.000         23279551.304   1.00000 
  1217.650          69.530    559.950      97.321     175.853           293910.857               0.000               0.000         23573462.161   1.00000 
  1218.650          69.426    551.087      97.315     175.799           295524.288               0.000               0.000         23868986.450   1.00000 
  1219.650          69.322    543.241      97.309     175.746           297149.891               0.000               0.000         24166136.341   1.00000 
  1220.650          69.216    536.228      97.304     175.693           298787.756               0.000               0.000         24464924.097   1.00000 
  1221.650          69.111    529.902      97.298     175.640           300437.972               0.000               0.000         24765362.069   1.00000 
  1222.650          69.004    524.149      97.292     175.587           302100.625               0.000               0.000         25067462.695   1.00000 
  1223.650          68.897    518.893      97.287     175.535           303775.801               0.000               0.000         25371238.495   1.00000 
  1224.650          68.789    514.064      97.281     175.482           305463.581               0.000               0.000         25676702.076   1.00000 
  1225.650          68.680    509.610      97.276     175.430           307163.885               0.000               0.000         25983865.961   1.00000 
  1226.650          68.571    505.488      97.270     175.378           308876.897               0.000               0.000         26292742.858   1.00000 
  1227.650          68.461    501.664      97.265     175.326           310602.633               0.000               0.000         26603345.491   1.00000 
  1228.650          68.350    498.108      97.259     175.275           312341.333               0.000               0.000         26915686.824   1.00000 
  1229.650          68.238    494.797      97.254     175.223           314093.005               0.000               0.000         27229779.830   1.00000 
  1230.650          68.126    491.709      97.248     175.172           315857.645               0.000               0.000         27545637.474   1.00000 
  1231.650          68.013    490.615      97.238     175.075           317635.432               0.000               0.000         27863272.907   1.00000 
  1232.650          67.899   1426.252      97.219     174.903           319426.234               0.000               0.000         28182699.141   1.00000 
  1233.650          67.784    798.730      97.137     174.147           321230.239               0.000               0.000         28503929.380   1.00000 
  1234.650          67.668    707.584      97.124     174.035           323046.461               0.000               0.000         28826975.841   1.00000 
  1235.650          67.552    662.203      97.116     173.962           324875.728               0.000               0.000         29151851.569   1.00000 
  1236.650          67.435    631.014      97.109     173.897           326718.350               0.000               0.000         29478569.918   1.00000 
  1237.650          67.317    608.469      97.102     173.834           328574.301               0.000               0.000         29807144.219   1.00000 
  1238.650          67.198    591.275      97.095     173.773           330443.541               0.000               0.000         30137587.761   1.00000 
  1239.650          67.079    577.598      97.088     173.713           332325.934               0.000               0.000         30469913.695   1.00000 
  1240.650          66.958    566.351      97.082     173.654           334221.284               0.000               0.000         30804134.979   1.00000 
  1241.650          66.837    556.882      97.075     173.595           336129.992               0.000               0.000         31140264.971   1.00000 
  1242.650          66.714    548.725      97.069     173.537           338052.046               0.000               0.000         31478317.017   1.00000 
  1243.650          66.591    541.598      97.062     173.479           339987.432               0.000               0.000         31818304.448   1.00000 
  1244.650          66.467    535.290      97.056     173.421           341935.650               0.000               0.000         32160240.099   1.00000 
  1245.650          66.342    529.652      97.049     173.363           343896.992               0.000               0.000         32504137.091   1.00000 
  1246.650          66.216    524.569      97.043     173.306           345871.468               0.000               0.000         32850008.559   1.00000 
  1247.650          66.090    519.959      97.036     173.249           347859.270               0.000               0.000         33197867.829   1.00000 
  1248.650          65.962    515.758      97.030     173.192           349859.422               0.000               0.000         33547727.251   1.00000 
  1249.650          65.833    511.913      97.023     173.135           351872.517               0.000               0.000         33899599.768   1.00000 
  1250.650          65.703    508.383      97.017     173.078           353898.554               0.000               0.000         34253498.321   1.00000 
  1251.650          65.573    505.138      97.010     173.022           355937.153               0.000               0.000         34609435.475   1.00000 
  1252.650          65.441    503.908      97.001     172.937           357987.992               0.000               0.000         34967423.467   1.00000 
  1253.650          65.308   1529.605      96.984     172.787           360051.297               0.000               0.000         35327474.764   1.00000 
  1254.650          65.174    782.685      96.865     171.766           362126.776               0.000               0.000         35689601.541   1.00000 
  1255.650          65.040    689.214      96.825     171.423           364212.632               0.000               0.000         36053814.172   1.00000 
  1256.650          64.904    636.096      96.785     171.084           366310.044               0.000               0.000         36420124.216   1.00000 
  1257.650          64.767    608.861      96.740     170.717           368418.517               0.000               0.000         36788542.734   1.00000 
  1258.650          64.629    584.055      96.705     170.427           370537.585               0.000               0.000         37159080.319   1.00000 
  1259.650          64.490    565.792      96.671     170.141           372667.901               0.000               0.000         37531748.219   1.00000 
  1260.650          64.349    551.896      96.636     169.858           374808.073               0.000               0.000         37906556.292   1.00000 
  1261.650          64.208    544.847      96.608     169.633           376958.815               0.000               0.000         38283515.107   1.00000 
  1262.650          64.066   1490.022      96.508     168.831           379119.571               0.000               0.000         38662634.678   1.00000 
  1263.650          63.922    768.337      96.397     167.967           381288.879               0.000               0.000         39043923.557   1.00000 
  1264.650          63.777    686.333      96.374     167.785           383466.752               0.000               0.000         39427390.309   1.00000 
  1265.650          63.632    640.116      96.351     167.614           385652.854               0.000               0.000         39813043.163   1.00000 
  1266.650          63.484    609.607      96.330     167.448           387848.358               0.000               0.000         40200891.520   1.00000 
  1267.650          63.336    587.730      96.308     167.284           390051.456               0.000               0.000         40590942.976   1.00000 
  1268.650          63.187    575.960      96.292     167.158           392263.077               0.000               0.000         40983206.053   1.00000 
  1269.650          63.036   1576.003      96.271     167.004           394481.505               0.000               0.000         41377687.558   1.00000 
  1270.650          62.884    794.044      96.159     166.162           396707.646               0.000               0.000         41774395.204   1.00000 
  1271.650          62.731    703.134      96.119     165.866           398938.080               0.000               0.000         42173333.284   1.00000 
  1272.650          62.576    653.000      96.079     165.576           401174.549               0.000               0.000         42574507.833   1.00000 
  1273.650          62.420    625.641      96.035     165.256           403415.327               0.000               0.000         42977923.160   1.00000 
  1274.650          62.263    599.316      95.999     164.991           405660.779               0.000               0.000         43383583.939   1.00000 
  1275.650          62.104    579.198      95.962     164.730           407909.673               0.000               0.000         43791493.612   1.00000 
  1276.650          61.945    563.587      95.926     164.471           410161.618               0.000               0.000         44201655.231   1.00000 
  1277.650          61.783    555.250      95.904     164.310           412416.231               0.000               0.000         44614071.461   1.00000 
  1278.650          61.621   1618.162      95.790     163.511           414671.891               0.000               0.000         45028743.352   1.00000 
  1279.650          61.457    743.036      95.639     162.470           416927.315               0.000               0.000         45445670.668   1.00000 
  1280.650          61.292    656.529      95.577     162.052           419180.001               0.000               0.000         45864850.669   1.00000 
  1281.650          61.125    609.429      95.545     161.838           421430.278               0.000               0.000         46286280.947   1.00000 
  1282.650          60.957    580.203      95.514     161.628           423678.766               0.000               0.000         46709959.713   1.00000 
  1283.650          60.787    560.016      95.482     161.419           425924.248               0.000               0.000         47135883.961   1.00000 
  1284.650          60.616    544.727      95.451     161.212           428165.197               0.000               0.000         47564049.159   1.00000 
  1285.650          60.443    536.364      95.441     161.144           430401.196               0.000               0.000         47994450.355   1.00000 
  1286.650          60.269   1664.699      95.324     160.380           432631.600               0.000               0.000         48427081.955   1.00000 
  1287.650          60.093    739.173      95.171     159.395           434852.153               0.000               0.000         48861934.107   1.00000 
  1288.650          59.916    649.725      95.113     159.027           437060.492               0.000               0.000         49298994.600   1.00000 
  1289.650          59.737    601.109      95.080     158.822           439257.551               0.000               0.000         49738252.151   1.00000 
  1290.650          59.557    570.939      95.048     158.620           441442.797               0.000               0.000         50179694.948   1.00000 
  1291.650          59.375    550.246      95.016     158.421           443614.794               0.000               0.000         50623309.742   1.00000 
  1292.650          59.191    538.107      94.978     158.190           445771.616               0.000               0.000         51069081.358   1.00000 
  1293.650          59.006   1757.801      94.860     157.463           447911.740               0.000               0.000         51516993.098   1.00000 
  1294.650          58.819    758.004      94.711     156.565           450031.161               0.000               0.000         51967024.259   1.00000 
  1295.650          58.630    658.862      94.655     156.231           452126.751               0.000               0.000         52419151.010   1.00000 
  1296.650          58.440    607.773      94.629     156.076           454199.006               0.000               0.000         52873350.016   1.00000 
  1297.650          58.248    575.946      94.603     155.925           456247.259               0.000               0.000         53329597.275   1.00000 
  1298.650          58.054    553.866      94.577     155.775           458269.590               0.000               0.000         53787866.865   1.00000 
  1299.650          57.859    537.234      94.552     155.626           460263.955               0.000               0.000         54248130.820   1.00000 
  1300.650          57.662    523.919      94.527     155.478           462228.054               0.000               0.000         54710358.874   1.00000 
  1301.650          57.463    515.884      94.515     155.409           464159.681               0.000               0.000         55174518.555   1.00000 
  1302.650          57.262   1751.361      94.398     154.731           466056.934               0.000               0.000         55640575.489   1.00000 
  1303.650          57.059    749.928      94.246     153.867           467913.556               0.000               0.000         56108489.045   1.00000 
  1304.650          56.855    651.501      94.189     153.548           469724.951               0.000               0.000         56578213.995   1.00000 
  1305.650          56.648    599.816      94.159     153.379           471491.633               0.000               0.000         57049705.628   1.00000 
  1306.650          56.440    567.886      94.129     153.213           473212.422               0.000               0.000         57522918.050   1.00000 
  1307.650          56.230    545.980      94.099     153.048           474884.518               0.000               0.000         57997802.569   1.00000 
  1308.650          56.018    529.499      94.070     152.885           476505.062               0.000               0.000         58474307.631   1.00000 
  1309.650          55.804    519.380      94.054     152.797           478071.018               0.000               0.000         58952378.649   1.00000 
  1310.650          55.588   1786.152      93.936     152.152           479579.778               0.000               0.000         59431958.427   1.00000 
  1311.650          55.370    757.379      93.787     151.345           481023.550               0.000               0.000         59912981.976   1.00000 
  1312.650          55.150    654.964      93.730     151.042           482396.186               0.000               0.000         60395378.163   1.00000 
  1313.650          54.928    602.331      93.703     150.898           483698.553               0.000               0.000         60879076.716   1.00000 
  1314.650          54.703    569.842      93.676     150.756           484929.032               0.000               0.000         61364005.748   1.00000 
  1315.650          54.477    547.400      93.649     150.615           486084.099               0.000               0.000         61850089.847   1.00000 
  1316.650          54.249    530.533      93.623     150.475           487159.164               0.000               0.000         62337249.011   1.00000 
  1317.650          54.019    519.473      93.595     150.329           488150.674               0.000               0.000         62825399.685   1.00000 
  1318.650          53.786   1811.919      93.477     149.713           489054.596               0.000               0.000         63314454.281   1.00000 
  1319.650          53.552    761.558      93.329     148.951           489861.060               0.000               0.000         63804315.342   1.00000 
  1320.650          53.315    656.755      93.272     148.664           490563.069               0.000               0.000         64294878.411   1.00000 
  1321.650          53.076    603.673      93.247     148.535           491161.427               0.000               0.000         64786039.838   1.00000 
  1322.650          52.835    570.922      93.222     148.409           491653.084               0.000               0.000         65277692.922   1.00000 
  1323.650          52.592    548.237      93.198     148.285           492034.593               0.000               0.000         65769727.515   1.00000 
  1324.650          52.346    531.144      93.173     148.161           492300.802               0.000               0.000         66262028.317   1.00000 
  1325.650          52.098    517.460      93.148     148.038           492446.910               0.000               0.000         66754475.226   1.00000 
  1326.650          51.848    508.689      93.136     147.977           492468.261               0.000               0.000         67246943.488   1.00000 
  1327.650          51.596   1829.770      93.019     147.392           492360.458               0.000               0.000         67739303.946   1.00000 
  1328.650          51.342    761.873      92.871     146.666           492209.027               0.000               0.000         68231512.973   1.00000 
  1329.650          51.085    656.484      92.815     146.396           492451.838               0.000               0.000         68723964.811   1.00000 
  1330.650          50.826    603.363      92.790     146.274           492548.111               0.000               0.000         69216512.922   1.00000 
  1331.650          50.564    570.599      92.766     146.155           492494.014               0.000               0.000         69709006.936   1.00000 
  1332.650          50.300    547.916      92.741     146.037           492282.469               0.000               0.000         70201289.405   1.00000 
  1333.650          50.034    530.826      92.717     145.920           491905.341               0.000               0.000         70693194.747   1.00000 
  1334.650          49.766    517.142      92.693     145.803           491352.411               0.000               0.000         71184547.158   1.00000 
  1335.650          49.495    508.249      92.680     145.740           490624.517               0.000               0.000         71675171.674   1.00000 
  1336.650          49.222   1831.993      92.562     145.180           489711.133               0.000               0.000         72164882.807   1.00000 
  1337.650          48.946    761.790      92.414     144.483           488595.961               0.000               0.000         72653478.768   1.00000 
  1338.650          48.668    656.348      92.360     144.229           487267.286               0.000               0.000         73140746.054   1.00000 
  1339.650          48.388    603.200      92.334     144.110           485726.023               0.000               0.000         73626472.077   1.00000 
  1340.650          48.105    570.336      92.309     143.995           483969.247               0.000               0.000         74110441.324   1.00000 
  1341.650          47.821    547.578      92.285     143.880           481990.617               0.000               0.000         74592431.941   1.00000 
  1342.650          47.533    530.432      92.260     143.766           479783.575               0.000               0.000         75072215.517   1.00000 
  1343.650          47.244    516.706      92.236     143.653           477511.737               0.000               0.000         75549727.254   1.00000 
  1344.650          46.952    507.776      92.224     143.601           475529.361               0.000               0.000         76025256.615   1.00000 
  1345.650          46.657   1805.115      92.107     143.065           473290.395               0.000               0.000         76498547.010   1.00000 
  1346.650          46.361    755.859      91.957     142.385           470773.443               0.000               0.000         76969320.453   1.00000 
  1347.650          46.062    652.414      91.903     142.141           467962.841               0.000               0.000         77437283.293   1.00000 
  1348.650          45.761    598.892      91.874     142.013           464859.684               0.000               0.000         77902142.977   1.00000 
  1349.650          45.458    565.885      91.846     141.886           461459.735               0.000               0.000         78363602.713   1.00000 
  1350.650          45.152    543.195      91.818     141.761           457755.034               0.000               0.000         78821357.747   1.00000 
  1351.650          44.845    526.086      91.790     141.637           453737.678               0.000               0.000         79275095.425   1.00000 
  1352.650          44.535    514.821      91.771     141.554           449400.115               0.000               0.000         79724495.540   1.00000 
  1353.650          44.223   1746.847      91.654     141.039           444736.354               0.000               0.000         80169231.894   1.00000 
  1354.650          43.910    740.169      91.501     140.371           439726.414               0.000               0.000         80608958.308   1.00000 
  1355.650          43.594    642.164      91.446     140.130           434357.572               0.000               0.000         81043315.880   1.00000 
  1356.650          43.276    588.927      91.412     139.987           428638.886               0.000               0.000         81471954.765   1.00000 
  1357.650          42.956    556.316      91.380     139.846           422572.702               0.000               0.000         81894527.467   1.00000 
  1358.650          42.635    534.058      91.347     139.707           416158.354               0.000               0.000         82310685.821   1.00000 
  1359.650          42.312    519.486      91.320     139.589           409395.135               0.000               0.000         82720080.956   1.00000 
  1360.650          41.987   1608.823      91.222     139.171           402285.280               0.000               0.000         83122366.237   1.00000 
  1361.650          41.661    774.668      91.113     138.712           394820.744               0.000               0.000         83517186.981   1.00000 
  1362.650          41.333    693.555      91.095     138.638           387004.024               0.000               0.000         83904191.005   1.00000 
  1363.650          41.004    646.579      91.078     138.568           378856.198               0.000               0.000         84283047.203   1.00000 
  1364.650          40.673    614.969      91.062     138.499           370388.668               0.000               0.000         84653435.871   1.00000 
  1365.650          40.341    592.540      91.046     138.431           361613.302               0.000               0.000         85015049.173   1.00000 
  1366.650          40.008    575.640      91.030     138.364           352543.472               0.000               0.000         85367592.645   1.00000 
  1367.650          39.673    559.911      91.012     138.289           343194.471               0.000               0.000         85710787.116   1.00000 
  1368.650          39.338   1550.534      91.001     138.242           333584.558               0.000               0.000         86044371.674   1.00000 
  1369.650          39.002   1276.941      90.890     137.782           323734.909               0.000               0.000         86368106.583   1.00000 
  1370.650          38.665    880.200      90.852     137.623           313650.563               0.000               0.000         86681757.145   1.00000 
  1371.650          38.328    754.632      90.810     137.450           303367.515               0.000               0.000         86985124.660   1.00000 
  1372.650          37.990    696.069      90.767     137.276           292912.955               0.000               0.000         87278037.615   1.00000 
  1373.650          37.651    655.237      90.735     137.142           282315.248               0.000               0.000         87560352.863   1.00000 
  1374.650          37.313    623.108      90.704     137.016           271606.795               0.000               0.000         87831959.658   1.00000 
  1375.650          36.974    598.239      90.674     136.893           260818.665               0.000               0.000         88092778.323   1.00000 
  1376.650          36.635    578.611      90.644     136.773           249984.047               0.000               0.000         88342762.369   1.00000 
  1377.650          36.296    565.745      90.622     136.685           239136.071               0.000               0.000         88581898.440   1.00000 
  1378.650          35.958   1187.861      90.542     136.361           228309.482               0.000               0.000         88810207.923   1.00000 
  1379.650          35.619    758.671      90.480     136.108           217529.833               0.000               0.000         89027737.756   1.00000 
  1380.650          35.282    675.244      90.439     135.944           206832.252               0.000               0.000         89234570.007   1.00000 
  1381.650          34.945    631.702      90.407     135.816           196255.315               0.000               0.000         89430825.322   1.00000 
  1382.650          34.608    606.330      90.381     135.712           185838.630               0.000               0.000         89616663.952   1.00000 
  1383.650          34.273   1077.977      90.322     135.479           175614.266               0.000               0.000         89792278.218   1.00000 
  1384.650          33.939    756.519      90.279     135.308           165606.637               0.000               0.000         89957884.855   1.00000 
  1385.650          33.605    680.300      90.247     135.180           155844.172               0.000               0.000         90113729.026   1.00000 
  1386.650          33.273    640.069      90.222     135.083           146353.054               0.000               0.000         90260082.080   1.00000 
  1387.650          32.943    612.428      90.200     134.994           137156.733               0.000               0.000         90397238.813   1.00000 
  1388.650          32.614    591.495      90.178     134.908           128274.741               0.000               0.000         90525513.555   1.00000 
  1389.650          32.286    578.246      90.165     134.857           119723.485               0.000               0.000         90645237.040   1.00000 
  1390.650          31.960    831.456      90.106     134.627           111450.206               0.000               0.000         90756687.246   1.00000 
  1391.650          31.636    681.846      90.085     134.543           103489.812               0.000               0.000         90860177.059   1.00000 
  1392.650          31.313    631.287      90.064     134.464            95928.971               0.000               0.000         90956106.029   1.00000 
  1393.650          30.993    602.819      90.045     134.389            88768.878               0.000               0.000         91044874.907   1.00000 
  1394.650          30.674    582.930      90.026     134.315            82007.345               0.000               0.000         91126882.252   1.00000 
  1395.650          30.358    567.441      90.008     134.243            75639.623               0.000               0.000         91202521.876   1.00000 
  1396.650          30.043    554.695      89.989     134.172            69658.692               0.000               0.000         91272180.568   1.00000 
  1397.650          29.731    546.195      89.969     134.094            64055.461               0.000               0.000         91336236.029   1.00000 
  1398.650          29.420    678.885      89.966     134.080            58819.059               0.000               0.000         91395055.088   1.00000 
  1399.650          29.112    730.574      89.946     134.002            53938.239               0.000               0.000         91448993.327   1.00000 
  1400.650          28.806    703.214      89.922     133.911            49398.555               0.000               0.000         91498391.882   1.00000 
  1401.650          28.502    730.222      89.905     133.846            45185.326               0.000               0.000         91543577.208   1.00000 
  1402.650          28.200    727.467      89.888     133.780            41283.788               0.000               0.000         91584860.997   1.00000 
  1403.650          27.900    740.666      89.875     133.728            37678.344               0.000               0.000         91622539.341   1.00000 
  1404.650          27.602    746.996      89.863     133.683            34352.813               0.000               0.000         91656892.153   1.00000 
  1405.650          27.306    753.337      89.853     133.645            31290.061               0.000               0.000         91688182.214   1.00000 
  1406.650          27.013    754.365      89.844     133.608            28474.605               0.000               0.000         91716656.820   1.00000 
  1407.650          26.721    750.111      89.834     133.570            25891.028               0.000               0.000         91742547.847   1.00000 
  1408.650          26.432    743.435      89.824     133.532            23524.172               0.000               0.000         91766072.019   1.00000 
  1409.650          26.145    736.682      89.814     133.496            21359.270               0.000               0.000         91787431.289   1.00000 
  1410.650          25.859    730.316      89.806     133.462            19382.034               0.000               0.000         91806813.323   1.00000 
  1411.650          25.576    724.094      89.798     133.432            17578.731               0.000               0.000         91824392.055   1.00000 
  1412.650          25.295    717.819      89.791     133.405            15936.204               0.000               0.000         91840328.259   1.00000 
  1413.650          25.015    711.533      89.784     133.380            14441.933               0.000               0.000         91854770.192   1.00000 
  1414.650          24.738    705.215      89.778     133.357            13084.071               0.000               0.000         91867854.264   1.00000 
  1415.650          24.462    698.680      89.773     133.337            11851.463               0.000               0.000         91879705.726   1.00000 
  1416.650          24.189    692.001      89.768     133.318            10733.659               0.000               0.000         91890439.385   1.00000 
  1417.650          23.917    685.243      89.764     133.301             9720.848               0.000               0.000         91900160.234   1.00000 
  1418.650          23.647    678.449      89.760     133.286             8803.905               0.000               0.000         91908964.138   1.00000 
  1419.650          23.378    671.655      89.756     133.272             7974.361               0.000               0.000         91916938.499   1.00000 
  1420.650          23.112    664.895      89.753     133.259             7224.374               0.000               0.000         91924162.873   1.00000 
  1421.650          22.847    658.224      89.750     133.247             6546.687               0.000               0.000         91930709.560   1.00000 
  1422.650          22.583    651.635      89.747     133.237             5934.642               0.000               0.000         91936644.202   1.00000 
  1423.650          22.322    645.146      89.744     133.227             5382.114               0.000               0.000         91942026.316   1.00000 
  1424.650          22.061    638.783      89.742     133.218             4883.479               0.000               0.000         91946909.795   1.00000 
  1425.650          21.803    632.576      89.740     133.210             4433.627               0.000               0.000         91951343.422   1.00000 
  1426.650          21.546    626.519      89.738     133.202             4027.855               0.000               0.000         91955371.276   1.00000 
  1427.650          21.290    620.622      89.736     133.195             3661.908               0.000               0.000         91959033.184   1.00000 
  1428.650          21.036    614.892      89.734     133.188             3331.903               0.000               0.000         91962365.088   1.00000 
  1429.650          20.783    609.343      89.732     133.182             3034.315               0.000               0.000         91965399.403   1.00000 
  1430.650          20.532    603.967      89.731     133.176             2765.956               0.000               0.000         91968165.358   1.00000 
  1431.650          20.282    598.764      89.729     133.170             2523.920               0.000               0.000         91970689.278   1.00000 
  1432.650          20.033    593.741      89.728     133.165             2305.484               0.000               0.000         91972994.763   1.00000 
  1433.650          19.786    588.886      89.727     133.160             2107.577               0.000               0.000         91975102.340   1.00000 
  1434.650          19.540    584.199      89.725     133.155             1929.178               0.000               0.000         91977031.518   1.00000 
  1435.650          19.295    579.680      89.724     133.151             1768.368               0.000               0.000         91978799.886   1.00000 
  1436.650          19.052    575.323      89.723     133.146             1623.320               0.000               0.000         91980423.207   1.00000 
  1437.650          18.810    571.122      89.722     133.142             1492.401               0.000               0.000         91981915.607   1.00000 
  1438.650          18.569    567.074      89.721     133.138             1374.142               0.000               0.000         91983289.749   1.00000 
  1439.650          18.330    563.171      89.720     133.134             1267.240               0.000               0.000         91984556.989   1.00000 
  1440.650          18.092    559.407      89.719     133.131             1170.520               0.000               0.000         91985727.509   1.00000 
  1441.650          17.855    555.779      89.718     133.127             1082.936               0.000               0.000         91986810.445   1.00000 
  1442.650          17.620    552.280      89.717     133.123             1003.551               0.000               0.000         91987813.995   1.00000 
  1443.650          17.385    548.903      89.716     133.120              931.528               0.000               0.000         91988745.523   1.00000 
  1444.650          17.152    545.644      89.715     133.117              866.116               0.000               0.000         91989611.639   1.00000 
  1445.650          16.921    542.496      89.715     133.114              806.645               0.000               0.000         91990418.285   1.00000 
  1446.650          16.691    539.456      89.714     133.111              752.516               0.000               0.000         91991170.801   1.00000 
  1447.650          16.462    536.518      89.713     133.108              703.190               0.000               0.000         91991873.991   1.00000 
  1448.650          16.235    533.677      89.712     133.105              658.186               0.000               0.000         91992532.177   1.00000 
  1449.650          16.009    530.928      89.712     133.102              617.074               0.000               0.000         91993149.251   1.00000 
  1450.650          15.784    528.268      89.711     133.099              579.468               0.000               0.000         91993728.719   1.00000 
  1450.850          15.739    527.749      89.711     133.099              568.816               0.000               0.000         91993842.482   1.00000 
  1450.893          15.730    527.639      89.711     133.099              566.617               0.000               0.000         91993867.047   1.00000 
  1450.920          15.724    527.570      89.711     133.099              565.604               0.000               0.000         91993882.351   1.00000 
  1450.928          15.722    527.499      89.711     133.099              282.634               0.000               0.000         91993884.589   1.00000 
  1450.935          15.720    527.437      89.711     133.099              282.674               0.000               0.000         91993886.602   1.00000 
  1450.943          15.719    527.378      89.711     133.099              282.710               0.000               0.000         91993888.616   1.00000 
  1450.975          15.711    527.120      89.711     133.098              282.857               0.000               0.000         91993897.682   1.00000 
  1451.018          15.702    526.821      89.711     133.098              283.072               0.000               0.000         91993910.011   1.00000 
  1451.041          15.697    526.695      89.711     133.098              283.199               0.000               0.000         91993916.353   1.00000 
  1451.057          15.693    526.607      89.711     133.098              283.248               0.000               0.000         91993921.075   1.00000 
  1451.083          15.687    526.478      89.711     133.098              283.261               0.000               0.000         91993928.429   1.00000 
  1451.200          15.661    525.968      89.710     133.098              283.794               0.000               0.000         91993961.582   1.00000 
  1451.726          15.542    524.219      89.710     133.097              286.156               0.000               0.000         91994112.017   1.00000 
  1452.726          15.314    521.358      89.710     133.096              290.642               0.000               0.000         91994402.659   1.00000 
  1453.726          15.082    518.787      89.710     133.095              295.072               0.000               0.000         91994697.732   1.00000 
  1454.726          14.847    516.399      89.709     133.093              299.091               0.000               0.000         91994996.822   1.00000 
  1455.726          14.609    514.150      89.709     133.092              302.638               0.000               0.000         91995299.461   1.00000 
  1456.726          14.368    512.012      89.708     133.090              305.663               0.000               0.000         91995605.124   1.00000 
  1457.726          14.125    509.968      89.708     133.089              308.115               0.000               0.000         91995913.239   1.00000 
  1458.726          13.880    508.006      89.708     133.088              309.955               0.000               0.000         91996223.194   1.00000 
  1459.726          13.634    506.117      89.707     133.086              311.146               0.000               0.000         91996534.340   1.00000 
  1460.726          13.386    504.291      89.707     133.085              311.664               0.000               0.000         91996846.004   1.00000 
  1461.726          13.137    502.522      89.707     133.083              311.489               0.000               0.000         91997157.492   1.00000 
  1462.726          12.887    500.806      89.706     133.082              310.613               0.000               0.000         91997468.106   1.00000 
  1463.726          12.638    499.136      89.706     133.081              309.037               0.000               0.000         91997777.143   1.00000 
  1464.726          12.388    497.509      89.705     133.079              306.770               0.000               0.000         91998083.912   1.00000 
  1465.726          12.138    495.920      89.705     133.078              303.829               0.000               0.000         91998387.741   1.00000 
  1466.726          11.889    494.368      89.705     133.076              300.243               0.000               0.000         91998687.984   1.00000 
  1467.726          11.641    492.849      89.704     133.075              296.044               0.000               0.000         91998984.028   1.00000 
  1468.726          11.394    491.360      89.704     133.073              291.274               0.000               0.000         91999275.302   1.00000 
  1469.726          11.148    489.900      89.704     133.072              285.981               0.000               0.000         91999561.283   1.00000 
  1470.726          10.903    488.466      89.703     133.071              279.874               0.000               0.000         91999841.157   1.00000 
  1471.726          10.661    487.057      89.703     133.069              272.934               0.000               0.000         92000114.091   1.00000 
  1472.726          10.420    485.675      89.702     133.068              265.927               0.000               0.000         92000380.018   1.00000 
  1473.726          10.181    484.317      89.702     133.066              258.897               0.000               0.000         92000638.915   1.00000 
  1474.726           9.944    482.983      89.702     133.065              251.873               0.000               0.000         92000890.788   1.00000 
  1475.726           9.710    481.673      89.701     133.064              244.885               0.000               0.000         92001135.673   1.00000 
  1476.726           9.477    480.386      89.701     133.062              237.963               0.000               0.000         92001373.636   1.00000 
  1477.726           9.247    479.122      89.701     133.061              231.127               0.000               0.000         92001604.763   1.00000 
  1478.726           9.019    477.879      89.700     133.059              224.401               0.000               0.000         92001829.165   1.00000 
  1479.726           8.794    476.658      89.700     133.058              217.803               0.000               0.000         92002046.968   1.00000 
  1480.726           8.571    475.457      89.700     133.057              211.346               0.000               0.000         92002258.314   1.00000 
  1481.726           8.350    474.277      89.699     133.056              205.043               0.000               0.000         92002463.357   1.00000 
  1482.726           8.132    473.116      89.699     133.054              198.903               0.000               0.000         92002662.260   1.00000 
  1483.726           7.916    471.975      89.699     133.053              192.934               0.000               0.000         92002855.194   1.00000 
  1484.726           7.702    470.853      89.698     133.052              187.142               0.000               0.000         92003042.336   1.00000 
  1485.726           7.491    469.750      89.698     133.050              181.529               0.000               0.000         92003223.865   1.00000 
  1486.726           7.283    468.665      89.698     133.049              176.097               0.000               0.000         92003399.961   1.00000 
  1487.726           7.077    467.598      89.697     133.048              170.847               0.000               0.000         92003570.809   1.00000 
  1488.726           6.873    466.549      89.697     133.047              165.779               0.000               0.000         92003736.587   1.00000 
  1489.726           6.672    465.517      89.697     133.046              160.890               0.000               0.000         92003897.477   1.00000 
  1490.726           6.473    464.501      89.696     133.044              156.178               0.000               0.000         92004053.655   1.00000 
  1491.726           6.276    463.502      89.696     133.043              151.640               0.000               0.000         92004205.294   1.00000 
  1492.726           6.082    462.519      89.696     133.042              147.271               0.000               0.000         92004352.565   1.00000 
  1493.726           5.890    461.552      89.695     133.041              143.069               0.000               0.000         92004495.634   1.00000 
  1494.726           5.700    460.601      89.695     133.040              139.027               0.000               0.000         92004634.661   1.00000 
  1495.726           5.512    459.664      89.695     133.038              135.142               0.000               0.000         92004769.803   1.00000 
  1496.726           5.326    458.742      89.695     133.037              131.408               0.000               0.000         92004901.211   1.00000 
  1497.726           5.143    457.835      89.694     133.036              127.820               0.000               0.000         92005029.031   1.00000 
  1498.726           4.962    456.942      89.694     133.035              124.373               0.000               0.000         92005153.404   1.00000 
  1499.726           4.782    456.063      89.694     133.034              121.061               0.000               0.000         92005274.465   1.00000 
  1500.726           4.605    455.198      89.693     133.033              117.879               0.000               0.000         92005392.345   1.00000 
  1501.726           4.430    454.345      89.693     133.032              114.823               0.000               0.000         92005507.168   1.00000 
  1502.726           4.256    453.506      89.693     133.031              111.887               0.000               0.000         92005619.055   1.00000 
  1503.726           4.084    452.680      89.693     133.030              109.067               0.000               0.000         92005728.121   1.00000 
  1504.726           3.915    451.866      89.692     133.029              106.357               0.000               0.000         92005834.478   1.00000 
  1505.726           3.747    451.064      89.692     133.028              103.753               0.000               0.000         92005938.231   1.00000 
  1506.726           3.580    450.274      89.692     133.026              101.250               0.000               0.000         92006039.481   1.00000 
  1507.726           3.416    449.496      89.691     133.025               98.845               0.000               0.000         92006138.326   1.00000 
  1508.726           3.253    448.729      89.691     133.024               96.533               0.000               0.000         92006234.859   1.00000 
  1509.726           3.092    447.974      89.691     133.023               94.310               0.000               0.000         92006329.169   1.00000 
  1510.726           2.932    447.230      89.691     133.022               92.171               0.000               0.000         92006421.340   1.00000 
  1511.726           2.774    446.496      89.690     133.021               90.114               0.000               0.000         92006511.454   1.00000 
  1512.726           2.617    445.773      89.690     133.020               88.134               0.000               0.000         92006599.588   1.00000 
  1513.726           2.462    445.060      89.690     133.019               86.229               0.000               0.000         92006685.817   1.00000 
  1514.726           2.309    444.357      89.690     133.018               84.394               0.000               0.000         92006770.211   1.00000 
  1515.726           2.156    443.664      89.689     133.017               82.626               0.000               0.000         92006852.836   1.00000 
  1516.726           2.005    442.981      89.689     133.016               80.923               0.000               0.000         92006933.759   1.00000 
  1517.726           1.856    442.308      89.689     133.015               79.281               0.000               0.000         92007013.040   1.00000 
  1518.726           1.708    441.643      89.689     133.014               77.697               0.000               0.000         92007090.737   1.00000 
  1519.726           1.561    440.988      89.688     133.014               76.170               0.000               0.000         92007166.907   1.00000 
  1520.726           1.415    440.342      89.688     133.013               74.696               0.000               0.000         92007241.602   1.00000 
  1521.726           1.271    439.704      89.688     133.012               73.272               0.000               0.000         92007314.875   1.00000 
  1522.726           1.127    439.075      89.688     133.011               71.898               0.000               0.000         92007386.772   1.00000 
  1523.726           0.985    438.455      89.687     133.010               70.569               0.000               0.000         92007457.342   1.00000 
  1524.726           0.845    437.842      89.687     133.009               69.285               0.000               0.000         92007526.627   1.00000 
  1525.726           0.705    437.238      89.687     133.008               68.043               0.000               0.000         92007594.670   1.00000 
  1526.726           0.566    436.642      89.687     133.007               66.842               0.000               0.000         92007661.512   1.00000 
  1527.726           0.429    436.053      89.686     133.006               65.679               0.000               0.000         92007727.191   1.00000 
  1528.726           0.292    435.473      89.686     133.005               64.553               0.000               0.000         92007791.743   1.00000 
  1529.726           0.157    434.899      89.686     133.004               63.462               0.000               0.000         92007855.205   1.00000 
  1530.726           0.022    434.333      89.686     133.003               62.404               0.000               0.000         92007917.610   1.00000 
  1531.726           0.000    433.768      89.685     133.003               61.130               0.000               0.000         92007978.740   1.00000 
