#_______________________________________________________________________________
#    ######   ####     ##             #####   #####     ##    #    #    ## 
#    #       #        #  #            #    #  #    #   #  #   ##  ##   #  #
#    #####    ####   ######           #    #  #####   ######  # ## #  ######
#    #            #  #    #           #    #  #    #  #    #  #    #  #    #
#____######__#####___#____#___________#####___#____#__#____#__#____#__#____#____
#
#              ESA Debris Risk Assessment and Mitigation Analysis
#
#                      ---- DRAMA ( SESAM 2.1.5 ) ----
#                                      ESA 2018
#
#                              aerothermal history file
#-------------------------------------------------------------------------------
# Filename      : PySara.L-SSPA2.4b304909-5d7f-4f20-91a7-3bd1c56ace98_AeroThermalHistory.txt
# RunID         : PySara
# ObjectID      : 4b304909-5d7f-4f20-91a7-3bd1c56ace98
# ObjectName    : L-SSPA2
# ReferenceArea : 0.000936 [m^2]
# Content       : This file contains the aerothermal data of the object,
#                 computed by the DRAMA 3 Re-entry Analysis.
# Documentation : DRAMA Software User Manual, section OPERATIONS MANUAL / Normal operation / SARA / SARA Simulation Output / Re-entry simulation output
# Note          : The convective heat and the integrated heat values in this file take into account the visibility factor
#
#-------------------------------------------------------------------------------------------------------------------------------------------------------------------
#  Time [s]  Altitude [km]   Temp [K]   Mass [kg]   Thick [mm]  Convective Heat [W]  Radiative Heat [W]  Oxidation Heat [W]  Integrated Heat [J] VisibilityFactor [-]
#-------------------------------------------------------------------------------------------------------------------------------------------------------------------
  1398.200          90.148    300.000       0.062       2.419              860.774               0.000               0.000                0.000   1.00000 
  1398.300          90.138    301.577       0.062       2.419              862.223               0.000               0.000               86.222   1.00000 
  1398.750          90.092    308.726       0.062       2.419              868.979               0.000               0.000              477.263   1.00000 
  1399.750          89.991    324.841       0.062       2.419              884.636               0.000               0.000             1361.899   1.00000 
  1400.750          89.888    341.141       0.062       2.419              901.716               0.000               0.000             2263.615   1.00000 
  1401.750          89.786    357.624       0.062       2.419              919.075               0.000               0.000             3182.690   1.00000 
  1402.750          89.683    374.281       0.062       2.419              936.718               0.000               0.000             4119.407   1.00000 
  1403.750          89.580    391.088       0.062       2.419              954.647               0.000               0.000             5074.055   1.00000 
  1404.750          89.476    408.013       0.062       2.419              972.868               0.000               0.000             6046.923   1.00000 
  1405.750          89.372    425.042       0.062       2.419              991.383               0.000               0.000             7038.306   1.00000 
  1406.750          89.268    442.195       0.062       2.419             1010.197               0.000               0.000             8048.503   1.00000 
  1407.750          89.163    459.420       0.062       2.419             1029.314               0.000               0.000             9077.817   1.00000 
  1408.750          89.058    476.561       0.062       2.419             1048.737               0.000               0.000            10126.554   1.00000 
  1409.750          88.953    493.366       0.062       2.419             1068.472               0.000               0.000            11195.026   1.00000 
  1410.750          88.847    509.583       0.062       2.419             1088.521               0.000               0.000            12283.547   1.00000 
  1411.750          88.740    525.616       0.062       2.419             1108.889               0.000               0.000            13392.436   1.00000 
  1412.750          88.633    542.032       0.062       2.419             1129.581               0.000               0.000            14522.017   1.00000 
  1413.750          88.526    559.097       0.062       2.419             1150.600               0.000               0.000            15672.617   1.00000 
  1414.750          88.418    576.796       0.062       2.419             1171.951               0.000               0.000            16844.568   1.00000 
  1415.750          88.310    594.746       0.062       2.419             1193.638               0.000               0.000            18038.207   1.00000 
  1416.750          88.200    612.418       0.062       2.419             1215.666               0.000               0.000            19253.873   1.00000 
  1417.750          88.091    629.786       0.062       2.419             1238.038               0.000               0.000            20491.911   1.00000 
  1418.750          87.981    646.907       0.062       2.419             1260.760               0.000               0.000            21752.671   1.00000 
  1419.750          87.870    663.802       0.062       2.419             1283.835               0.000               0.000            23036.506   1.00000 
  1420.750          87.759    680.521       0.062       2.419             1307.267               0.000               0.000            24343.773   1.00000 
  1421.750          87.647    697.138       0.062       2.419             1331.061               0.000               0.000            25674.834   1.00000 
  1422.750          87.534    713.790       0.062       2.419             1355.222               0.000               0.000            27030.055   1.00000 
  1423.750          87.421    730.791       0.062       2.419             1379.752               0.000               0.000            28409.807   1.00000 
  1424.750          87.307    750.063       0.062       2.419             1404.657               0.000               0.000            29814.465   1.00000 
  1425.750          87.192    770.416       0.062       2.419             1429.941               0.000               0.000            31244.406   1.00000 
  1426.750          87.077    791.122       0.062       2.419             1455.607               0.000               0.000            32700.013   1.00000 
  1427.750          86.961    811.939       0.062       2.419             1481.660               0.000               0.000            34181.673   1.00000 
  1428.750          86.844    832.827       0.062       2.419             1508.103               0.000               0.000            35689.776   1.00000 
  1429.750          86.726    850.000       0.061       2.390             1534.940               0.000               0.000            37224.715   1.00000 
  1430.750          86.608    850.000       0.058       2.230             1562.115               0.000               0.000            38786.830   1.00000 
  1431.750          86.489    850.000       0.054       2.070             1589.312               0.000               0.000            40376.142   1.00000 
  1432.750          86.369    850.000       0.050       1.911             1616.400               0.000               0.000            41992.542   1.00000 
  1433.750          86.248    850.000       0.047       1.751             1643.257               0.000               0.000            43635.800   1.00000 
  1434.750          86.126    850.000       0.043       1.592             1669.729               0.000               0.000            45305.528   1.00000 
  1435.750          86.004    850.000       0.039       1.433             1695.615               0.000               0.000            47001.143   1.00000 
  1436.750          85.881    850.000       0.035       1.274             1720.651               0.000               0.000            48721.793   1.00000 
  1437.750          85.756    850.000       0.031       1.116             1744.480               0.000               0.000            50466.273   1.00000 
  1438.750          85.631    850.000       0.027       0.959             1766.603               0.000               0.000            52232.876   1.00000 
  1439.750          85.506    850.000       0.022       0.802             1786.294               0.000               0.000            54019.171   1.00000 
  1440.750          85.379    850.000       0.018       0.646             1802.443               0.000               0.000            55821.613   1.00000 
  1441.750          85.252    850.000       0.014       0.493             1813.215               0.000               0.000            57634.829   1.00000 
  1442.750          85.124    850.000       0.010       0.341             1815.253               0.000               0.000            59450.081   1.00000 
  1443.750          84.995    850.000       0.006       0.193             1801.262               0.000               0.000            61251.343   1.00000 
  1444.750          84.867    850.000       0.002       0.052             1749.535               0.000               0.000            63000.878   1.00000 
  1445.750          84.742    850.000       0.000       0.000             1498.890               0.000               0.000            64499.768   1.00000 
