#_______________________________________________________________________________
#    ######   ####     ##             #####   #####     ##    #    #    ## 
#    #       #        #  #            #    #  #    #   #  #   ##  ##   #  #
#    #####    ####   ######           #    #  #####   ######  # ## #  ######
#    #            #  #    #           #    #  #    #  #    #  #    #  #    #
#____######__#####___#____#___________#####___#____#__#____#__#____#__#____#____
#
#              ESA Debris Risk Assessment and Mitigation Analysis
#
#                      ---- DRAMA ( SESAM 2.1.5 ) ----
#                                      ESA 2018
#
#                              aerothermal history file
#-------------------------------------------------------------------------------
# Filename      : PySara.CCU.f1c16680-da40-4038-85b6-afd9b8962bbf_AeroThermalHistory.txt
# RunID         : PySara
# ObjectID      : f1c16680-da40-4038-85b6-afd9b8962bbf
# ObjectName    : CCU
# ReferenceArea : 0.007571 [m^2]
# Content       : This file contains the aerothermal data of the object,
#                 computed by the DRAMA 3 Re-entry Analysis.
# Documentation : DRAMA Software User Manual, section OPERATIONS MANUAL / Normal operation / SARA / SARA Simulation Output / Re-entry simulation output
# Note          : The convective heat and the integrated heat values in this file take into account the visibility factor
#
#-------------------------------------------------------------------------------------------------------------------------------------------------------------------
#  Time [s]  Altitude [km]   Temp [K]   Mass [kg]   Thick [mm]  Convective Heat [W]  Radiative Heat [W]  Oxidation Heat [W]  Integrated Heat [J] VisibilityFactor [-]
#-------------------------------------------------------------------------------------------------------------------------------------------------------------------
  1264.100         101.199    300.000       0.236       2.637              485.371               0.000               0.000                0.000   1.00000 
  1264.200         101.192    300.232       0.236       2.637              485.663               0.000               0.000               48.566   1.00000 
  1264.650         101.162    301.277       0.236       2.637              487.027               0.000               0.000              267.728   1.00000 
  1265.650         101.096    303.613       0.236       2.637              490.197               0.000               0.000              757.925   1.00000 
  1266.650         101.029    305.963       0.236       2.637              493.668               0.000               0.000             1251.594   1.00000 
  1267.650         100.962    308.326       0.236       2.637              497.212               0.000               0.000             1748.806   1.00000 
  1268.650         100.895    310.703       0.236       2.637              500.829               0.000               0.000             2249.635   1.00000 
  1269.650         100.828    313.094       0.236       2.637              504.522               0.000               0.000             2754.157   1.00000 
  1270.650         100.760    315.500       0.236       2.637              508.293               0.000               0.000             3262.450   1.00000 
  1271.650         100.693    317.920       0.236       2.637              512.142               0.000               0.000             3774.592   1.00000 
  1272.650         100.625    320.356       0.236       2.637              516.073               0.000               0.000             4290.666   1.00000 
  1273.650         100.557    322.806       0.236       2.637              520.088               0.000               0.000             4810.754   1.00000 
  1274.650         100.488    325.273       0.236       2.637              524.188               0.000               0.000             5334.942   1.00000 
  1275.650         100.420    327.755       0.236       2.637              528.377               0.000               0.000             5863.319   1.00000 
  1276.650         100.351    330.254       0.236       2.637              532.655               0.000               0.000             6395.974   1.00000 
  1277.650         100.282    332.769       0.236       2.637              537.026               0.000               0.000             6933.000   1.00000 
  1278.650         100.213    335.302       0.236       2.637              541.493               0.000               0.000             7474.493   1.00000 
  1279.650         100.143    337.852       0.236       2.637              546.057               0.000               0.000             8020.550   1.00000 
  1280.650         100.073    340.420       0.236       2.637              550.722               0.000               0.000             8571.271   1.00000 
  1281.650         100.003    343.006       0.236       2.637              555.490               0.000               0.000             9126.761   1.00000 
  1282.650          99.933    345.610       0.236       2.637              560.364               0.000               0.000             9687.125   1.00000 
  1283.650          99.863    348.234       0.236       2.637              565.347               0.000               0.000            10252.473   1.00000 
  1284.650          99.792    350.876       0.236       2.637              570.442               0.000               0.000            10822.914   1.00000 
  1285.650          99.721    353.539       0.236       2.637              575.650               0.000               0.000            11398.564   1.00000 
  1286.650          99.650    356.222       0.236       2.637              580.975               0.000               0.000            11979.539   1.00000 
  1287.650          99.578    358.924       0.236       2.637              586.419               0.000               0.000            12565.959   1.00000 
  1288.650          99.506    361.647       0.236       2.637              591.986               0.000               0.000            13157.944   1.00000 
  1289.650          99.434    364.391       0.236       2.637              597.677               0.000               0.000            13755.621   1.00000 
  1290.650          99.362    367.155       0.236       2.637              603.496               0.000               0.000            14359.118   1.00000 
  1291.650          99.290    369.942       0.236       2.637              609.446               0.000               0.000            14968.564   1.00000 
  1292.650          99.217    372.750       0.236       2.637              615.530               0.000               0.000            15584.094   1.00000 
  1293.650          99.144    375.581       0.236       2.637              621.751               0.000               0.000            16205.845   1.00000 
  1294.650          99.071    378.434       0.236       2.637              628.113               0.000               0.000            16833.958   1.00000 
  1295.650          98.997    381.310       0.236       2.637              634.617               0.000               0.000            17468.575   1.00000 
  1296.650          98.923    384.209       0.236       2.637              641.269               0.000               0.000            18109.845   1.00000 
  1297.650          98.849    387.132       0.236       2.637              648.071               0.000               0.000            18757.916   1.00000 
  1298.650          98.775    390.079       0.236       2.637              655.027               0.000               0.000            19412.943   1.00000 
  1299.650          98.700    393.050       0.236       2.637              662.141               0.000               0.000            20075.084   1.00000 
  1300.650          98.625    396.046       0.236       2.637              669.416               0.000               0.000            20744.500   1.00000 
  1301.650          98.550    399.068       0.236       2.637              676.856               0.000               0.000            21421.355   1.00000 
  1302.650          98.474    402.115       0.236       2.637              684.464               0.000               0.000            22105.820   1.00000 
  1303.650          98.398    405.188       0.236       2.637              692.246               0.000               0.000            22798.065   1.00000 
  1304.650          98.322    408.289       0.236       2.637              700.204               0.000               0.000            23498.270   1.00000 
  1305.650          98.246    411.416       0.236       2.637              708.344               0.000               0.000            24206.613   1.00000 
  1306.650          98.169    414.571       0.236       2.637              716.669               0.000               0.000            24923.282   1.00000 
  1307.650          98.092    417.755       0.236       2.637              725.183               0.000               0.000            25648.465   1.00000 
  1308.650          98.015    420.970       0.236       2.637              733.892               0.000               0.000            26382.357   1.00000 
  1309.650          97.937    424.215       0.236       2.637              742.799               0.000               0.000            27125.156   1.00000 
  1310.650          97.859    427.492       0.236       2.637              751.910               0.000               0.000            27877.066   1.00000 
  1311.650          97.781    430.800       0.236       2.637              761.229               0.000               0.000            28638.295   1.00000 
  1312.650          97.702    434.142       0.236       2.637              770.761               0.000               0.000            29409.055   1.00000 
  1313.650          97.623    437.515       0.236       2.637              780.511               0.000               0.000            30189.566   1.00000 
  1314.650          97.544    440.918       0.236       2.637              790.484               0.000               0.000            30980.050   1.00000 
  1315.650          97.464    444.351       0.236       2.637              800.685               0.000               0.000            31780.735   1.00000 
  1316.650          97.385    447.816       0.236       2.637              811.121               0.000               0.000            32591.856   1.00000 
  1317.650          97.304    451.312       0.236       2.637              821.795               0.000               0.000            33413.651   1.00000 
  1318.650          97.224    454.840       0.236       2.637              832.714               0.000               0.000            34246.365   1.00000 
  1319.650          97.143    458.395       0.236       2.637              843.884               0.000               0.000            35090.249   1.00000 
  1320.650          97.062    461.971       0.236       2.637              855.310               0.000               0.000            35945.559   1.00000 
  1321.650          96.980    465.569       0.236       2.637              866.998               0.000               0.000            36812.557   1.00000 
  1322.650          96.898    469.189       0.236       2.637              878.955               0.000               0.000            37691.512   1.00000 
  1323.650          96.816    472.831       0.236       2.637              891.186               0.000               0.000            38582.698   1.00000 
  1324.650          96.733    476.498       0.236       2.637              903.699               0.000               0.000            39486.397   1.00000 
  1325.650          96.651    480.169       0.236       2.637              916.499               0.000               0.000            40402.896   1.00000 
  1326.650          96.567    483.846       0.236       2.637              929.593               0.000               0.000            41332.490   1.00000 
  1327.650          96.484    487.530       0.236       2.637              942.989               0.000               0.000            42275.479   1.00000 
  1328.650          96.399    491.221       0.236       2.637              956.692               0.000               0.000            43232.171   1.00000 
  1329.650          96.315    494.921       0.236       2.637              970.711               0.000               0.000            44202.882   1.00000 
  1330.650          96.230    498.638       0.236       2.637              985.052               0.000               0.000            45187.934   1.00000 
  1331.650          96.145    502.384       0.236       2.637              999.723               0.000               0.000            46187.657   1.00000 
  1332.650          96.060    506.157       0.236       2.637             1014.731               0.000               0.000            47202.388   1.00000 
  1333.650          95.974    509.960       0.236       2.637             1030.084               0.000               0.000            48232.472   1.00000 
  1334.650          95.887    513.792       0.236       2.637             1045.791               0.000               0.000            49278.263   1.00000 
  1335.650          95.801    517.663       0.236       2.637             1061.858               0.000               0.000            50340.121   1.00000 
  1336.650          95.714    521.605       0.236       2.637             1078.295               0.000               0.000            51418.416   1.00000 
  1337.650          95.626    525.621       0.236       2.637             1095.109               0.000               0.000            52513.526   1.00000 
  1338.650          95.538    529.714       0.236       2.637             1112.310               0.000               0.000            53625.836   1.00000 
  1339.650          95.450    533.884       0.236       2.637             1129.906               0.000               0.000            54755.742   1.00000 
  1340.650          95.361    538.137       0.236       2.637             1147.905               0.000               0.000            55903.647   1.00000 
  1341.650          95.272    542.484       0.236       2.637             1166.318               0.000               0.000            57069.965   1.00000 
  1342.650          95.183    546.929       0.236       2.637             1185.153               0.000               0.000            58255.118   1.00000 
  1343.650          95.093    551.474       0.236       2.637             1204.420               0.000               0.000            59459.538   1.00000 
  1344.650          95.003    556.123       0.236       2.637             1224.128               0.000               0.000            60683.665   1.00000 
  1345.650          94.912    560.861       0.236       2.637             1244.287               0.000               0.000            61927.952   1.00000 
  1346.650          94.821    565.679       0.236       2.637             1264.907               0.000               0.000            63192.859   1.00000 
  1347.650          94.729    570.579       0.236       2.637             1285.998               0.000               0.000            64478.857   1.00000 
  1348.650          94.637    575.564       0.236       2.637             1307.570               0.000               0.000            65786.427   1.00000 
  1349.650          94.545    580.608       0.236       2.637             1329.634               0.000               0.000            67116.061   1.00000 
  1350.650          94.452    585.685       0.236       2.637             1352.200               0.000               0.000            68468.261   1.00000 
  1351.650          94.358    590.797       0.236       2.637             1375.278               0.000               0.000            69843.539   1.00000 
  1352.650          94.264    595.945       0.236       2.637             1398.880               0.000               0.000            71242.419   1.00000 
  1353.650          94.170    601.125       0.236       2.637             1423.016               0.000               0.000            72665.435   1.00000 
  1354.650          94.075    606.338       0.236       2.637             1447.698               0.000               0.000            74113.133   1.00000 
  1355.650          93.980    611.583       0.236       2.637             1472.937               0.000               0.000            75586.069   1.00000 
  1356.650          93.885    616.861       0.236       2.637             1498.744               0.000               0.000            77084.813   1.00000 
  1357.650          93.788    622.175       0.236       2.637             1525.131               0.000               0.000            78609.944   1.00000 
  1358.650          93.692    627.527       0.236       2.637             1552.110               0.000               0.000            80162.054   1.00000 
  1359.650          93.595    632.917       0.236       2.637             1579.693               0.000               0.000            81741.746   1.00000 
  1360.650          93.497    638.346       0.236       2.637             1607.892               0.000               0.000            83349.638   1.00000 
  1361.650          93.399    643.814       0.236       2.637             1636.719               0.000               0.000            84986.357   1.00000 
  1362.650          93.301    649.323       0.236       2.637             1666.187               0.000               0.000            86652.544   1.00000 
  1363.650          93.201    654.872       0.236       2.637             1696.308               0.000               0.000            88348.851   1.00000 
  1364.650          93.102    660.465       0.236       2.637             1727.095               0.000               0.000            90075.946   1.00000 
  1365.650          93.002    666.105       0.236       2.637             1758.560               0.000               0.000            91834.506   1.00000 
  1366.650          92.901    671.794       0.236       2.637             1790.718               0.000               0.000            93625.224   1.00000 
  1367.650          92.800    677.531       0.236       2.637             1823.580               0.000               0.000            95448.804   1.00000 
  1368.650          92.698    683.327       0.236       2.637             1857.161               0.000               0.000            97305.965   1.00000 
  1369.650          92.596    689.186       0.236       2.637             1891.472               0.000               0.000            99197.437   1.00000 
  1370.650          92.494    695.107       0.236       2.637             1926.529               0.000               0.000           101123.966   1.00000 
  1371.650          92.390    701.106       0.236       2.637             1962.344               0.000               0.000           103086.309   1.00000 
  1372.650          92.287    707.210       0.236       2.637             1998.930               0.000               0.000           105085.240   1.00000 
  1373.650          92.182    713.421       0.236       2.637             2036.302               0.000               0.000           107121.542   1.00000 
  1374.650          92.078    719.755       0.236       2.637             2074.474               0.000               0.000           109196.016   1.00000 
  1375.650          91.972    726.460       0.236       2.637             2113.458               0.000               0.000           111309.474   1.00000 
  1376.650          91.866    733.584       0.236       2.637             2153.270               0.000               0.000           113462.744   1.00000 
  1377.650          91.760    741.165       0.236       2.637             2193.922               0.000               0.000           115656.665   1.00000 
  1378.650          91.652    748.957       0.236       2.637             2235.429               0.000               0.000           117892.094   1.00000 
  1379.650          91.545    756.971       0.236       2.637             2277.804               0.000               0.000           120169.898   1.00000 
  1380.650          91.437    765.163       0.236       2.637             2321.061               0.000               0.000           122490.959   1.00000 
  1381.650          91.328    773.486       0.236       2.637             2365.215               0.000               0.000           124856.174   1.00000 
  1382.650          91.218    781.939       0.236       2.637             2410.279               0.000               0.000           127266.453   1.00000 
  1383.650          91.108    790.498       0.236       2.637             2456.266               0.000               0.000           129722.719   1.00000 
  1384.650          90.997    799.164       0.236       2.637             2503.191               0.000               0.000           132225.910   1.00000 
  1385.650          90.886    807.935       0.236       2.637             2551.067               0.000               0.000           134776.977   1.00000 
  1386.650          90.774    816.811       0.236       2.637             2599.906               0.000               0.000           137376.883   1.00000 
  1387.650          90.662    825.791       0.236       2.637             2649.724               0.000               0.000           140026.607   1.00000 
  1388.650          90.549    834.871       0.236       2.637             2700.532               0.000               0.000           142727.139   1.00000 
  1389.650          90.435    844.028       0.236       2.637             2752.343               0.000               0.000           145479.482   1.00000 
  1390.650          90.321    850.000       0.234       2.611             2805.171               0.000               0.000           148284.653   1.00000 
  1391.650          90.205    850.000       0.228       2.538             2859.008               0.000               0.000           151143.661   1.00000 
  1392.650          90.090    850.000       0.221       2.463             2913.821               0.000               0.000           154057.482   1.00000 
  1393.650          89.973    850.000       0.215       2.386             2969.606               0.000               0.000           157027.088   1.00000 
  1394.650          89.856    850.000       0.209       2.308             3026.364               0.000               0.000           160053.452   1.00000 
  1395.650          89.739    850.000       0.202       2.229             3084.097               0.000               0.000           163137.549   1.00000 
  1396.650          89.620    850.000       0.195       2.149             3142.805               0.000               0.000           166280.354   1.00000 
  1397.650          89.501    850.000       0.188       2.067             3202.486               0.000               0.000           169482.841   1.00000 
  1398.650          89.382    850.000       0.181       1.984             3263.138               0.000               0.000           172745.978   1.00000 
  1399.650          89.261    850.000       0.174       1.899             3324.754               0.000               0.000           176070.732   1.00000 
  1400.650          89.140    850.000       0.166       1.813             3387.326               0.000               0.000           179458.058   1.00000 
  1401.650          89.018    850.000       0.158       1.726             3450.843               0.000               0.000           182908.901   1.00000 
  1402.650          88.896    850.000       0.151       1.637             3515.292               0.000               0.000           186424.193   1.00000 
  1403.650          88.772    850.000       0.143       1.547             3580.653               0.000               0.000           190004.845   1.00000 
  1404.650          88.648    850.000       0.135       1.455             3646.904               0.000               0.000           193651.750   1.00000 
  1405.650          88.524    850.000       0.126       1.362             3714.019               0.000               0.000           197365.768   1.00000 
  1406.650          88.398    850.000       0.118       1.268             3781.962               0.000               0.000           201147.730   1.00000 
  1407.650          88.272    850.000       0.109       1.172             3850.694               0.000               0.000           204998.425   1.00000 
  1408.650          88.145    850.000       0.100       1.075             3920.167               0.000               0.000           208918.592   1.00000 
  1409.650          88.017    850.000       0.092       0.976             3990.322               0.000               0.000           212908.914   1.00000 
  1410.650          87.889    850.000       0.082       0.876             4061.091               0.000               0.000           216970.005   1.00000 
  1411.650          87.760    850.000       0.073       0.775             4132.391               0.000               0.000           221102.396   1.00000 
  1412.650          87.630    850.000       0.064       0.672             4204.123               0.000               0.000           225306.519   1.00000 
  1413.650          87.499    850.000       0.054       0.568             4276.167               0.000               0.000           229582.686   1.00000 
  1414.650          87.367    850.000       0.044       0.463             4348.380               0.000               0.000           233931.066   1.00000 
  1415.650          87.235    850.000       0.034       0.356             4420.589               0.000               0.000           238351.655   1.00000 
  1416.650          87.102    850.000       0.024       0.248             4492.581               0.000               0.000           242844.236   1.00000 
  1417.650          86.968    850.000       0.013       0.139             4564.094               0.000               0.000           247408.330   1.00000 
  1418.650          86.833    850.000       0.003       0.029             4634.801               0.000               0.000           252043.131   1.00000 
  1419.650          86.697    850.000       0.000       0.000             4704.292               0.000               0.000           256747.423   1.00000 
