#_______________________________________________________________________________
#    ######   ####     ##             #####   #####     ##    #    #    ## 
#    #       #        #  #            #    #  #    #   #  #   ##  ##   #  #
#    #####    ####   ######           #    #  #####   ######  # ## #  ######
#    #            #  #    #           #    #  #    #  #    #  #    #  #    #
#____######__#####___#____#___________#####___#____#__#____#__#____#__#____#____
#
#              ESA Debris Risk Assessment and Mitigation Analysis
#
#                      ---- DRAMA ( SESAM 2.1.5 ) ----
#                                      ESA 2018
#
#                              aerothermal history file
#-------------------------------------------------------------------------------
# Filename      : PySara.PMC1.83dad51f-37d0-4124-9403-f580da4ebf8a_AeroThermalHistory.txt
# RunID         : PySara
# ObjectID      : 83dad51f-37d0-4124-9403-f580da4ebf8a
# ObjectName    : PMC1
# ReferenceArea : 0.0052 [m^2]
# Content       : This file contains the aerothermal data of the object,
#                 computed by the DRAMA 3 Re-entry Analysis.
# Documentation : DRAMA Software User Manual, section OPERATIONS MANUAL / Normal operation / SARA / SARA Simulation Output / Re-entry simulation output
# Note          : The convective heat and the integrated heat values in this file take into account the visibility factor
#
#-------------------------------------------------------------------------------------------------------------------------------------------------------------------
#  Time [s]  Altitude [km]   Temp [K]   Mass [kg]   Thick [mm]  Convective Heat [W]  Radiative Heat [W]  Oxidation Heat [W]  Integrated Heat [J] VisibilityFactor [-]
#-------------------------------------------------------------------------------------------------------------------------------------------------------------------
  1398.200          90.148    300.000       0.190       2.628             2281.054               0.000               0.000                0.000   1.00000 
  1398.300          90.138    301.364       0.190       2.628             2284.453               0.000               0.000              228.445   1.00000 
  1398.750          90.092    307.539       0.190       2.628             2300.291               0.000               0.000             1263.576   1.00000 
  1399.750          89.990    321.439       0.190       2.628             2336.965               0.000               0.000             3600.541   1.00000 
  1400.750          89.888    335.482       0.190       2.628             2376.920               0.000               0.000             5977.462   1.00000 
  1401.750          89.786    349.668       0.190       2.628             2417.477               0.000               0.000             8394.939   1.00000 
  1402.750          89.683    363.997       0.190       2.628             2458.642               0.000               0.000            10853.580   1.00000 
  1403.750          89.579    378.451       0.190       2.628             2500.421               0.000               0.000            13354.002   1.00000 
  1404.750          89.476    393.015       0.190       2.628             2542.823               0.000               0.000            15896.825   1.00000 
  1405.750          89.372    407.674       0.190       2.628             2585.853               0.000               0.000            18482.678   1.00000 
  1406.750          89.267    422.416       0.190       2.628             2629.520               0.000               0.000            21112.198   1.00000 
  1407.750          89.163    437.254       0.190       2.628             2673.829               0.000               0.000            23786.027   1.00000 
  1408.750          89.057    452.175       0.190       2.628             2718.788               0.000               0.000            26504.815   1.00000 
  1409.750          88.952    467.118       0.190       2.628             2764.405               0.000               0.000            29269.220   1.00000 
  1410.750          88.846    481.883       0.190       2.628             2810.685               0.000               0.000            32079.905   1.00000 
  1411.750          88.739    496.292       0.190       2.628             2857.636               0.000               0.000            34937.541   1.00000 
  1412.750          88.633    510.338       0.190       2.628             2905.266               0.000               0.000            37842.807   1.00000 
  1413.750          88.525    524.252       0.190       2.628             2953.580               0.000               0.000            40796.387   1.00000 
  1414.750          88.417    538.472       0.190       2.628             3002.587               0.000               0.000            43798.974   1.00000 
  1415.750          88.309    553.163       0.190       2.628             3052.293               0.000               0.000            46851.267   1.00000 
  1416.750          88.200    568.433       0.190       2.628             3102.704               0.000               0.000            49953.971   1.00000 
  1417.750          88.091    584.005       0.190       2.628             3153.828               0.000               0.000            53107.799   1.00000 
  1418.750          87.981    599.521       0.190       2.628             3205.672               0.000               0.000            56313.471   1.00000 
  1419.750          87.871    614.825       0.190       2.628             3258.242               0.000               0.000            59571.713   1.00000 
  1420.750          87.760    629.914       0.190       2.628             3311.544               0.000               0.000            62883.257   1.00000 
  1421.750          87.649    644.822       0.190       2.628             3365.586               0.000               0.000            66248.843   1.00000 
  1422.750          87.537    659.564       0.190       2.628             3420.373               0.000               0.000            69669.215   1.00000 
  1423.750          87.425    674.168       0.190       2.628             3475.911               0.000               0.000            73145.126   1.00000 
  1424.750          87.312    688.669       0.190       2.628             3532.208               0.000               0.000            76677.334   1.00000 
  1425.750          87.198    703.143       0.190       2.628             3589.268               0.000               0.000            80266.602   1.00000 
  1426.750          87.084    717.754       0.190       2.628             3647.097               0.000               0.000            83913.700   1.00000 
  1427.750          86.970    733.014       0.190       2.628             3705.702               0.000               0.000            87619.402   1.00000 
  1428.750          86.854    750.122       0.190       2.628             3765.086               0.000               0.000            91384.488   1.00000 
  1429.750          86.738    767.889       0.190       2.628             3825.256               0.000               0.000            95209.744   1.00000 
  1430.750          86.622    785.937       0.190       2.628             3886.216               0.000               0.000            99095.959   1.00000 
  1431.750          86.504    804.097       0.190       2.628             3947.970               0.000               0.000           103043.929   1.00000 
  1432.750          86.387    822.321       0.190       2.628             4010.522               0.000               0.000           107054.451   1.00000 
  1433.750          86.268    840.590       0.190       2.628             4073.877               0.000               0.000           111128.328   1.00000 
  1434.750          86.149    850.000       0.185       2.559             4138.038               0.000               0.000           115266.366   1.00000 
  1435.750          86.029    850.000       0.176       2.415             4202.816               0.000               0.000           119469.182   1.00000 
  1436.750          85.908    850.000       0.166       2.270             4267.927               0.000               0.000           123737.109   1.00000 
  1437.750          85.787    850.000       0.156       2.123             4333.252               0.000               0.000           128070.361   1.00000 
  1438.750          85.665    850.000       0.146       1.976             4398.685               0.000               0.000           132469.046   1.00000 
  1439.750          85.542    850.000       0.135       1.827             4464.099               0.000               0.000           136933.146   1.00000 
  1440.750          85.419    850.000       0.125       1.678             4529.344               0.000               0.000           141462.490   1.00000 
  1441.750          85.294    850.000       0.114       1.528             4594.238               0.000               0.000           146056.728   1.00000 
  1442.750          85.169    850.000       0.103       1.377             4658.562               0.000               0.000           150715.290   1.00000 
  1443.750          85.044    850.000       0.092       1.225             4722.046               0.000               0.000           155437.336   1.00000 
  1444.750          84.917    850.000       0.081       1.072             4784.359               0.000               0.000           160221.695   1.00000 
  1445.750          84.790    850.000       0.070       0.919             4845.085               0.000               0.000           165066.780   1.00000 
  1446.750          84.662    850.000       0.058       0.765             4903.698               0.000               0.000           169970.478   1.00000 
  1447.750          84.533    850.000       0.047       0.611             4959.511               0.000               0.000           174929.989   1.00000 
  1448.750          84.403    850.000       0.035       0.456             5011.608               0.000               0.000           179941.597   1.00000 
  1449.750          84.273    850.000       0.023       0.302             5058.736               0.000               0.000           185000.333   1.00000 
  1450.750          84.141    850.000       0.011       0.147             5099.105               0.000               0.000           190099.438   1.00000 
  1451.750          84.009    850.000       0.000       0.000             5130.043               0.000               0.000           195229.481   1.00000 
