#_______________________________________________________________________________
#    ######   ####     ##             #####   #####     ##    #    #    ##
#    #       #        #  #            #    #  #    #   #  #   ##  ##   #  #
#    #####    ####   ######           #    #  #####   ######  # ## #  ######
#    #            #  #    #           #    #  #    #  #    #  #    #  #    #
#____######__#####___#____#___________#####___#____#__#____#__#____#__#____#____
#
#              ESA Debris Risk Assessment and Mitigation Analysis
#
#                      ---- DRAMA ( SESAM 2.1.5 ) ----
#                                      ESA 2018 
#
#                              trajectory history file
#-------------------------------------------------------------------------------
# Filename      : PySara.FMU1.8c6e4d00-4ff8-4a89-ba8f-3af08b2a8d80_Trajectory.txt
# RunID         : PySara
# ObjectID      : 8c6e4d00-4ff8-4a89-ba8f-3af08b2a8d80
# ObjectName    : FMU1
# Content       : This file contains the trajectory state data of the object,
#                 computed by the DRAMA 3 Re-entry Analysis.
# Documentation : DRAMA Software User Manual, section OPERATIONS MANUAL / Normal operation / SARA / SARA Simulation Output / Re-entry simulation output
#
#--------------------------------------------------------------------------------------------------------------------------------------------------------------------------------------------
#  Time [s]  Altitude [km]  Lat [deg]  Lon [deg]  Velocity [km/s]   Downrange [km]       Drag       Lift       Side    Knudsen       Mach  Flight Path [deg]  Heading [deg]  Density [kg/m^2]
#--------------------------------------------------------------------------------------------------------------------------------------------------------------------------------------------
  1398.200          90.148      4.345     33.321            7.238        10084.387      2.660      0.000      0.000    0.22148   24.18216           -0.80411       80.40118         3.334e-06 
  1398.300          90.138      4.346     33.327            7.237        10085.101      2.659      0.000      0.000    0.22116   24.18177           -0.80441       80.40173         3.339e-06 
  1398.750          90.092      4.351     33.356            7.235        10088.312      2.654      0.000      0.000    0.21970   24.17996           -0.80573       80.40420         3.361e-06 
  1399.750          89.990      4.362     33.419            7.228        10095.444      2.644      0.000      0.000    0.21637   24.17563           -0.80878       80.40969         3.413e-06 
  1400.750          89.888      4.373     33.483            7.222        10102.569      2.632      0.000      0.000    0.21284   24.17070           -0.81194       80.41519         3.470e-06 
  1401.750          89.786      4.383     33.546            7.216        10109.688      2.621      0.000      0.000    0.20936   24.16548           -0.81522       80.42071         3.528e-06 
  1402.750          89.683      4.394     33.609            7.210        10116.801      2.609      0.000      0.000    0.20592   24.15996           -0.81863       80.42623         3.587e-06 
  1403.750          89.580      4.405     33.672            7.203        10123.908      2.598      0.000      0.000    0.20252   24.15414           -0.82216       80.43176         3.647e-06 
  1404.750          89.476      4.415     33.735            7.197        10131.009      2.586      0.000      0.000    0.19916   24.14802           -0.82582       80.43730         3.709e-06 
  1405.750          89.372      4.426     33.798            7.190        10138.103      2.574      0.000      0.000    0.19584   24.14160           -0.82961       80.44285         3.772e-06 
  1406.750          89.268      4.437     33.861            7.183        10145.191      2.562      0.000      0.000    0.19257   24.13486           -0.83353       80.44841         3.837e-06 
  1407.750          89.163      4.447     33.924            7.177        10152.272      2.550      0.000      0.000    0.18933   24.12782           -0.83759       80.45398         3.902e-06 
  1408.750          89.058      4.458     33.987            7.170        10159.347      2.538      0.000      0.000    0.18613   24.12047           -0.84177       80.45956         3.970e-06 
  1409.750          88.953      4.469     34.050            7.163        10166.415      2.526      0.000      0.000    0.18297   24.11279           -0.84609       80.46515         4.038e-06 
  1410.750          88.847      4.479     34.112            7.156        10173.477      2.514      0.000      0.000    0.17985   24.10480           -0.85054       80.47075         4.109e-06 
  1411.750          88.740      4.490     34.175            7.149        10180.531      2.501      0.000      0.000    0.17677   24.09648           -0.85514       80.47636         4.181e-06 
  1412.750          88.633      4.500     34.238            7.142        10187.579      2.489      0.000      0.000    0.17372   24.08783           -0.85987       80.48198         4.254e-06 
  1413.750          88.526      4.511     34.300            7.135        10194.620      2.476      0.000      0.000    0.17071   24.07884           -0.86475       80.48760         4.329e-06 
  1414.750          88.418      4.521     34.363            7.127        10201.654      2.464      0.000      0.000    0.16774   24.06952           -0.86976       80.49324         4.406e-06 
  1415.750          88.309      4.532     34.425            7.120        10208.680      2.451      0.000      0.000    0.16480   24.05986           -0.87492       80.49888         4.485e-06 
  1416.750          88.200      4.542     34.488            7.113        10215.700      2.439      0.000      0.000    0.16189   24.04985           -0.88023       80.50454         4.566e-06 
  1417.750          88.091      4.553     34.550            7.105        10222.712      2.426      0.000      0.000    0.15903   24.03949           -0.88569       80.51020         4.648e-06 
  1418.750          87.981      4.563     34.612            7.098        10229.717      2.413      0.000      0.000    0.15619   24.02877           -0.89129       80.51588         4.733e-06 
  1419.750          87.870      4.574     34.674            7.090        10236.715      2.400      0.000      0.000    0.15339   24.01769           -0.89705       80.52156         4.820e-06 
  1420.750          87.759      4.584     34.736            7.082        10243.705      2.387      0.000      0.000    0.15062   24.00624           -0.90296       80.52725         4.908e-06 
  1421.750          87.647      4.594     34.799            7.074        10250.687      2.374      0.000      0.000    0.14789   23.99442           -0.90902       80.53295         4.999e-06 
  1422.750          87.534      4.605     34.861            7.066        10257.662      2.361      0.000      0.000    0.14519   23.98221           -0.91524       80.53866         5.093e-06 
  1423.750          87.421      4.615     34.922            7.059        10264.629      2.348      0.000      0.000    0.14252   23.96963           -0.92163       80.54438         5.188e-06 
  1424.750          87.307      4.625     34.984            7.050        10271.589      2.335      0.000      0.000    0.13988   23.95664           -0.92817       80.55011         5.286e-06 
  1425.750          87.193      4.636     35.046            7.042        10278.540      2.322      0.000      0.000    0.13727   23.94326           -0.93487       80.55585         5.387e-06 
  1426.750          87.077      4.646     35.108            7.034        10285.484      2.308      0.000      0.000    0.13470   23.92947           -0.94174       80.56159         5.490e-06 
  1427.750          86.961      4.656     35.169            7.026        10292.419      2.295      0.000      0.000    0.13215   23.91527           -0.94878       80.56735         5.596e-06 
  1428.750          86.845      4.667     35.231            7.017        10299.346      2.281      0.000      0.000    0.12964   23.90065           -0.95598       80.57311         5.704e-06 
  1429.750          86.727      4.677     35.293            7.009        10306.265      2.268      0.000      0.000    0.12716   23.88559           -0.96336       80.57888         5.816e-06 
  1430.750          86.609      4.687     35.354            7.000        10313.176      2.254      0.000      0.000    0.12471   23.87010           -0.97091       80.58466         5.931e-06 
  1431.750          86.490      4.697     35.415            6.991        10320.078      2.241      0.000      0.000    0.12228   23.85416           -0.97863       80.59045         6.048e-06 
  1432.750          86.370      4.707     35.477            6.982        10326.971      2.227      0.000      0.000    0.11989   23.83701           -0.98654       80.59625         6.169e-06 
  1433.750          86.250      4.718     35.538            6.973        10333.855      2.214      0.000      0.000    0.11753   23.81765           -0.99463       80.60206         6.293e-06 
  1434.750          86.128      4.728     35.599            6.962        10340.730      2.200      0.000      0.000    0.11520   23.79566           -1.00293       80.60788         6.421e-06 
  1435.750          86.006      4.738     35.660            6.951        10347.593      2.186      0.000      0.000    0.11289   23.77065           -1.01145       80.61371         6.552e-06 
  1436.750          85.883      4.748     35.721            6.938        10354.446      2.172      0.000      0.000    0.11062   23.74215           -1.02020       80.61955         6.687e-06 
  1437.750          85.759      4.758     35.782            6.925        10361.285      2.159      0.000      0.000    0.10837   23.70956           -1.02922       80.62541         6.826e-06 
  1438.750          85.634      4.768     35.842            6.910        10368.111      2.145      0.000      0.000    0.10616   23.67210           -1.03853       80.63127         6.968e-06 
  1439.750          85.508      4.778     35.903            6.893        10374.921      2.131      0.000      0.000    0.10397   23.62877           -1.04816       80.63715         7.115e-06 
  1440.750          85.382      4.788     35.963            6.875        10381.714      2.117      0.000      0.000    0.10182   23.57819           -1.05814       80.64305         7.266e-06 
  1441.750          85.254      4.798     36.024            6.853        10388.487      2.103      0.000      0.000    0.09969   23.51845           -1.06854       80.64896         7.421e-06 
  1442.750          85.126      4.808     36.084            6.828        10395.238      2.090      0.000      0.000    0.09759   23.44677           -1.07940       80.65489         7.581e-06 
  1443.750          84.997      4.818     36.143            6.799        10401.962      2.076      0.000      0.000    0.09553   23.35885           -1.09083       80.66084         7.745e-06 
  1444.750          84.867      4.828     36.203            6.762        10408.653      2.062      0.000      0.000    0.09349   23.24758           -1.10294       80.66683         7.914e-06 
  1445.750          84.737      4.837     36.262            6.714        10415.302      2.049      0.000      0.000    0.09149   23.09985           -1.11592       80.67287         8.087e-06 
  1446.750          84.606      4.847     36.321            6.647        10421.895      2.035      0.000      0.000    0.08952   22.88719           -1.13009       80.67900         8.265e-06 
  1447.750          84.475      4.857     36.379            6.533        10428.398      2.022      0.000      0.000    0.08759   22.52620           -1.14614       80.68538         8.447e-06 
  1448.750          84.347      4.866     36.434            6.199        10434.678      2.010      0.000      0.000    0.08573   21.47492           -1.16693       80.69310         8.630e-06 
