#_______________________________________________________________________________
#    ######   ####     ##             #####   #####     ##    #    #    ##
#    #       #        #  #            #    #  #    #   #  #   ##  ##   #  #
#    #####    ####   ######           #    #  #####   ######  # ## #  ######
#    #            #  #    #           #    #  #    #  #    #  #    #  #    #
#____######__#####___#____#___________#####___#____#__#____#__#____#__#____#____
#
#              ESA Debris Risk Assessment and Mitigation Analysis
#
#                      ---- DRAMA ( SESAM 2.1.5 ) ----
#                                      ESA 2018 
#
#                              trajectory history file
#-------------------------------------------------------------------------------
# Filename      : sara.SSR.d83a9294-4d46-4254-ace5-ff9fae05622a_Trajectory.txt
# RunID         : sara
# ObjectID      : d83a9294-4d46-4254-ace5-ff9fae05622a
# ObjectName    : SSR
# Content       : This file contains the trajectory state data of the object,
#                 computed by the DRAMA 3 Re-entry Analysis.
# Documentation : DRAMA Software User Manual, section OPERATIONS MANUAL / Normal operation / SARA / SARA Simulation Output / Re-entry simulation output
#
#--------------------------------------------------------------------------------------------------------------------------------------------------------------------------------------------
#  Time [s]  Altitude [km]  Lat [deg]  Lon [deg]  Velocity [km/s]   Downrange [km]       Drag       Lift       Side    Knudsen       Mach  Flight Path [deg]  Heading [deg]  Density [kg/m^2]
#--------------------------------------------------------------------------------------------------------------------------------------------------------------------------------------------
  1490.200          89.348      6.478    -93.888            7.245        10755.110      2.266      0.000      0.000    0.13031   26.45709           -0.74991       81.74742         3.836e-06 
  1490.300          89.338      6.479    -93.881            7.244        10755.825      2.265      0.000      0.000    0.13011   26.45616           -0.75019       81.74824         3.842e-06 
  1490.750          89.295      6.483    -93.853            7.243        10759.039      2.260      0.000      0.000    0.12923   26.45185           -0.75147       81.75191         3.869e-06 
  1491.750          89.200      6.493    -93.789            7.240        10766.181      2.249      0.000      0.000    0.12722   26.44186           -0.75435       81.76008         3.930e-06 
  1492.750          89.105      6.502    -93.725            7.237        10773.319      2.238      0.000      0.000    0.12508   26.43088           -0.75730       81.76826         3.997e-06 
  1493.750          89.009      6.511    -93.661            7.233        10780.455      2.226      0.000      0.000    0.12298   26.41990           -0.76031       81.77646         4.066e-06 
  1494.750          88.913      6.520    -93.597            7.230        10787.587      2.214      0.000      0.000    0.12090   26.40872           -0.76338       81.78465         4.136e-06 
  1495.750          88.816      6.530    -93.533            7.227        10794.717      2.203      0.000      0.000    0.11885   26.39735           -0.76651       81.79286         4.207e-06 
  1496.750          88.719      6.539    -93.470            7.224        10801.843      2.191      0.000      0.000    0.11682   26.38581           -0.76971       81.80108         4.281e-06 
  1497.750          88.622      6.548    -93.406            7.220        10808.966      2.179      0.000      0.000    0.11483   26.37410           -0.77297       81.80930         4.355e-06 
  1498.750          88.525      6.557    -93.342            7.217        10816.086      2.168      0.000      0.000    0.11286   26.36223           -0.77630       81.81754         4.431e-06 
  1499.750          88.427      6.566    -93.278            7.214        10823.202      2.156      0.000      0.000    0.11091   26.35018           -0.77970       81.82578         4.509e-06 
  1500.750          88.328      6.575    -93.215            7.210        10830.316      2.144      0.000      0.000    0.10899   26.33796           -0.78316       81.83403         4.589e-06 
  1501.750          88.229      6.585    -93.151            7.207        10837.426      2.133      0.000      0.000    0.10710   26.32557           -0.78670       81.84229         4.670e-06 
  1502.750          88.130      6.594    -93.088            7.203        10844.532      2.121      0.000      0.000    0.10523   26.31300           -0.79030       81.85055         4.753e-06 
  1503.750          88.031      6.603    -93.024            7.200        10851.636      2.110      0.000      0.000    0.10339   26.30025           -0.79397       81.85883         4.838e-06 
  1504.750          87.931      6.612    -92.960            7.196        10858.736      2.098      0.000      0.000    0.10157   26.28733           -0.79771       81.86711         4.925e-06 
  1505.750          87.830      6.621    -92.897            7.192        10865.832      2.086      0.000      0.000    0.09978   26.27422           -0.80152       81.87540         5.013e-06 
  1506.750          87.730      6.630    -92.833            7.189        10872.925      2.075      0.000      0.000    0.09801   26.26093           -0.80541       81.88370         5.104e-06 
  1507.750          87.628      6.639    -92.770            7.185        10880.014      2.063      0.000      0.000    0.09627   26.24745           -0.80937       81.89201         5.197e-06 
  1508.750          87.527      6.648    -92.706            7.181        10887.100      2.052      0.000      0.000    0.09454   26.23379           -0.81340       81.90033         5.291e-06 
  1509.750          87.424      6.657    -92.643            7.177        10894.182      2.040      0.000      0.000    0.09284   26.21994           -0.81751       81.90865         5.388e-06 
  1510.750          87.322      6.666    -92.580            7.174        10901.260      2.029      0.000      0.000    0.09117   26.20590           -0.82170       81.91698         5.488e-06 
  1511.750          87.219      6.675    -92.516            7.170        10908.335      2.018      0.000      0.000    0.08952   26.19167           -0.82596       81.92532         5.589e-06 
  1512.750          87.115      6.684    -92.453            7.166        10915.406      2.006      0.000      0.000    0.08789   26.17725           -0.83030       81.93366         5.693e-06 
  1513.750          87.011      6.693    -92.390            7.162        10922.473      1.995      0.000      0.000    0.08628   26.16263           -0.83472       81.94202         5.799e-06 
  1514.750          86.906      6.702    -92.327            7.158        10929.536      1.984      0.000      0.000    0.08469   26.14781           -0.83922       81.95038         5.908e-06 
  1515.750          86.801      6.711    -92.263            7.154        10936.596      1.972      0.000      0.000    0.08313   26.13280           -0.84379       81.95875         6.019e-06 
  1516.750          86.696      6.720    -92.200            7.149        10943.651      1.961      0.000      0.000    0.08158   26.11758           -0.84846       81.96712         6.133e-06 
  1517.750          86.590      6.729    -92.137            7.145        10950.702      1.950      0.000      0.000    0.08006   26.10216           -0.85320       81.97550         6.250e-06 
  1518.750          86.483      6.738    -92.074            7.141        10957.750      1.939      0.000      0.000    0.07856   26.08654           -0.85803       81.98389         6.370e-06 
  1519.750          86.376      6.747    -92.011            7.137        10964.793      1.928      0.000      0.000    0.07708   26.07072           -0.86294       81.99229         6.492e-06 
  1520.750          86.268      6.755    -91.948            7.132        10971.832      1.917      0.000      0.000    0.07561   26.05468           -0.86794       82.00069         6.618e-06 
  1521.750          86.160      6.764    -91.885            7.128        10978.867      1.906      0.000      0.000    0.07417   26.03844           -0.87303       82.00911         6.747e-06 
  1522.750          86.051      6.773    -91.822            7.123        10985.897      1.895      0.000      0.000    0.07275   26.02199           -0.87820       82.01752         6.879e-06 
  1523.750          85.941      6.782    -91.759            7.119        10992.923      1.884      0.000      0.000    0.07138   25.99904           -0.88347       82.02595         7.011e-06 
  1524.750          85.831      6.791    -91.696            7.114        10999.945      1.874      0.000      0.000    0.07008   25.96644           -0.88883       82.03438         7.141e-06 
  1525.750          85.721      6.799    -91.633            7.109        11006.962      1.864      0.000      0.000    0.06880   25.93300           -0.89428       82.04282         7.274e-06 
  1526.750          85.609      6.808    -91.570            7.104        11013.974      1.854      0.000      0.000    0.06754   25.89860           -0.89984       82.05126         7.410e-06 
  1527.750          85.497      6.817    -91.507            7.098        11020.981      1.844      0.000      0.000    0.06629   25.86320           -0.90550       82.05971         7.550e-06 
  1528.750          85.385      6.826    -91.445            7.093        11027.982      1.834      0.000      0.000    0.06506   25.82658           -0.91128       82.06816         7.692e-06 
  1529.750          85.272      6.834    -91.382            7.086        11034.978      1.825      0.000      0.000    0.06385   25.78882           -0.91718       82.07662         7.838e-06 
  1530.750          85.158      6.843    -91.319            7.080        11041.968      1.815      0.000      0.000    0.06265   25.74968           -0.92320       82.08508         7.988e-06 
  1531.750          85.044      6.852    -91.257            7.073        11048.951      1.805      0.000      0.000    0.06148   25.70904           -0.92936       82.09355         8.141e-06 
  1532.750          84.929      6.861    -91.194            7.066        11055.927      1.796      0.000      0.000    0.06032   25.66674           -0.93567       82.10202         8.298e-06 
  1533.750          84.813      6.869    -91.132            7.058        11062.895      1.786      0.000      0.000    0.05917   25.62258           -0.94212       82.11049         8.458e-06 
  1534.750          84.696      6.878    -91.070            7.049        11069.856      1.777      0.000      0.000    0.05805   25.57633           -0.94874       82.11897         8.622e-06 
  1535.750          84.579      6.886    -91.007            7.040        11076.808      1.768      0.000      0.000    0.05694   25.52776           -0.95553       82.12744         8.791e-06 
  1536.750          84.462      6.895    -90.945            7.030        11083.751      1.759      0.000      0.000    0.05584   25.47638           -0.96252       82.13592         8.963e-06 
  1537.750          84.343      6.904    -90.883            7.020        11090.684      1.750      0.000      0.000    0.05476   25.42193           -0.96971       82.14440         9.140e-06 
  1538.750          84.224      6.912    -90.821            7.008        11097.606      1.741      0.000      0.000    0.05370   25.36382           -0.97713       82.15287         9.320e-06 
  1539.750          84.104      6.921    -90.759            6.995        11104.516      1.732      0.000      0.000    0.05265   25.30143           -0.98479       82.16134         9.506e-06 
