#_______________________________________________________________________________
#    ######   ####     ##             #####   #####     ##    #    #    ##
#    #       #        #  #            #    #  #    #   #  #   ##  ##   #  #
#    #####    ####   ######           #    #  #####   ######  # ## #  ######
#    #            #  #    #           #    #  #    #  #    #  #    #  #    #
#____######__#####___#____#___________#####___#____#__#____#__#____#__#____#____
#
#              ESA Debris Risk Assessment and Mitigation Analysis
#
#                      ---- DRAMA ( SESAM 2.1.5 ) ----
#                                      ESA 2018 
#
#                              trajectory history file
#-------------------------------------------------------------------------------
# Filename      : sara.EPC1.5c9117c9-e7e8-4ac5-aaa0-a1bb250993c4_Trajectory.txt
# RunID         : sara
# ObjectID      : 5c9117c9-e7e8-4ac5-aaa0-a1bb250993c4
# ObjectName    : EPC1
# Content       : This file contains the trajectory state data of the object,
#                 computed by the DRAMA 3 Re-entry Analysis.
# Documentation : DRAMA Software User Manual, section OPERATIONS MANUAL / Normal operation / SARA / SARA Simulation Output / Re-entry simulation output
#
#--------------------------------------------------------------------------------------------------------------------------------------------------------------------------------------------
#  Time [s]  Altitude [km]  Lat [deg]  Lon [deg]  Velocity [km/s]   Downrange [km]       Drag       Lift       Side    Knudsen       Mach  Flight Path [deg]  Heading [deg]  Density [kg/m^2]
#--------------------------------------------------------------------------------------------------------------------------------------------------------------------------------------------
  1490.200          89.348      6.478    -93.888            7.245        10755.110      1.659      0.000      0.000    0.27475   26.45709           -0.74991       81.74742         3.836e-06 
  1490.300          89.338      6.479    -93.881            7.244        10755.825      1.658      0.000      0.000    0.27434   26.45451           -0.75019       81.74823         3.842e-06 
  1490.750          89.295      6.483    -93.853            7.240        10759.039      1.656      0.000      0.000    0.27247   26.44249           -0.75149       81.75190         3.869e-06 
  1491.750          89.200      6.493    -93.789            7.232        10766.175      1.650      0.000      0.000    0.26823   26.41472           -0.75449       81.76006         3.930e-06 
  1492.750          89.105      6.502    -93.725            7.223        10773.303      1.643      0.000      0.000    0.26374   26.38444           -0.75765       81.76822         3.997e-06 
  1493.750          89.009      6.511    -93.661            7.215        10780.422      1.637      0.000      0.000    0.25930   26.35397           -0.76097       81.77638         4.066e-06 
  1494.750          88.913      6.520    -93.598            7.206        10787.534      1.630      0.000      0.000    0.25493   26.32308           -0.76447       81.78455         4.136e-06 
  1495.750          88.817      6.530    -93.534            7.197        10794.636      1.623      0.000      0.000    0.25062   26.29180           -0.76813       81.79272         4.207e-06 
  1496.750          88.720      6.539    -93.471            7.189        10801.731      1.617      0.000      0.000    0.24636   26.26014           -0.77196       81.80089         4.280e-06 
  1497.750          88.623      6.548    -93.407            7.180        10808.816      1.610      0.000      0.000    0.24215   26.22811           -0.77597       81.80906         4.354e-06 
  1498.750          88.526      6.557    -93.344            7.171        10815.893      1.603      0.000      0.000    0.23801   26.19570           -0.78015       81.81724         4.430e-06 
  1499.750          88.428      6.566    -93.281            7.162        10822.961      1.596      0.000      0.000    0.23391   26.16291           -0.78451       81.82542         4.508e-06 
  1500.750          88.330      6.575    -93.217            7.152        10830.020      1.589      0.000      0.000    0.22987   26.12974           -0.78905       81.83360         4.588e-06 
  1501.750          88.231      6.584    -93.154            7.143        10837.070      1.582      0.000      0.000    0.22588   26.09617           -0.79377       81.84178         4.669e-06 
  1502.750          88.132      6.593    -93.091            7.134        10844.112      1.575      0.000      0.000    0.22194   26.06222           -0.79867       81.84997         4.752e-06 
  1503.750          88.032      6.602    -93.028            7.124        10851.143      1.568      0.000      0.000    0.21805   26.02788           -0.80376       81.85816         4.837e-06 
  1504.750          87.932      6.611    -92.966            7.115        10858.166      1.560      0.000      0.000    0.21421   25.99314           -0.80904       81.86635         4.924e-06 
  1505.750          87.831      6.620    -92.903            7.105        10865.179      1.553      0.000      0.000    0.21041   25.95800           -0.81451       81.87454         5.013e-06 
  1506.750          87.730      6.629    -92.840            7.095        10872.183      1.546      0.000      0.000    0.20667   25.92246           -0.82018       81.88273         5.104e-06 
  1507.750          87.628      6.638    -92.777            7.085        10879.177      1.538      0.000      0.000    0.20297   25.88651           -0.82604       81.89093         5.197e-06 
  1508.750          87.526      6.647    -92.715            7.075        10886.161      1.531      0.000      0.000    0.19931   25.85015           -0.83209       81.89912         5.292e-06 
  1509.750          87.422      6.656    -92.652            7.065        10893.135      1.523      0.000      0.000    0.19570   25.81338           -0.83835       81.90732         5.390e-06 
  1510.750          87.319      6.665    -92.590            7.055        10900.100      1.515      0.000      0.000    0.19213   25.77619           -0.84481       81.91552         5.490e-06 
  1511.750          87.214      6.673    -92.528            7.045        10907.054      1.508      0.000      0.000    0.18861   25.73859           -0.85147       81.92371         5.593e-06 
  1512.750          87.109      6.682    -92.466            7.034        10913.999      1.500      0.000      0.000    0.18513   25.70056           -0.85834       81.93191         5.698e-06 
  1513.750          87.004      6.691    -92.404            7.024        10920.933      1.492      0.000      0.000    0.18169   25.66210           -0.86542       81.94011         5.806e-06 
  1514.750          86.897      6.700    -92.342            7.013        10927.856      1.484      0.000      0.000    0.17829   25.62322           -0.87272       81.94831         5.917e-06 
  1515.750          86.790      6.709    -92.280            7.002        10934.770      1.476      0.000      0.000    0.17493   25.58389           -0.88023       81.95651         6.031e-06 
  1516.750          86.682      6.717    -92.218            6.991        10941.672      1.468      0.000      0.000    0.17161   25.54287           -0.88796       81.96471         6.148e-06 
  1517.750          86.573      6.726    -92.156            6.979        10948.563      1.460      0.000      0.000    0.16833   25.49836           -0.89593       81.97291         6.268e-06 
  1518.750          86.464      6.735    -92.095            6.965        10955.442      1.452      0.000      0.000    0.16509   25.44953           -0.90416       81.98110         6.391e-06 
  1519.750          86.354      6.743    -92.033            6.950        10962.306      1.444      0.000      0.000    0.16188   25.39550           -0.91268       81.98929         6.517e-06 
  1520.750          86.242      6.752    -91.972            6.934        10969.155      1.436      0.000      0.000    0.15872   25.33510           -0.92153       81.99747         6.648e-06 
  1521.750          86.131      6.761    -91.911            6.915        10975.987      1.427      0.000      0.000    0.15559   25.26671           -0.93074       82.00564         6.781e-06 
  1522.750          86.018      6.769    -91.850            6.893        10982.798      1.419      0.000      0.000    0.15250   25.18800           -0.94036       82.01379         6.919e-06 
  1523.750          85.904      6.778    -91.789            6.867        10989.586      1.411      0.000      0.000    0.14959   25.08460           -0.95049       82.02192         7.053e-06 
  1524.750          85.790      6.786    -91.728            6.836        10996.346      1.403      0.000      0.000    0.14677   24.95764           -0.96120       82.03003         7.189e-06 
  1525.750          85.675      6.795    -91.668            6.796        11003.071      1.395      0.000      0.000    0.14398   24.80153           -0.97265       82.03810         7.329e-06 
  1526.750          85.559      6.803    -91.608            6.742        11009.750      1.387      0.000      0.000    0.14123   24.59639           -0.98509       82.04611         7.471e-06 
  1527.750          85.443      6.811    -91.549            6.659        11016.361      1.380      0.000      0.000    0.13853   24.29149           -0.99901       82.05401         7.617e-06 
  1528.750          85.328      6.819    -91.491            6.481        11022.843      1.373      0.000      0.000    0.13589   23.67189           -1.01585       82.06163         7.765e-06 
