#_______________________________________________________________________________
#    ######   ####     ##             #####   #####     ##    #    #    ## 
#    #       #        #  #            #    #  #    #   #  #   ##  ##   #  #
#    #####    ####   ######           #    #  #####   ######  # ## #  ######
#    #            #  #    #           #    #  #    #  #    #  #    #  #    #
#____######__#####___#____#___________#####___#____#__#____#__#____#__#____#____
#
#              ESA Debris Risk Assessment and Mitigation Analysis
#
#                      ---- DRAMA ( SESAM 2.1.5 ) ----
#                                      ESA 2018
#
#                              aerothermal history file
#-------------------------------------------------------------------------------
# Filename      : sara.Gyrosbl.43089cf7-03c5-4130-a53f-e1761f4b1c62_AeroThermalHistory.txt
# RunID         : sara
# ObjectID      : 43089cf7-03c5-4130-a53f-e1761f4b1c62
# ObjectName    : Gyrosbl
# ReferenceArea : 0.002952 [m^2]
# Content       : This file contains the aerothermal data of the object,
#                 computed by the DRAMA 3 Re-entry Analysis.
# Documentation : DRAMA Software User Manual, section OPERATIONS MANUAL / Normal operation / SARA / SARA Simulation Output / Re-entry simulation output
# Note          : The convective heat and the integrated heat values in this file take into account the visibility factor
#
#-------------------------------------------------------------------------------------------------------------------------------------------------------------------
#  Time [s]  Altitude [km]   Temp [K]   Mass [kg]   Thick [mm]  Convective Heat [W]  Radiative Heat [W]  Oxidation Heat [W]  Integrated Heat [J] VisibilityFactor [-]
#-------------------------------------------------------------------------------------------------------------------------------------------------------------------
  1383.100          97.926    300.000       0.220       4.050              351.015               0.000               0.000                0.000   1.00000 
  1383.200          97.919    300.180       0.220       4.050              351.303               0.000               0.000               35.130   1.00000 
  1383.650          97.888    300.991       0.220       4.050              352.651               0.000               0.000              193.823   1.00000 
  1384.650          97.820    302.810       0.220       4.050              355.809               0.000               0.000              549.632   1.00000 
  1385.650          97.752    304.644       0.220       4.050              359.309               0.000               0.000              908.941   1.00000 
  1386.650          97.684    306.495       0.220       4.050              362.924               0.000               0.000             1271.865   1.00000 
  1387.650          97.616    308.364       0.220       4.050              366.656               0.000               0.000             1638.522   1.00000 
  1388.650          97.547    310.250       0.220       4.050              370.514               0.000               0.000             2009.036   1.00000 
  1389.650          97.478    312.154       0.220       4.050              374.495               0.000               0.000             2383.532   1.00000 
  1390.650          97.409    314.077       0.220       4.050              378.589               0.000               0.000             2762.121   1.00000 
  1391.650          97.340    316.019       0.220       4.050              382.818               0.000               0.000             3144.938   1.00000 
  1392.650          97.270    317.982       0.220       4.050              387.180               0.000               0.000             3532.118   1.00000 
  1393.650          97.200    319.965       0.220       4.050              391.677               0.000               0.000             3923.796   1.00000 
  1394.650          97.130    321.969       0.220       4.050              396.309               0.000               0.000             4320.105   1.00000 
  1395.650          97.060    323.996       0.220       4.050              401.084               0.000               0.000             4721.188   1.00000 
  1396.650          96.990    326.045       0.220       4.050              406.007               0.000               0.000             5127.196   1.00000 
  1397.650          96.919    328.117       0.220       4.050              411.074               0.000               0.000             5538.270   1.00000 
  1398.650          96.848    330.213       0.220       4.050              416.290               0.000               0.000             5954.560   1.00000 
  1399.650          96.777    332.333       0.220       4.050              421.660               0.000               0.000             6376.220   1.00000 
  1400.650          96.706    334.479       0.220       4.050              427.187               0.000               0.000             6803.407   1.00000 
  1401.650          96.634    336.651       0.220       4.050              432.873               0.000               0.000             7236.280   1.00000 
  1402.650          96.562    338.850       0.220       4.050              438.723               0.000               0.000             7675.003   1.00000 
  1403.650          96.490    341.076       0.220       4.050              444.741               0.000               0.000             8119.744   1.00000 
  1404.650          96.418    343.331       0.220       4.050              450.927               0.000               0.000             8570.672   1.00000 
  1405.650          96.345    345.614       0.220       4.050              457.289               0.000               0.000             9027.960   1.00000 
  1406.650          96.272    347.928       0.220       4.050              463.828               0.000               0.000             9491.788   1.00000 
  1407.650          96.199    350.272       0.220       4.050              470.548               0.000               0.000             9962.336   1.00000 
  1408.650          96.125    352.647       0.220       4.050              477.453               0.000               0.000            10439.789   1.00000 
  1409.650          96.052    355.055       0.220       4.050              484.548               0.000               0.000            10924.337   1.00000 
  1410.650          95.978    357.495       0.220       4.050              491.836               0.000               0.000            11416.174   1.00000 
  1411.650          95.904    359.968       0.220       4.050              499.322               0.000               0.000            11915.495   1.00000 
  1412.650          95.829    362.475       0.220       4.050              507.008               0.000               0.000            12422.504   1.00000 
  1413.650          95.754    365.018       0.220       4.050              514.902               0.000               0.000            12937.405   1.00000 
  1414.650          95.679    367.596       0.220       4.050              523.006               0.000               0.000            13460.411   1.00000 
  1415.650          95.604    370.210       0.220       4.050              531.325               0.000               0.000            13991.735   1.00000 
  1416.650          95.528    372.863       0.220       4.050              539.864               0.000               0.000            14531.599   1.00000 
  1417.650          95.452    375.553       0.220       4.050              548.628               0.000               0.000            15080.227   1.00000 
  1418.650          95.376    378.283       0.220       4.050              557.624               0.000               0.000            15637.851   1.00000 
  1419.650          95.299    381.052       0.220       4.050              566.855               0.000               0.000            16204.706   1.00000 
  1420.650          95.223    383.861       0.220       4.050              576.329               0.000               0.000            16781.035   1.00000 
  1421.650          95.145    386.712       0.220       4.050              586.050               0.000               0.000            17367.085   1.00000 
  1422.650          95.068    389.605       0.220       4.050              596.026               0.000               0.000            17963.111   1.00000 
  1423.650          94.990    392.542       0.220       4.050              606.262               0.000               0.000            18569.373   1.00000 
  1424.650          94.912    395.523       0.220       4.050              616.768               0.000               0.000            19186.141   1.00000 
  1425.650          94.834    398.549       0.220       4.050              627.545               0.000               0.000            19813.685   1.00000 
  1426.650          94.755    401.620       0.220       4.050              638.594               0.000               0.000            20452.279   1.00000 
  1427.650          94.676    404.739       0.220       4.050              649.918               0.000               0.000            21102.197   1.00000 
  1428.650          94.596    407.905       0.220       4.050              661.522               0.000               0.000            21763.719   1.00000 
  1429.650          94.516    411.120       0.220       4.050              673.413               0.000               0.000            22437.132   1.00000 
  1430.650          94.436    414.385       0.220       4.050              685.596               0.000               0.000            23122.728   1.00000 
  1431.650          94.356    417.702       0.220       4.050              698.079               0.000               0.000            23820.807   1.00000 
  1432.650          94.275    421.071       0.220       4.050              710.866               0.000               0.000            24531.673   1.00000 
  1433.650          94.194    424.494       0.220       4.050              723.964               0.000               0.000            25255.637   1.00000 
  1434.650          94.112    427.973       0.220       4.050              737.376               0.000               0.000            25993.013   1.00000 
  1435.650          94.030    431.509       0.220       4.050              751.115               0.000               0.000            26744.128   1.00000 
  1436.650          93.948    435.102       0.220       4.050              765.183               0.000               0.000            27509.311   1.00000 
  1437.650          93.865    438.750       0.220       4.050              779.586               0.000               0.000            28288.898   1.00000 
  1438.650          93.782    442.454       0.220       4.050              794.332               0.000               0.000            29083.230   1.00000 
  1439.650          93.698    446.213       0.220       4.050              809.426               0.000               0.000            29892.655   1.00000 
  1440.650          93.614    450.030       0.220       4.050              824.875               0.000               0.000            30717.530   1.00000 
  1441.650          93.530    453.904       0.220       4.050              840.685               0.000               0.000            31558.215   1.00000 
  1442.650          93.446    457.833       0.220       4.050              856.864               0.000               0.000            32415.079   1.00000 
  1443.650          93.360    461.806       0.220       4.050              873.419               0.000               0.000            33288.498   1.00000 
  1444.650          93.275    465.825       0.220       4.050              890.355               0.000               0.000            34178.854   1.00000 
  1445.650          93.189    469.889       0.220       4.050              907.681               0.000               0.000            35086.534   1.00000 
  1446.650          93.103    474.000       0.220       4.050              925.401               0.000               0.000            36011.935   1.00000 
  1447.650          93.016    478.152       0.220       4.050              943.524               0.000               0.000            36955.459   1.00000 
  1448.650          92.929    482.326       0.220       4.050              962.052               0.000               0.000            37917.511   1.00000 
  1449.650          92.841    486.524       0.220       4.050              981.003               0.000               0.000            38898.513   1.00000 
  1450.650          92.753    490.747       0.220       4.050             1000.381               0.000               0.000            39898.895   1.00000 
  1451.650          92.664    494.994       0.220       4.050             1020.188               0.000               0.000            40919.083   1.00000 
  1452.650          92.575    499.279       0.220       4.050             1040.434               0.000               0.000            41959.517   1.00000 
  1453.650          92.486    503.614       0.220       4.050             1061.127               0.000               0.000            43020.644   1.00000 
  1454.650          92.396    508.000       0.220       4.050             1082.274               0.000               0.000            44102.919   1.00000 
  1455.650          92.306    512.437       0.220       4.050             1103.884               0.000               0.000            45206.803   1.00000 
  1456.650          92.215    516.926       0.220       4.050             1125.964               0.000               0.000            46332.767   1.00000 
  1457.650          92.123    521.517       0.220       4.050             1148.523               0.000               0.000            47481.290   1.00000 
  1458.650          92.032    526.219       0.220       4.050             1171.570               0.000               0.000            48652.860   1.00000 
  1459.650          91.939    531.035       0.220       4.050             1195.112               0.000               0.000            49847.972   1.00000 
  1460.650          91.847    535.970       0.220       4.050             1219.159               0.000               0.000            51067.131   1.00000 
  1461.650          91.753    541.035       0.220       4.050             1243.718               0.000               0.000            52310.849   1.00000 
  1462.650          91.659    546.242       0.220       4.050             1268.800               0.000               0.000            53579.649   1.00000 
  1463.650          91.565    551.596       0.220       4.050             1294.414               0.000               0.000            54874.063   1.00000 
  1464.650          91.470    557.103       0.220       4.050             1320.569               0.000               0.000            56194.631   1.00000 
  1465.650          91.375    562.738       0.220       4.050             1347.257               0.000               0.000            57541.888   1.00000 
  1466.650          91.279    568.493       0.220       4.050             1374.531               0.000               0.000            58916.419   1.00000 
  1467.650          91.182    574.372       0.220       4.050             1402.363               0.000               0.000            60318.782   1.00000 
  1468.650          91.085    580.359       0.220       4.050             1430.774               0.000               0.000            61749.556   1.00000 
  1469.650          90.988    586.399       0.220       4.050             1459.774               0.000               0.000            63209.330   1.00000 
  1470.650          90.889    592.490       0.220       4.050             1489.375               0.000               0.000            64698.705   1.00000 
  1471.650          90.791    598.635       0.220       4.050             1519.585               0.000               0.000            66218.290   1.00000 
  1472.650          90.691    604.827       0.220       4.050             1550.417               0.000               0.000            67768.707   1.00000 
  1473.650          90.591    611.067       0.220       4.050             1581.881               0.000               0.000            69350.588   1.00000 
  1474.650          90.491    617.354       0.220       4.050             1613.988               0.000               0.000            70964.576   1.00000 
  1475.650          90.390    623.691       0.220       4.050             1646.750               0.000               0.000            72611.326   1.00000 
  1476.650          90.288    630.082       0.220       4.050             1680.185               0.000               0.000            74291.511   1.00000 
  1477.650          90.186    636.525       0.220       4.050             1714.280               0.000               0.000            76005.791   1.00000 
  1478.650          90.083    643.021       0.220       4.050             1749.073               0.000               0.000            77754.864   1.00000 
  1479.650          89.979    649.571       0.220       4.050             1784.566               0.000               0.000            79539.429   1.00000 
  1480.650          89.875    656.175       0.220       4.050             1820.770               0.000               0.000            81360.200   1.00000 
  1481.650          89.770    662.837       0.220       4.050             1857.699               0.000               0.000            83217.899   1.00000 
  1482.650          89.665    669.562       0.220       4.050             1895.363               0.000               0.000            85113.263   1.00000 
  1483.650          89.559    676.349       0.220       4.050             1933.776               0.000               0.000            87047.038   1.00000 
  1484.650          89.452    683.209       0.220       4.050             1972.948               0.000               0.000            89019.986   1.00000 
  1485.650          89.345    690.149       0.220       4.050             2012.892               0.000               0.000            91032.878   1.00000 
  1486.650          89.237    697.170       0.220       4.050             2053.619               0.000               0.000            93086.497   1.00000 
  1487.650          89.128    704.306       0.220       4.050             2095.137               0.000               0.000            95181.634   1.00000 
  1488.650          89.018    711.581       0.220       4.050             2137.470               0.000               0.000            97319.104   1.00000 
  1489.650          88.908    718.997       0.220       4.050             2180.622               0.000               0.000            99499.726   1.00000 
  1490.650          88.797    726.844       0.220       4.050             2224.602               0.000               0.000           101724.327   1.00000 
  1491.650          88.685    735.258       0.220       4.050             2269.423               0.000               0.000           103993.750   1.00000 
  1492.650          88.573    744.228       0.220       4.050             2315.097               0.000               0.000           106308.848   1.00000 
  1493.650          88.460    753.485       0.220       4.050             2361.635               0.000               0.000           108670.483   1.00000 
  1494.650          88.346    763.035       0.220       4.050             2409.048               0.000               0.000           111079.531   1.00000 
  1495.650          88.231    772.755       0.220       4.050             2457.345               0.000               0.000           113536.875   1.00000 
  1496.650          88.116    782.647       0.220       4.050             2506.537               0.000               0.000           116043.412   1.00000 
  1497.650          88.000    792.675       0.220       4.050             2556.634               0.000               0.000           118600.046   1.00000 
  1498.650          87.883    802.840       0.220       4.050             2607.647               0.000               0.000           121207.693   1.00000 
  1499.650          87.765    813.137       0.220       4.050             2659.583               0.000               0.000           123867.276   1.00000 
  1500.650          87.647    823.568       0.220       4.050             2712.455               0.000               0.000           126579.730   1.00000 
  1501.650          87.527    834.127       0.220       4.050             2766.270               0.000               0.000           129346.001   1.00000 
  1502.650          87.407    844.795       0.220       4.050             2821.040               0.000               0.000           132167.041   1.00000 
  1503.650          87.286    850.000       0.217       3.979             2876.774               0.000               0.000           135043.815   1.00000 
  1504.650          87.164    850.000       0.210       3.837             2933.393               0.000               0.000           137977.207   1.00000 
  1505.650          87.042    850.000       0.203       3.694             2990.784               0.000               0.000           140967.992   1.00000 
  1506.650          86.918    850.000       0.196       3.549             3048.909               0.000               0.000           144016.901   1.00000 
  1507.650          86.794    850.000       0.189       3.403             3107.734               0.000               0.000           147124.635   1.00000 
  1508.650          86.669    850.000       0.182       3.256             3167.218               0.000               0.000           150291.852   1.00000 
  1509.650          86.543    850.000       0.174       3.107             3227.315               0.000               0.000           153519.168   1.00000 
  1510.650          86.416    850.000       0.167       2.957             3287.971               0.000               0.000           156807.138   1.00000 
  1511.650          86.288    850.000       0.159       2.805             3349.117               0.000               0.000           160156.256   1.00000 
  1512.650          86.159    850.000       0.151       2.653             3410.687               0.000               0.000           163566.943   1.00000 
  1513.650          86.029    850.000       0.143       2.498             3472.580               0.000               0.000           167039.523   1.00000 
  1514.650          85.899    850.000       0.135       2.343             3531.244               0.000               0.000           170570.767   1.00000 
  1515.650          85.767    850.000       0.127       2.187             3588.260               0.000               0.000           174159.026   1.00000 
  1516.650          85.635    850.000       0.118       2.030             3644.850               0.000               0.000           177803.877   1.00000 
  1517.650          85.501    850.000       0.110       1.873             3700.720               0.000               0.000           181504.597   1.00000 
  1518.650          85.367    850.000       0.101       1.714             3755.523               0.000               0.000           185260.119   1.00000 
  1519.650          85.232    850.000       0.092       1.555             3808.871               0.000               0.000           189068.990   1.00000 
  1520.650          85.096    850.000       0.083       1.396             3860.230               0.000               0.000           192929.220   1.00000 
  1521.650          84.959    850.000       0.074       1.236             3908.887               0.000               0.000           196838.108   1.00000 
  1522.650          84.820    850.000       0.065       1.076             3953.889               0.000               0.000           200791.997   1.00000 
  1523.650          84.681    850.000       0.055       0.916             3993.888               0.000               0.000           204785.885   1.00000 
  1524.650          84.542    850.000       0.046       0.756             4026.857               0.000               0.000           208812.742   1.00000 
  1525.650          84.401    850.000       0.037       0.597             4049.644               0.000               0.000           212862.386   1.00000 
  1526.650          84.259    850.000       0.027       0.440             4056.821               0.000               0.000           216919.208   1.00000 
  1527.650          84.117    850.000       0.018       0.285             4037.793               0.000               0.000           220957.000   1.00000 
  1528.650          83.975    850.000       0.008       0.134             3966.835               0.000               0.000           224923.835   1.00000 
  1529.650          83.833    850.000       0.000       0.000             3745.225               0.000               0.000           228669.061   1.00000 
