#_______________________________________________________________________________
#    ######   ####     ##             #####   #####     ##    #    #    ## 
#    #       #        #  #            #    #  #    #   #  #   ##  ##   #  #
#    #####    ####   ######           #    #  #####   ######  # ## #  ######
#    #            #  #    #           #    #  #    #  #    #  #    #  #    #
#____######__#####___#____#___________#####___#____#__#____#__#____#__#____#____
#
#              ESA Debris Risk Assessment and Mitigation Analysis
#
#                      ---- DRAMA ( SESAM 2.1.5 ) ----
#                                      ESA 2018
#
#                              aerothermal history file
#-------------------------------------------------------------------------------
# Filename      : sara.SARP-3.ea1ec5f4-71bd-4969-a2c3-09fede1031de_AeroThermalHistory.txt
# RunID         : sara
# ObjectID      : ea1ec5f4-71bd-4969-a2c3-09fede1031de
# ObjectName    : SARP-3
# ReferenceArea : 0.004606 [m^2]
# Content       : This file contains the aerothermal data of the object,
#                 computed by the DRAMA 3 Re-entry Analysis.
# Documentation : DRAMA Software User Manual, section OPERATIONS MANUAL / Normal operation / SARA / SARA Simulation Output / Re-entry simulation output
# Note          : The convective heat and the integrated heat values in this file take into account the visibility factor
#
#-------------------------------------------------------------------------------------------------------------------------------------------------------------------
#  Time [s]  Altitude [km]   Temp [K]   Mass [kg]   Thick [mm]  Convective Heat [W]  Radiative Heat [W]  Oxidation Heat [W]  Integrated Heat [J] VisibilityFactor [-]
#-------------------------------------------------------------------------------------------------------------------------------------------------------------------
  1490.200          89.348    300.000       0.208       2.655             3063.561               0.000               0.000                0.000   1.00000 
  1490.300          89.338    301.673       0.208       2.655             3068.015               0.000               0.000              306.802   1.00000 
  1490.750          89.295    309.246       0.208       2.655             3088.764               0.000               0.000             1696.745   1.00000 
  1491.750          89.200    326.277       0.208       2.655             3136.757               0.000               0.000             4833.502   1.00000 
  1492.750          89.105    343.450       0.208       2.655             3188.951               0.000               0.000             8022.453   1.00000 
  1493.750          89.009    360.766       0.208       2.655             3241.867               0.000               0.000            11264.320   1.00000 
  1494.750          88.913    378.208       0.208       2.655             3295.484               0.000               0.000            14559.804   1.00000 
  1495.750          88.816    395.748       0.208       2.655             3349.812               0.000               0.000            17909.617   1.00000 
  1496.750          88.719    413.356       0.208       2.655             3404.862               0.000               0.000            21314.478   1.00000 
  1497.750          88.622    431.018       0.208       2.655             3460.638               0.000               0.000            24775.116   1.00000 
  1498.750          88.525    448.768       0.208       2.655             3517.147               0.000               0.000            28292.263   1.00000 
  1499.750          88.427    466.501       0.208       2.655             3574.396               0.000               0.000            31866.659   1.00000 
  1500.750          88.328    483.978       0.208       2.655             3632.390               0.000               0.000            35499.049   1.00000 
  1501.750          88.230    500.891       0.208       2.655             3691.136               0.000               0.000            39190.185   1.00000 
  1502.750          88.130    517.345       0.208       2.655             3750.639               0.000               0.000            42940.823   1.00000 
  1503.750          88.031    533.763       0.208       2.655             3810.905               0.000               0.000            46751.728   1.00000 
  1504.750          87.931    550.706       0.208       2.655             3871.940               0.000               0.000            50623.668   1.00000 
  1505.750          87.830    568.373       0.208       2.655             3933.749               0.000               0.000            54557.416   1.00000 
  1506.750          87.730    586.448       0.208       2.655             3996.338               0.000               0.000            58553.754   1.00000 
  1507.750          87.628    604.372       0.208       2.655             4059.713               0.000               0.000            62613.467   1.00000 
  1508.750          87.527    621.955       0.208       2.655             4123.879               0.000               0.000            66737.346   1.00000 
  1509.750          87.424    639.223       0.208       2.655             4188.844               0.000               0.000            70926.190   1.00000 
  1510.750          87.322    656.215       0.208       2.655             4254.613               0.000               0.000            75180.803   1.00000 
  1511.750          87.219    672.964       0.208       2.655             4321.193               0.000               0.000            79501.995   1.00000 
  1512.750          87.115    689.525       0.208       2.655             4388.591               0.000               0.000            83890.586   1.00000 
  1513.750          87.011    706.008       0.208       2.655             4456.815               0.000               0.000            88347.401   1.00000 
  1514.750          86.906    722.654       0.208       2.655             4525.875               0.000               0.000            92873.276   1.00000 
  1515.750          86.801    740.580       0.208       2.655             4595.780               0.000               0.000            97469.056   1.00000 
  1516.750          86.695    760.257       0.208       2.655             4666.540               0.000               0.000           102135.597   1.00000 
  1517.750          86.589    780.532       0.208       2.655             4738.170               0.000               0.000           106873.766   1.00000 
  1518.750          86.482    800.961       0.208       2.655             4810.683               0.000               0.000           111684.449   1.00000 
  1519.750          86.375    821.434       0.208       2.655             4884.096               0.000               0.000           116568.545   1.00000 
  1520.750          86.267    841.928       0.208       2.655             4958.429               0.000               0.000           121526.974   1.00000 
  1521.750          86.159    850.000       0.201       2.557             5033.704               0.000               0.000           126560.678   1.00000 
  1522.750          86.050    850.000       0.189       2.395             5109.753               0.000               0.000           131670.431   1.00000 
  1523.750          85.940    850.000       0.177       2.231             5183.831               0.000               0.000           136854.262   1.00000 
  1524.750          85.830    850.000       0.165       2.067             5254.980               0.000               0.000           142109.243   1.00000 
  1525.750          85.719    850.000       0.152       1.902             5326.543               0.000               0.000           147435.786   1.00000 
  1526.750          85.608    850.000       0.140       1.736             5398.177               0.000               0.000           152833.963   1.00000 
  1527.750          85.496    850.000       0.127       1.569             5469.793               0.000               0.000           158303.756   1.00000 
  1528.750          85.383    850.000       0.114       1.402             5541.249               0.000               0.000           163845.005   1.00000 
  1529.750          85.270    850.000       0.101       1.234             5612.444               0.000               0.000           169457.449   1.00000 
  1530.750          85.156    850.000       0.087       1.066             5683.204               0.000               0.000           175140.653   1.00000 
  1531.750          85.041    850.000       0.074       0.897             5753.349               0.000               0.000           180894.002   1.00000 
  1532.750          84.926    850.000       0.060       0.728             5822.654               0.000               0.000           186716.657   1.00000 
  1533.750          84.810    850.000       0.046       0.558             5890.849               0.000               0.000           192607.506   1.00000 
  1534.750          84.694    850.000       0.032       0.388             5957.600               0.000               0.000           198565.106   1.00000 
  1535.750          84.576    850.000       0.018       0.218             6022.498               0.000               0.000           204587.605   1.00000 
  1536.750          84.458    850.000       0.004       0.047             6084.989               0.000               0.000           210672.594   1.00000 
  1537.750          84.340    850.000       0.000       0.000             6144.442               0.000               0.000           216817.036   1.00000 
