#_______________________________________________________________________________
#    ######   ####     ##             #####   #####     ##    #    #    ## 
#    #       #        #  #            #    #  #    #   #  #   ##  ##   #  #
#    #####    ####   ######           #    #  #####   ######  # ## #  ######
#    #            #  #    #           #    #  #    #  #    #  #    #  #    #
#____######__#####___#____#___________#####___#____#__#____#__#____#__#____#____
#
#              ESA Debris Risk Assessment and Mitigation Analysis
#
#                      ---- DRAMA ( SESAM 2.1.5 ) ----
#                                      ESA 2018
#
#                              aerothermal history file
#-------------------------------------------------------------------------------
# Filename      : sara.Cylind1.ae599747-ecf5-4232-aa46-521c56c71902_AeroThermalHistory.txt
# RunID         : sara
# ObjectID      : ae599747-ecf5-4232-aa46-521c56c71902
# ObjectName    : Cylind1
# ReferenceArea : 0.0814332 [m^2]
# Content       : This file contains the aerothermal data of the object,
#                 computed by the DRAMA 3 Re-entry Analysis.
# Documentation : DRAMA Software User Manual, section OPERATIONS MANUAL / Normal operation / SARA / SARA Simulation Output / Re-entry simulation output
# Note          : The convective heat and the integrated heat values in this file take into account the visibility factor
#
#-------------------------------------------------------------------------------------------------------------------------------------------------------------------
#  Time [s]  Altitude [km]   Temp [K]   Mass [kg]   Thick [mm]  Convective Heat [W]  Radiative Heat [W]  Oxidation Heat [W]  Integrated Heat [J] VisibilityFactor [-]
#-------------------------------------------------------------------------------------------------------------------------------------------------------------------
  1490.200          89.348    300.000       4.650      19.391            50764.118               0.000               0.000                0.000   1.00000 
  1490.300          89.338    301.239       4.650      19.391            50805.289               0.000               0.000             5080.529   1.00000 
  1490.750          89.295    306.832       4.650      19.391            50996.697               0.000               0.000            28029.042   1.00000 
  1491.750          89.200    319.333       4.650      19.391            51437.017               0.000               0.000            79466.059   1.00000 
  1492.750          89.105    331.875       4.650      19.391            51912.099               0.000               0.000           131378.158   1.00000 
  1493.750          89.009    344.455       4.650      19.391            52390.059               0.000               0.000           183768.217   1.00000 
  1494.750          88.913    357.074       4.650      19.391            52870.477               0.000               0.000           236638.693   1.00000 
  1495.750          88.816    369.724       4.650      19.391            53353.409               0.000               0.000           289992.102   1.00000 
  1496.750          88.719    382.394       4.650      19.391            53838.913               0.000               0.000           343831.016   1.00000 
  1497.750          88.622    395.069       4.650      19.391            54326.997               0.000               0.000           398158.012   1.00000 
  1498.750          88.525    407.743       4.650      19.391            54817.667               0.000               0.000           452975.679   1.00000 
  1499.750          88.427    420.407       4.650      19.391            55310.929               0.000               0.000           508286.608   1.00000 
  1500.750          88.328    433.073       4.650      19.391            55806.787               0.000               0.000           564093.395   1.00000 
  1501.750          88.230    445.746       4.650      19.391            56305.246               0.000               0.000           620398.641   1.00000 
  1502.750          88.130    458.368       4.650      19.391            56806.308               0.000               0.000           677204.949   1.00000 
  1503.750          88.031    470.874       4.650      19.391            57309.977               0.000               0.000           734514.925   1.00000 
  1504.750          87.931    483.185       4.650      19.391            57816.255               0.000               0.000           792331.180   1.00000 
  1505.750          87.830    495.140       4.650      19.391            58325.145               0.000               0.000           850656.325   1.00000 
  1506.750          87.730    506.776       4.650      19.391            58836.651               0.000               0.000           909492.975   1.00000 
  1507.750          87.628    518.263       4.650      19.391            59350.777               0.000               0.000           968843.752   1.00000 
  1508.750          87.527    529.771       4.650      19.391            59867.530               0.000               0.000          1028711.282   1.00000 
  1509.750          87.424    541.499       4.650      19.391            60386.919               0.000               0.000          1089098.201   1.00000 
  1510.750          87.322    553.513       4.650      19.391            60908.955               0.000               0.000          1150007.156   1.00000 
  1511.750          87.219    565.846       4.650      19.391            61433.654               0.000               0.000          1211440.810   1.00000 
  1512.750          87.115    578.314       4.650      19.391            61961.037               0.000               0.000          1273401.847   1.00000 
  1513.750          87.011    590.778       4.650      19.391            62491.132               0.000               0.000          1335892.979   1.00000 
  1514.750          86.906    603.054       4.650      19.391            63023.972               0.000               0.000          1398916.950   1.00000 
  1515.750          86.801    615.132       4.650      19.391            63559.601               0.000               0.000          1462476.551   1.00000 
  1516.750          86.695    627.021       4.650      19.391            64098.072               0.000               0.000          1526574.624   1.00000 
  1517.750          86.589    638.742       4.650      19.391            64639.453               0.000               0.000          1591214.077   1.00000 
  1518.750          86.482    650.305       4.650      19.391            65183.832               0.000               0.000          1656397.908   1.00000 
  1519.750          86.375    661.717       4.650      19.391            65731.312               0.000               0.000          1722129.220   1.00000 
  1520.750          86.267    673.003       4.650      19.391            66282.012               0.000               0.000          1788411.232   1.00000 
  1521.750          86.158    684.173       4.650      19.391            66836.076               0.000               0.000          1855247.308   1.00000 
  1522.750          86.049    695.276       4.650      19.391            67393.672               0.000               0.000          1922640.980   1.00000 
  1523.750          85.940    706.340       4.650      19.391            67933.710               0.000               0.000          1990574.691   1.00000 
  1524.750          85.829    717.466       4.650      19.391            68449.750               0.000               0.000          2059024.440   1.00000 
  1525.750          85.719    728.966       4.650      19.391            68969.592               0.000               0.000          2127994.032   1.00000 
  1526.750          85.607    741.424       4.650      19.391            69491.120               0.000               0.000          2197485.152   1.00000 
  1527.750          85.495    754.449       4.650      19.391            70014.416               0.000               0.000          2267499.568   1.00000 
  1528.750          85.382    767.754       4.650      19.391            70539.106               0.000               0.000          2338038.675   1.00000 
  1529.750          85.269    781.100       4.650      19.391            71065.650               0.000               0.000          2409104.325   1.00000 
  1530.750          85.154    794.445       4.650      19.391            71593.769               0.000               0.000          2480698.093   1.00000 
  1531.750          85.040    807.759       4.650      19.391            72123.538               0.000               0.000          2552821.632   1.00000 
  1532.750          84.924    821.033       4.650      19.391            72654.951               0.000               0.000          2625476.583   1.00000 
  1533.750          84.808    834.261       4.650      19.391            73188.002               0.000               0.000          2698664.585   1.00000 
  1534.750          84.691    847.413       4.650      19.391            73722.686               0.000               0.000          2772387.271   1.00000 
  1535.750          84.573    850.000       4.516      18.761            74259.039               0.000               0.000          2846646.310   1.00000 
  1536.750          84.455    850.000       4.346      17.975            74790.931               0.000               0.000          2921437.241   1.00000 
  1537.750          84.335    850.000       4.176      17.190            75315.516               0.000               0.000          2996752.757   1.00000 
  1538.750          84.215    850.000       4.004      16.407            75831.098               0.000               0.000          3072583.855   1.00000 
  1539.750          84.095    850.000       3.830      15.625            76336.275               0.000               0.000          3148920.130   1.00000 
  1540.750          83.973    850.000       3.656      14.846            76828.649               0.000               0.000          3225748.779   1.00000 
  1541.750          83.851    850.000       3.480      14.069            77306.644               0.000               0.000          3303055.423   1.00000 
  1542.750          83.728    850.000       3.303      13.294            77767.721               0.000               0.000          3380823.144   1.00000 
  1543.750          83.604    850.000       3.125      12.522            78209.030               0.000               0.000          3459032.174   1.00000 
  1544.750          83.479    850.000       2.946      11.753            78627.124               0.000               0.000          3537659.298   1.00000 
  1545.750          83.353    850.000       2.766      10.986            79018.103               0.000               0.000          3616677.402   1.00000 
  1546.750          83.227    850.000       2.586      10.223            79377.156               0.000               0.000          3696054.557   1.00000 
  1547.750          83.100    850.000       2.404       9.463            79698.554               0.000               0.000          3775753.112   1.00000 
  1548.750          82.972    850.000       2.222       8.707            79975.299               0.000               0.000          3855728.410   1.00000 
  1549.750          82.843    850.000       2.039       7.956            80198.630               0.000               0.000          3935927.040   1.00000 
  1550.750          82.713    850.000       1.855       7.210            80357.660               0.000               0.000          4016284.700   1.00000 
  1551.750          82.582    850.000       1.672       6.469            80438.519               0.000               0.000          4096723.219   1.00000 
  1552.750          82.450    850.000       1.488       5.735            80422.981               0.000               0.000          4177146.200   1.00000 
  1553.750          82.318    850.000       1.305       5.009            80287.006               0.000               0.000          4257433.206   1.00000 
  1554.750          82.185    850.000       1.123       4.291            79997.326               0.000               0.000          4337430.532   1.00000 
  1555.750          82.050    850.000       0.942       3.584            79506.233               0.000               0.000          4416936.765   1.00000 
  1556.750          81.916    850.000       0.762       2.891            78742.694               0.000               0.000          4495679.458   1.00000 
  1557.750          81.780    850.000       0.586       2.213            77592.314               0.000               0.000          4573271.772   1.00000 
  1558.750          81.644    850.000       0.414       1.558            75854.689               0.000               0.000          4649126.461   1.00000 
  1559.750          81.508    850.000       0.249       0.933            73124.855               0.000               0.000          4722251.316   1.00000 
  1560.750          81.373    850.000       0.095       0.357            68360.251               0.000               0.000          4790611.567   1.00000 
  1561.750          81.241    850.000       0.000       0.000            56913.566               0.000               0.000          4847525.133   1.00000 
