#_______________________________________________________________________________
#    ######   ####     ##             #####   #####     ##    #    #    ##
#    #       #        #  #            #    #  #    #   #  #   ##  ##   #  #
#    #####    ####   ######           #    #  #####   ######  # ## #  ######
#    #            #  #    #           #    #  #    #  #    #  #    #  #    #
#____######__#####___#____#___________#####___#____#__#____#__#____#__#____#____
#
#              ESA Debris Risk Assessment and Mitigation Analysis
#
#                      ---- DRAMA ( SESAM 2.1.5 ) ----
#                                      ESA 2018 
#
#                              trajectory history file
#-------------------------------------------------------------------------------
# Filename      : sara.EAIM.049e68a2-6063-4a2e-b6f1-5aa39107fb56_Trajectory.txt
# RunID         : sara
# ObjectID      : 049e68a2-6063-4a2e-b6f1-5aa39107fb56
# ObjectName    : EAIM
# Content       : This file contains the trajectory state data of the object,
#                 computed by the DRAMA 3 Re-entry Analysis.
# Documentation : DRAMA Software User Manual, section OPERATIONS MANUAL / Normal operation / SARA / SARA Simulation Output / Re-entry simulation output
#
#--------------------------------------------------------------------------------------------------------------------------------------------------------------------------------------------
#  Time [s]  Altitude [km]  Lat [deg]  Lon [deg]  Velocity [km/s]   Downrange [km]       Drag       Lift       Side    Knudsen       Mach  Flight Path [deg]  Heading [deg]  Density [kg/m^2]
#--------------------------------------------------------------------------------------------------------------------------------------------------------------------------------------------
  1383.100          97.926      5.431   -100.749            7.302         9986.510      2.398      0.000      0.000    0.52803   26.15664           -0.53107       80.94011         8.178e-07 
  1383.200          97.919      5.432   -100.743            7.302         9987.229      2.397      0.000      0.000    0.52747   26.15717           -0.53123       80.94080         8.187e-07 
  1383.650          97.888      5.437   -100.714            7.302         9990.466      2.396      0.000      0.000    0.52486   26.15958           -0.53195       80.94389         8.228e-07 
  1384.650          97.820      5.447   -100.650            7.301         9997.657      2.393      0.000      0.000    0.51891   26.16504           -0.53357       80.95078         8.323e-07 
  1385.650          97.752      5.457   -100.586            7.300        10004.848      2.389      0.000      0.000    0.51258   26.17081           -0.53521       80.95767         8.428e-07 
  1386.650          97.684      5.467   -100.522            7.299        10012.038      2.385      0.000      0.000    0.50631   26.17652           -0.53686       80.96458         8.534e-07 
  1387.650          97.616      5.478   -100.458            7.298        10019.227      2.381      0.000      0.000    0.50009   26.18210           -0.53852       80.97150         8.641e-07 
  1388.650          97.547      5.488   -100.394            7.297        10026.416      2.377      0.000      0.000    0.49393   26.18790           -0.54021       80.97843         8.750e-07 
  1389.650          97.478      5.498   -100.330            7.297        10033.604      2.373      0.000      0.000    0.48783   26.19361           -0.54191       80.98537         8.862e-07 
  1390.650          97.409      5.508   -100.266            7.296        10040.791      2.369      0.000      0.000    0.48178   26.19845           -0.54363       80.99233         8.974e-07 
  1391.650          97.340      5.518   -100.202            7.295        10047.977      2.365      0.000      0.000    0.47579   26.20355           -0.54536       80.99930         9.088e-07 
  1392.650          97.270      5.528   -100.138            7.294        10055.162      2.361      0.000      0.000    0.46986   26.20868           -0.54712       81.00628         9.205e-07 
  1393.650          97.200      5.539   -100.074            7.293        10062.347      2.357      0.000      0.000    0.46398   26.21371           -0.54889       81.01327         9.323e-07 
  1394.650          97.130      5.549   -100.010            7.292        10069.531      2.352      0.000      0.000    0.45816   26.21845           -0.55067       81.02028         9.442e-07 
  1395.650          97.060      5.559    -99.946            7.291        10076.714      2.348      0.000      0.000    0.45240   26.22326           -0.55248       81.02729         9.564e-07 
  1396.650          96.990      5.569    -99.882            7.290        10083.896      2.344      0.000      0.000    0.44668   26.22822           -0.55431       81.03433         9.688e-07 
  1397.650          96.919      5.579    -99.818            7.290        10091.078      2.339      0.000      0.000    0.44103   26.23284           -0.55615       81.04137         9.814e-07 
  1398.650          96.848      5.589    -99.754            7.289        10098.258      2.334      0.000      0.000    0.43543   26.23737           -0.55801       81.04842         9.942e-07 
  1399.650          96.777      5.599    -99.690            7.288        10105.438      2.330      0.000      0.000    0.42988   26.24181           -0.55989       81.05549         1.007e-06 
  1400.650          96.706      5.609    -99.626            7.287        10112.617      2.325      0.000      0.000    0.42439   26.24614           -0.56179       81.06257         1.020e-06 
  1401.650          96.634      5.620    -99.562            7.286        10119.795      2.320      0.000      0.000    0.41895   26.25035           -0.56371       81.06966         1.034e-06 
  1402.650          96.562      5.630    -99.498            7.285        10126.972      2.315      0.000      0.000    0.41357   26.25448           -0.56565       81.07677         1.047e-06 
  1403.650          96.490      5.640    -99.434            7.284        10134.148      2.310      0.000      0.000    0.40824   26.25852           -0.56761       81.08388         1.061e-06 
  1404.650          96.418      5.650    -99.370            7.283        10141.324      2.305      0.000      0.000    0.40296   26.26241           -0.56959       81.09101         1.075e-06 
  1405.650          96.346      5.660    -99.306            7.282        10148.498      2.300      0.000      0.000    0.39773   26.26622           -0.57159       81.09815         1.090e-06 
  1406.650          96.273      5.670    -99.242            7.281        10155.671      2.295      0.000      0.000    0.39256   26.26992           -0.57361       81.10530         1.104e-06 
  1407.650          96.200      5.680    -99.178            7.280        10162.844      2.290      0.000      0.000    0.38744   26.27352           -0.57565       81.11247         1.119e-06 
  1408.650          96.127      5.690    -99.114            7.279        10170.015      2.284      0.000      0.000    0.38237   26.27699           -0.57771       81.11964         1.134e-06 
  1409.650          96.053      5.700    -99.050            7.278        10177.186      2.279      0.000      0.000    0.37735   26.28036           -0.57979       81.12683         1.149e-06 
  1410.650          95.979      5.710    -98.986            7.276        10184.356      2.273      0.000      0.000    0.37238   26.28363           -0.58190       81.13403         1.165e-06 
  1411.650          95.905      5.720    -98.922            7.275        10191.524      2.268      0.000      0.000    0.36746   26.28678           -0.58402       81.14124         1.180e-06 
  1412.650          95.831      5.730    -98.858            7.274        10198.692      2.262      0.000      0.000    0.36259   26.28980           -0.58617       81.14847         1.196e-06 
  1413.650          95.756      5.740    -98.794            7.273        10205.859      2.256      0.000      0.000    0.35777   26.29272           -0.58834       81.15570         1.213e-06 
  1414.650          95.682      5.750    -98.730            7.272        10213.024      2.251      0.000      0.000    0.35300   26.29554           -0.59053       81.16295         1.229e-06 
  1415.650          95.606      5.760    -98.666            7.271        10220.189      2.245      0.000      0.000    0.34828   26.29822           -0.59275       81.17021         1.246e-06 
  1416.650          95.531      5.770    -98.602            7.270        10227.352      2.239      0.000      0.000    0.34360   26.30079           -0.59498       81.17748         1.263e-06 
  1417.650          95.455      5.780    -98.538            7.269        10234.515      2.233      0.000      0.000    0.33897   26.30324           -0.59724       81.18477         1.281e-06 
  1418.650          95.380      5.789    -98.475            7.267        10241.676      2.227      0.000      0.000    0.33439   26.30558           -0.59953       81.19206         1.298e-06 
  1419.650          95.303      5.799    -98.411            7.266        10248.836      2.221      0.000      0.000    0.32985   26.30779           -0.60184       81.19937         1.316e-06 
  1420.650          95.227      5.809    -98.347            7.265        10255.996      2.215      0.000      0.000    0.32536   26.30987           -0.60417       81.20669         1.335e-06 
  1421.650          95.150      5.819    -98.283            7.264        10263.154      2.208      0.000      0.000    0.32091   26.31184           -0.60652       81.21402         1.354e-06 
  1422.650          95.073      5.829    -98.219            7.263        10270.311      2.202      0.000      0.000    0.31651   26.31369           -0.60890       81.22136         1.373e-06 
  1423.650          94.996      5.839    -98.155            7.261        10277.467      2.196      0.000      0.000    0.31215   26.31542           -0.61131       81.22871         1.392e-06 
  1424.650          94.918      5.849    -98.091            7.260        10284.621      2.189      0.000      0.000    0.30782   26.31699           -0.61374       81.23608         1.412e-06 
  1425.650          94.840      5.859    -98.028            7.259        10291.775      2.183      0.000      0.000    0.30355   26.31845           -0.61620       81.24346         1.432e-06 
  1426.650          94.762      5.868    -97.964            7.258        10298.927      2.176      0.000      0.000    0.29931   26.31979           -0.61868       81.25084         1.452e-06 
  1427.650          94.684      5.878    -97.900            7.256        10306.078      2.169      0.000      0.000    0.29512   26.32100           -0.62118       81.25824         1.473e-06 
  1428.650          94.605      5.888    -97.836            7.255        10313.228      2.163      0.000      0.000    0.29098   26.32206           -0.62372       81.26566         1.494e-06 
  1429.650          94.526      5.898    -97.772            7.254        10320.377      2.156      0.000      0.000    0.28688   26.32298           -0.62628       81.27308         1.516e-06 
  1430.650          94.446      5.908    -97.708            7.252        10327.524      2.149      0.000      0.000    0.28282   26.32378           -0.62886       81.28051         1.538e-06 
  1431.650          94.366      5.917    -97.645            7.251        10334.671      2.142      0.000      0.000    0.27880   26.32444           -0.63148       81.28796         1.560e-06 
  1432.650          94.286      5.927    -97.581            7.250        10341.816      2.135      0.000      0.000    0.27483   26.32497           -0.63412       81.29542         1.583e-06 
  1433.650          94.206      5.937    -97.517            7.248        10348.959      2.128      0.000      0.000    0.27090   26.32533           -0.63679       81.30288         1.606e-06 
  1434.650          94.125      5.947    -97.453            7.247        10356.102      2.121      0.000      0.000    0.26701   26.32551           -0.63948       81.31036         1.630e-06 
  1435.650          94.044      5.957    -97.390            7.245        10363.243      2.113      0.000      0.000    0.26317   26.32561           -0.64221       81.31785         1.654e-06 
  1436.650          93.963      5.966    -97.326            7.244        10370.382      2.106      0.000      0.000    0.25936   26.32559           -0.64496       81.32536         1.678e-06 
  1437.650          93.881      5.976    -97.262            7.242        10377.521      2.099      0.000      0.000    0.25559   26.32539           -0.64774       81.33287         1.703e-06 
  1438.650          93.799      5.986    -97.198            7.241        10384.658      2.091      0.000      0.000    0.25187   26.32503           -0.65056       81.34039         1.728e-06 
  1439.650          93.717      5.995    -97.135            7.239        10391.794      2.084      0.000      0.000    0.24818   26.32451           -0.65340       81.34793         1.754e-06 
  1440.650          93.634      6.005    -97.071            7.238        10398.928      2.076      0.000      0.000    0.24454   26.32384           -0.65627       81.35548         1.781e-06 
  1441.650          93.551      6.015    -97.007            7.236        10406.061      2.069      0.000      0.000    0.24093   26.32301           -0.65917       81.36303         1.808e-06 
  1442.650          93.467      6.024    -96.944            7.235        10413.192      2.061      0.000      0.000    0.23737   26.32204           -0.66210       81.37060         1.835e-06 
  1443.650          93.384      6.034    -96.880            7.233        10420.322      2.053      0.000      0.000    0.23384   26.32090           -0.66507       81.37818         1.863e-06 
  1444.650          93.299      6.044    -96.816            7.232        10427.451      2.045      0.000      0.000    0.23035   26.31959           -0.66806       81.38577         1.891e-06 
  1445.650          93.215      6.053    -96.753            7.230        10434.578      2.037      0.000      0.000    0.22690   26.31811           -0.67109       81.39337         1.920e-06 
  1446.650          93.130      6.063    -96.689            7.229        10441.703      2.030      0.000      0.000    0.22349   26.31647           -0.67415       81.40098         1.950e-06 
  1447.650          93.045      6.073    -96.625            7.227        10448.827      2.022      0.000      0.000    0.22011   26.31466           -0.67724       81.40861         1.980e-06 
  1448.650          92.959      6.082    -96.562            7.225        10455.950      2.013      0.000      0.000    0.21678   26.31262           -0.68036       81.41624         2.011e-06 
  1449.650          92.873      6.092    -96.498            7.224        10463.071      2.005      0.000      0.000    0.21348   26.31036           -0.68352       81.42389         2.042e-06 
  1450.650          92.787      6.102    -96.435            7.222        10470.190      1.997      0.000      0.000    0.21022   26.30820           -0.68671       81.43154         2.074e-06 
  1451.650          92.700      6.111    -96.371            7.220        10477.308      1.989      0.000      0.000    0.20699   26.30568           -0.68994       81.43921         2.106e-06 
  1452.650          92.613      6.121    -96.307            7.218        10484.424      1.981      0.000      0.000    0.20380   26.30298           -0.69319       81.44688         2.139e-06 
  1453.650          92.526      6.130    -96.244            7.217        10491.539      1.972      0.000      0.000    0.20065   26.30009           -0.69649       81.45457         2.173e-06 
  1454.650          92.438      6.140    -96.180            7.215        10498.652      1.964      0.000      0.000    0.19754   26.29703           -0.69982       81.46227         2.208e-06 
  1455.650          92.349      6.149    -96.117            7.213        10505.763      1.956      0.000      0.000    0.19446   26.29377           -0.70318       81.46998         2.243e-06 
  1456.650          92.261      6.159    -96.053            7.211        10512.873      1.947      0.000      0.000    0.19141   26.29032           -0.70658       81.47770         2.279e-06 
  1457.650          92.171      6.168    -95.990            7.210        10519.980      1.939      0.000      0.000    0.18840   26.28668           -0.71002       81.48543         2.316e-06 
  1458.650          92.082      6.178    -95.926            7.208        10527.087      1.930      0.000      0.000    0.18543   26.28285           -0.71349       81.49317         2.353e-06 
  1459.650          91.992      6.187    -95.863            7.206        10534.191      1.921      0.000      0.000    0.18249   26.27880           -0.71701       81.50092         2.391e-06 
  1460.650          91.902      6.197    -95.799            7.204        10541.294      1.913      0.000      0.000    0.17958   26.27455           -0.72056       81.50868         2.430e-06 
  1461.650          91.811      6.206    -95.736            7.202        10548.395      1.904      0.000      0.000    0.17671   26.27009           -0.72414       81.51645         2.470e-06 
  1462.650          91.719      6.216    -95.673            7.200        10555.494      1.895      0.000      0.000    0.17387   26.26542           -0.72777       81.52423         2.510e-06 
  1463.650          91.628      6.225    -95.609            7.198        10562.591      1.887      0.000      0.000    0.17107   26.26054           -0.73143       81.53202         2.552e-06 
  1464.650          91.536      6.235    -95.546            7.196        10569.686      1.878      0.000      0.000    0.16830   26.25551           -0.73514       81.53982         2.594e-06 
  1465.650          91.443      6.244    -95.482            7.194        10576.780      1.869      0.000      0.000    0.16556   26.25009           -0.73888       81.54763         2.637e-06 
  1466.650          91.350      6.254    -95.419            7.192        10583.871      1.860      0.000      0.000    0.16285   26.24445           -0.74267       81.55545         2.681e-06 
  1467.650          91.257      6.263    -95.356            7.190        10590.961      1.851      0.000      0.000    0.16018   26.23883           -0.74649       81.56328         2.726e-06 
  1468.650          91.163      6.272    -95.292            7.188        10598.049      1.842      0.000      0.000    0.15754   26.23284           -0.75036       81.57113         2.772e-06 
  1469.650          91.068      6.282    -95.229            7.186        10605.135      1.833      0.000      0.000    0.15493   26.22662           -0.75427       81.57898         2.819e-06 
  1470.650          90.974      6.291    -95.166            7.184        10612.218      1.824      0.000      0.000    0.15235   26.22017           -0.75822       81.58684         2.867e-06 
  1471.650          90.878      6.300    -95.102            7.182        10619.300      1.815      0.000      0.000    0.14980   26.21354           -0.76221       81.59471         2.916e-06 
  1472.650          90.783      6.310    -95.039            7.179        10626.380      1.805      0.000      0.000    0.14728   26.20680           -0.76625       81.60259         2.966e-06 
  1473.650          90.686      6.319    -94.976            7.177        10633.458      1.796      0.000      0.000    0.14479   26.19993           -0.77033       81.61048         3.017e-06 
  1474.650          90.590      6.329    -94.912            7.175        10640.533      1.787      0.000      0.000    0.14234   26.19294           -0.77446       81.61838         3.070e-06 
  1475.650          90.492      6.338    -94.849            7.173        10647.607      1.778      0.000      0.000    0.13991   26.18582           -0.77863       81.62629         3.123e-06 
  1476.650          90.395      6.347    -94.786            7.170        10654.678      1.769      0.000      0.000    0.13751   26.17857           -0.78284       81.63421         3.178e-06 
  1477.650          90.296      6.356    -94.723            7.168        10661.747      1.759      0.000      0.000    0.13514   26.17130           -0.78711       81.64214         3.234e-06 
  1478.650          90.198      6.366    -94.660            7.166        10668.814      1.750      0.000      0.000    0.13280   26.16369           -0.79142       81.65008         3.291e-06 
  1479.650          90.098      6.375    -94.596            7.163        10675.879      1.741      0.000      0.000    0.13049   26.15603           -0.79577       81.65803         3.350e-06 
  1480.650          89.999      6.384    -94.533            7.161        10682.941      1.731      0.000      0.000    0.12821   26.14824           -0.80018       81.66599         3.410e-06 
  1481.650          89.898      6.393    -94.470            7.159        10690.002      1.722      0.000      0.000    0.12595   26.14020           -0.80463       81.67396         3.471e-06 
  1482.650          89.798      6.403    -94.407            7.156        10697.059      1.712      0.000      0.000    0.12373   26.13188           -0.80913       81.68193         3.534e-06 
  1483.650          89.696      6.412    -94.344            7.153        10704.115      1.703      0.000      0.000    0.12153   26.12323           -0.81369       81.68992         3.598e-06 
  1484.650          89.594      6.421    -94.281            7.151        10711.168      1.694      0.000      0.000    0.11936   26.11427           -0.81829       81.69791         3.663e-06 
  1485.650          89.492      6.430    -94.218            7.148        10718.218      1.684      0.000      0.000    0.11721   26.10496           -0.82296       81.70592         3.731e-06 
  1486.650          89.389      6.440    -94.155            7.145        10725.266      1.675      0.000      0.000    0.11510   26.09530           -0.82767       81.71393         3.799e-06 
  1487.650          89.286      6.449    -94.092            7.142        10732.311      1.665      0.000      0.000    0.11301   26.08526           -0.83245       81.72195         3.870e-06 
  1488.650          89.182      6.458    -94.029            7.139        10739.353      1.656      0.000      0.000    0.11094   26.07481           -0.83729       81.72998         3.942e-06 
  1489.650          89.077      6.467    -93.966            7.136        10746.392      1.646      0.000      0.000    0.10891   26.06386           -0.84219       81.73802         4.016e-06 
  1490.650          88.972      6.476    -93.903            7.133        10753.428      1.637      0.000      0.000    0.10690   26.05267           -0.84715       81.74607         4.092e-06 
  1491.650          88.866      6.485    -93.840            7.129        10760.461      1.627      0.000      0.000    0.10491   26.04091           -0.85218       81.75412         4.169e-06 
  1492.650          88.760      6.494    -93.777            7.126        10767.490      1.618      0.000      0.000    0.10295   26.02866           -0.85728       81.76218         4.249e-06 
  1493.650          88.653      6.504    -93.714            7.122        10774.517      1.608      0.000      0.000    0.10102   26.01588           -0.86245       81.77025         4.330e-06 
  1494.650          88.545      6.513    -93.651            7.118        10781.539      1.599      0.000      0.000    0.09911   26.00255           -0.86770       81.77833         4.414e-06 
  1495.650          88.437      6.522    -93.588            7.114        10788.558      1.589      0.000      0.000    0.09723   25.98863           -0.87302       81.78642         4.500e-06 
  1496.650          88.329      6.531    -93.526            7.110        10795.573      1.580      0.000      0.000    0.09538   25.97407           -0.87842       81.79451         4.587e-06 
  1497.650          88.219      6.540    -93.463            7.106        10802.584      1.570      0.000      0.000    0.09354   25.95884           -0.88391       81.80261         4.677e-06 
  1498.650          88.109      6.549    -93.400            7.102        10809.591      1.561      0.000      0.000    0.09174   25.94288           -0.88949       81.81072         4.770e-06 
  1499.650          87.999      6.558    -93.338            7.097        10816.593      1.551      0.000      0.000    0.08996   25.92614           -0.89515       81.81883         4.864e-06 
  1500.650          87.888      6.567    -93.275            7.092        10823.591      1.542      0.000      0.000    0.08820   25.90855           -0.90092       81.82695         4.961e-06 
  1501.650          87.776      6.576    -93.212            7.087        10830.584      1.533      0.000      0.000    0.08647   25.89005           -0.90678       81.83508         5.061e-06 
  1502.650          87.663      6.585    -93.150            7.081        10837.572      1.523      0.000      0.000    0.08476   25.87055           -0.91275       81.84321         5.163e-06 
  1503.650          87.550      6.594    -93.087            7.076        10844.554      1.514      0.000      0.000    0.08307   25.84997           -0.91884       81.85135         5.268e-06 
  1504.650          87.436      6.603    -93.025            7.070        10851.531      1.505      0.000      0.000    0.08141   25.82820           -0.92504       81.85949         5.376e-06 
  1505.650          87.322      6.612    -92.962            7.063        10858.502      1.495      0.000      0.000    0.07978   25.80512           -0.93136       81.86764         5.486e-06 
  1506.650          87.207      6.620    -92.900            7.057        10865.466      1.486      0.000      0.000    0.07816   25.78060           -0.93782       81.87579         5.599e-06 
  1507.650          87.091      6.629    -92.838            7.049        10872.424      1.477      0.000      0.000    0.07657   25.75447           -0.94441       81.88394         5.716e-06 
  1508.650          86.974      6.638    -92.776            7.042        10879.374      1.468      0.000      0.000    0.07501   25.72654           -0.95116       81.89210         5.835e-06 
