#_______________________________________________________________________________
#    ######   ####     ##             #####   #####     ##    #    #    ## 
#    #       #        #  #            #    #  #    #   #  #   ##  ##   #  #
#    #####    ####   ######           #    #  #####   ######  # ## #  ######
#    #            #  #    #           #    #  #    #  #    #  #    #  #    #
#____######__#####___#____#___________#####___#____#__#____#__#____#__#____#____
#
#              ESA Debris Risk Assessment and Mitigation Analysis
#
#                      ---- DRAMA ( SESAM 2.1.5 ) ----
#                                      ESA 2018
#
#                              aerothermal history file
#-------------------------------------------------------------------------------
# Filename      : sara.RTU.0e4d15da-49b2-41fa-98b0-a5585fd78673_AeroThermalHistory.txt
# RunID         : sara
# ObjectID      : 0e4d15da-49b2-41fa-98b0-a5585fd78673
# ObjectName    : RTU
# ReferenceArea : 0.00663 [m^2]
# Content       : This file contains the aerothermal data of the object,
#                 computed by the DRAMA 3 Re-entry Analysis.
# Documentation : DRAMA Software User Manual, section OPERATIONS MANUAL / Normal operation / SARA / SARA Simulation Output / Re-entry simulation output
# Note          : The convective heat and the integrated heat values in this file take into account the visibility factor
#
#-------------------------------------------------------------------------------------------------------------------------------------------------------------------
#  Time [s]  Altitude [km]   Temp [K]   Mass [kg]   Thick [mm]  Convective Heat [W]  Radiative Heat [W]  Oxidation Heat [W]  Integrated Heat [J] VisibilityFactor [-]
#-------------------------------------------------------------------------------------------------------------------------------------------------------------------
  1490.200          89.348    300.000       0.241       2.629             3540.861               0.000               0.000                0.000   1.00000 
  1490.300          89.338    301.669       0.241       2.629             3545.709               0.000               0.000              354.571   1.00000 
  1490.750          89.295    309.220       0.241       2.629             3568.279               0.000               0.000             1960.297   1.00000 
  1491.750          89.200    326.184       0.241       2.629             3620.432               0.000               0.000             5580.729   1.00000 
  1492.750          89.105    343.276       0.241       2.629             3677.067               0.000               0.000             9257.796   1.00000 
  1493.750          89.009    360.492       0.241       2.629             3734.400               0.000               0.000            12992.197   1.00000 
  1494.750          88.913    377.818       0.241       2.629             3792.407               0.000               0.000            16784.604   1.00000 
  1495.750          88.816    395.225       0.241       2.629             3851.098               0.000               0.000            20635.701   1.00000 
  1496.750          88.720    412.685       0.241       2.629             3910.480               0.000               0.000            24546.182   1.00000 
  1497.750          88.622    430.182       0.241       2.629             3970.562               0.000               0.000            28516.744   1.00000 
  1498.750          88.525    447.749       0.241       2.629             4031.348               0.000               0.000            32548.092   1.00000 
  1499.750          88.427    465.289       0.241       2.629             4092.844               0.000               0.000            36640.936   1.00000 
  1500.750          88.329    482.582       0.241       2.629             4155.055               0.000               0.000            40795.991   1.00000 
  1501.750          88.230    499.336       0.241       2.629             4217.988               0.000               0.000            45013.979   1.00000 
  1502.750          88.131    515.591       0.241       2.629             4281.646               0.000               0.000            49295.625   1.00000 
  1503.750          88.031    531.722       0.241       2.629             4346.037               0.000               0.000            53641.662   1.00000 
  1504.750          87.931    548.337       0.241       2.629             4411.164               0.000               0.000            58052.825   1.00000 
  1505.750          87.831    565.622       0.241       2.629             4477.032               0.000               0.000            62529.858   1.00000 
  1506.750          87.730    583.342       0.241       2.629             4543.648               0.000               0.000            67073.505   1.00000 
  1507.750          87.628    601.007       0.241       2.629             4611.016               0.000               0.000            71684.521   1.00000 
  1508.750          87.526    618.334       0.241       2.629             4679.141               0.000               0.000            76363.662   1.00000 
  1509.750          87.424    635.331       0.241       2.629             4748.030               0.000               0.000            81111.692   1.00000 
  1510.750          87.321    652.046       0.241       2.629             4817.688               0.000               0.000            85929.380   1.00000 
  1511.750          87.218    668.499       0.241       2.629             4888.121               0.000               0.000            90817.501   1.00000 
  1512.750          87.114    684.753       0.241       2.629             4959.337               0.000               0.000            95776.838   1.00000 
  1513.750          87.009    700.892       0.241       2.629             5031.342               0.000               0.000           100808.180   1.00000 
  1514.750          86.904    717.088       0.241       2.629             5104.146               0.000               0.000           105912.326   1.00000 
  1515.750          86.799    733.905       0.241       2.629             5177.758               0.000               0.000           111090.084   1.00000 
  1516.750          86.693    752.832       0.241       2.629             5252.188               0.000               0.000           116342.272   1.00000 
  1517.750          86.586    772.508       0.241       2.629             5327.450               0.000               0.000           121669.722   1.00000 
  1518.750          86.479    792.376       0.241       2.629             5403.560               0.000               0.000           127073.282   1.00000 
  1519.750          86.371    812.282       0.241       2.629             5480.533               0.000               0.000           132553.815   1.00000 
  1520.750          86.262    832.202       0.241       2.629             5558.389               0.000               0.000           138112.204   1.00000 
  1521.750          86.153    850.000       0.240       2.613             5637.151               0.000               0.000           143749.355   1.00000 
  1522.750          86.043    850.000       0.226       2.458             5716.782               0.000               0.000           149466.137   1.00000 
  1523.750          85.933    850.000       0.213       2.302             5793.469               0.000               0.000           155259.606   1.00000 
  1524.750          85.822    850.000       0.199       2.146             5866.940               0.000               0.000           161126.547   1.00000 
  1525.750          85.710    850.000       0.185       1.988             5940.287               0.000               0.000           167066.834   1.00000 
  1526.750          85.597    850.000       0.171       1.830             6013.086               0.000               0.000           173079.919   1.00000 
  1527.750          85.484    850.000       0.157       1.672             6085.127               0.000               0.000           179165.046   1.00000 
  1528.750          85.370    850.000       0.143       1.513             6156.108               0.000               0.000           185321.153   1.00000 
  1529.750          85.256    850.000       0.128       1.353             6225.763               0.000               0.000           191546.916   1.00000 
  1530.750          85.140    850.000       0.114       1.193             6293.670               0.000               0.000           197840.586   1.00000 
  1531.750          85.024    850.000       0.099       1.032             6359.343               0.000               0.000           204199.930   1.00000 
  1532.750          84.907    850.000       0.084       0.872             6422.153               0.000               0.000           210622.082   1.00000 
  1533.750          84.790    850.000       0.069       0.711             6481.281               0.000               0.000           217103.363   1.00000 
  1534.750          84.672    850.000       0.053       0.550             6535.628               0.000               0.000           223638.992   1.00000 
  1535.750          84.553    850.000       0.038       0.389             6583.710               0.000               0.000           230222.702   1.00000 
  1536.750          84.433    850.000       0.022       0.229             6623.377               0.000               0.000           236846.078   1.00000 
  1537.750          84.312    850.000       0.007       0.069             6651.458               0.000               0.000           243497.536   1.00000 
  1538.750          84.191    850.000       0.000       0.000             6662.833               0.000               0.000           250160.369   1.00000 
