#_______________________________________________________________________________
#    ######   ####     ##             #####   #####     ##    #    #    ## 
#    #       #        #  #            #    #  #    #   #  #   ##  ##   #  #
#    #####    ####   ######           #    #  #####   ######  # ## #  ######
#    #            #  #    #           #    #  #    #  #    #  #    #  #    #
#____######__#####___#____#___________#####___#____#__#____#__#____#__#____#____
#
#              ESA Debris Risk Assessment and Mitigation Analysis
#
#                      ---- DRAMA ( SESAM 2.1.5 ) ----
#                                      ESA 2018
#
#                              aerothermal history file
#-------------------------------------------------------------------------------
# Filename      : sara.MHS-MPU.4493b82b-537f-484f-a043-f11b7218cd9a_AeroThermalHistory.txt
# RunID         : sara
# ObjectID      : 4493b82b-537f-484f-a043-f11b7218cd9a
# ObjectName    : MHS-MPU
# ReferenceArea : 0.00357 [m^2]
# Content       : This file contains the aerothermal data of the object,
#                 computed by the DRAMA 3 Re-entry Analysis.
# Documentation : DRAMA Software User Manual, section OPERATIONS MANUAL / Normal operation / SARA / SARA Simulation Output / Re-entry simulation output
# Note          : The convective heat and the integrated heat values in this file take into account the visibility factor
#
#-------------------------------------------------------------------------------------------------------------------------------------------------------------------
#  Time [s]  Altitude [km]   Temp [K]   Mass [kg]   Thick [mm]  Convective Heat [W]  Radiative Heat [W]  Oxidation Heat [W]  Integrated Heat [J] VisibilityFactor [-]
#-------------------------------------------------------------------------------------------------------------------------------------------------------------------
  1490.200          89.348    300.000       0.141       2.657             1945.484               0.000               0.000                0.000   1.00000 
  1490.300          89.338    301.567       0.141       2.657             1948.479               0.000               0.000              194.848   1.00000 
  1490.750          89.295    308.665       0.141       2.657             1962.432               0.000               0.000             1077.942   1.00000 
  1491.750          89.200    324.643       0.141       2.657             1994.725               0.000               0.000             3072.667   1.00000 
  1492.750          89.105    340.779       0.141       2.657             2029.876               0.000               0.000             5102.543   1.00000 
  1493.750          89.009    357.072       0.141       2.657             2065.545               0.000               0.000             7168.088   1.00000 
  1494.750          88.913    373.513       0.141       2.657             2101.721               0.000               0.000             9269.809   1.00000 
  1495.750          88.816    390.080       0.141       2.657             2138.411               0.000               0.000            11408.220   1.00000 
  1496.750          88.720    406.740       0.141       2.657             2175.622               0.000               0.000            13583.843   1.00000 
  1497.750          88.622    423.481       0.141       2.657             2213.361               0.000               0.000            15797.204   1.00000 
  1498.750          88.525    440.317       0.141       2.657             2251.632               0.000               0.000            18048.836   1.00000 
  1499.750          88.427    457.215       0.141       2.657             2290.441               0.000               0.000            20339.277   1.00000 
  1500.750          88.329    474.044       0.141       2.657             2329.793               0.000               0.000            22669.070   1.00000 
  1501.750          88.230    490.587       0.141       2.657             2369.695               0.000               0.000            25038.765   1.00000 
  1502.750          88.131    506.525       0.141       2.657             2410.150               0.000               0.000            27448.915   1.00000 
  1503.750          88.031    522.214       0.141       2.657             2451.165               0.000               0.000            29900.080   1.00000 
  1504.750          87.931    538.116       0.141       2.657             2492.745               0.000               0.000            32392.824   1.00000 
  1505.750          87.831    554.574       0.141       2.657             2534.895               0.000               0.000            34927.719   1.00000 
  1506.750          87.730    571.704       0.141       2.657             2577.620               0.000               0.000            37505.339   1.00000 
  1507.750          87.628    589.188       0.141       2.657             2620.927               0.000               0.000            40126.266   1.00000 
  1508.750          87.526    606.439       0.141       2.657             2664.820               0.000               0.000            42791.085   1.00000 
  1509.750          87.424    623.391       0.141       2.657             2709.305               0.000               0.000            45500.390   1.00000 
  1510.750          87.321    640.077       0.141       2.657             2754.389               0.000               0.000            48254.780   1.00000 
  1511.750          87.218    656.527       0.141       2.657             2800.078               0.000               0.000            51054.858   1.00000 
  1512.750          87.114    672.772       0.141       2.657             2846.378               0.000               0.000            53901.236   1.00000 
  1513.750          87.009    688.861       0.141       2.657             2893.297               0.000               0.000            56794.533   1.00000 
  1514.750          86.904    704.894       0.141       2.657             2940.843               0.000               0.000            59735.376   1.00000 
  1515.750          86.799    721.089       0.141       2.657             2989.024               0.000               0.000            62724.400   1.00000 
  1516.750          86.692    738.369       0.141       2.657             3037.850               0.000               0.000            65762.250   1.00000 
  1517.750          86.586    757.485       0.141       2.657             3087.331               0.000               0.000            68849.581   1.00000 
  1518.750          86.478    777.266       0.141       2.657             3137.481               0.000               0.000            71987.061   1.00000 
  1519.750          86.370    797.241       0.141       2.657             3188.312               0.000               0.000            75175.374   1.00000 
  1520.750          86.262    817.284       0.141       2.657             3239.841               0.000               0.000            78415.215   1.00000 
  1521.750          86.152    837.374       0.141       2.657             3292.085               0.000               0.000            81707.300   1.00000 
  1522.750          86.042    850.000       0.138       2.597             3345.065               0.000               0.000            85052.365   1.00000 
  1523.750          85.932    850.000       0.130       2.435             3396.509               0.000               0.000            88448.874   1.00000 
  1524.750          85.821    850.000       0.122       2.272             3446.150               0.000               0.000            91895.025   1.00000 
  1525.750          85.709    850.000       0.114       2.109             3495.973               0.000               0.000            95390.998   1.00000 
  1526.750          85.596    850.000       0.106       1.945             3545.733               0.000               0.000            98936.730   1.00000 
  1527.750          85.483    850.000       0.097       1.781             3595.327               0.000               0.000           102532.057   1.00000 
  1528.750          85.369    850.000       0.089       1.617             3644.607               0.000               0.000           106176.664   1.00000 
  1529.750          85.254    850.000       0.080       1.452             3693.453               0.000               0.000           109870.117   1.00000 
  1530.750          85.138    850.000       0.072       1.286             3741.664               0.000               0.000           113611.782   1.00000 
  1531.750          85.022    850.000       0.063       1.121             3789.022               0.000               0.000           117400.803   1.00000 
  1532.750          84.905    850.000       0.054       0.955             3835.245               0.000               0.000           121236.048   1.00000 
  1533.750          84.787    850.000       0.045       0.789             3879.984               0.000               0.000           125116.032   1.00000 
  1534.750          84.669    850.000       0.035       0.623             3922.780               0.000               0.000           129038.812   1.00000 
  1535.750          84.549    850.000       0.026       0.457             3963.056               0.000               0.000           133001.868   1.00000 
  1536.750          84.429    850.000       0.017       0.292             4000.012               0.000               0.000           137001.880   1.00000 
  1537.750          84.308    850.000       0.007       0.127             4032.570               0.000               0.000           141034.449   1.00000 
  1538.750          84.187    850.000       0.000       0.000             4059.150               0.000               0.000           145093.599   1.00000 
