#_______________________________________________________________________________
#    ######   ####     ##             #####   #####     ##    #    #    ## 
#    #       #        #  #            #    #  #    #   #  #   ##  ##   #  #
#    #####    ####   ######           #    #  #####   ######  # ## #  ######
#    #            #  #    #           #    #  #    #  #    #  #    #  #    #
#____######__#####___#____#___________#####___#____#__#____#__#____#__#____#____
#
#              ESA Debris Risk Assessment and Mitigation Analysis
#
#                      ---- DRAMA ( SESAM 2.1.5 ) ----
#                                      ESA 2018
#
#                              aerothermal history file
#-------------------------------------------------------------------------------
# Filename      : sara.SAR-Rx.636de29e-d481-433b-81dd-49c440d46a45_AeroThermalHistory.txt
# RunID         : sara
# ObjectID      : 636de29e-d481-433b-81dd-49c440d46a45
# ObjectName    : SAR-Rx
# ReferenceArea : 0.040382 [m^2]
# Content       : This file contains the aerothermal data of the object,
#                 computed by the DRAMA 3 Re-entry Analysis.
# Documentation : DRAMA Software User Manual, section OPERATIONS MANUAL / Normal operation / SARA / SARA Simulation Output / Re-entry simulation output
# Note          : The convective heat and the integrated heat values in this file take into account the visibility factor
#
#-------------------------------------------------------------------------------------------------------------------------------------------------------------------
#  Time [s]  Altitude [km]   Temp [K]   Mass [kg]   Thick [mm]  Convective Heat [W]  Radiative Heat [W]  Oxidation Heat [W]  Integrated Heat [J] VisibilityFactor [-]
#-------------------------------------------------------------------------------------------------------------------------------------------------------------------
   903.200          76.419    300.000       5.381       5.249           120205.252               0.000               0.000                0.000   1.00000 
   903.300          76.406    302.537       5.381       5.249           120249.110               0.000               0.000            12024.911   1.00000 
   903.750          76.347    313.962       5.381       5.249           120451.724               0.000               0.000            66228.187   1.00000 
   904.750          76.214    339.312       5.381       5.249           120911.510               0.000               0.000           187139.697   1.00000 
   905.750          76.081    364.470       5.381       5.249           121397.676               0.000               0.000           308537.373   1.00000 
   906.750          75.947    389.407       5.381       5.249           121875.649               0.000               0.000           430413.022   1.00000 
   907.750          75.813    414.048       5.381       5.249           122345.551               0.000               0.000           552758.573   1.00000 
   908.750          75.678    438.353       5.381       5.249           122807.189               0.000               0.000           675565.762   1.00000 
   909.750          75.542    462.345       5.381       5.249           123260.193               0.000               0.000           798825.956   1.00000 
   910.750          75.406    485.662       5.381       5.249           123704.664               0.000               0.000           922530.619   1.00000 
   911.750          75.269    507.670       5.381       5.249           124140.310               0.000               0.000          1046670.930   1.00000 
   912.750          75.131    528.688       5.381       5.249           124566.874               0.000               0.000          1171237.804   1.00000 
   913.750          74.992    549.897       5.381       5.249           124984.375               0.000               0.000          1296222.179   1.00000 
   914.750          74.853    571.849       5.381       5.249           125392.382               0.000               0.000          1421614.560   1.00000 
   915.750          74.712    594.100       5.381       5.249           125790.827               0.000               0.000          1547405.387   1.00000 
   916.750          74.571    615.593       5.381       5.249           126179.495               0.000               0.000          1673584.882   1.00000 
   917.750          74.429    636.285       5.381       5.249           126558.048               0.000               0.000          1800142.931   1.00000 
   918.750          74.286    656.291       5.381       5.249           126926.505               0.000               0.000          1927069.436   1.00000 
   919.750          74.142    675.686       5.381       5.249           127284.280               0.000               0.000          2054353.716   1.00000 
   920.750          73.997    694.590       5.381       5.249           127631.440               0.000               0.000          2181985.156   1.00000 
   921.750          73.850    713.177       5.381       5.249           127967.486               0.000               0.000          2309952.641   1.00000 
   922.750          73.703    731.826       5.381       5.249           128292.284               0.000               0.000          2438244.925   1.00000 
   923.750          73.555    752.912       5.381       5.249           128605.447               0.000               0.000          2566850.372   1.00000 
   924.750          73.405    774.825       5.381       5.249           128906.712               0.000               0.000          2695757.084   1.00000 
   925.750          73.254    796.717       5.381       5.249           129195.722               0.000               0.000          2824952.807   1.00000 
   926.750          73.102    818.414       5.381       5.249           129472.164               0.000               0.000          2954424.970   1.00000 
   927.750          72.949    839.895       5.381       5.249           129735.627               0.000               0.000          3084160.597   1.00000 
   928.750          72.795    850.000       5.218       5.083           129985.825               0.000               0.000          3214146.422   1.00000 
   929.750          72.639    850.000       4.903       4.764           130189.056               0.000               0.000          3344335.478   1.00000 
   930.750          72.482    850.000       4.589       4.447           130301.587               0.000               0.000          3474637.066   1.00000 
   931.750          72.323    850.000       4.274       4.131           130304.653               0.000               0.000          3604941.718   1.00000 
   932.750          72.164    850.000       3.960       3.817           130181.623               0.000               0.000          3735123.341   1.00000 
   933.750          72.002    850.000       3.647       3.506           129912.285               0.000               0.000          3865035.626   1.00000 
   934.750          71.840    850.000       3.334       3.197           129472.518               0.000               0.000          3994508.144   1.00000 
   935.750          71.676    850.000       3.023       2.892           128809.302               0.000               0.000          4123317.446   1.00000 
   936.750          71.511    850.000       2.715       2.590           127898.190               0.000               0.000          4251215.637   1.00000 
   937.750          71.345    850.000       2.409       2.293           126710.372               0.000               0.000          4377926.009   1.00000 
   938.750          71.177    850.000       2.107       2.001           125191.929               0.000               0.000          4503117.939   1.00000 
   939.750          71.009    850.000       1.811       1.715           123273.779               0.000               0.000          4626391.717   1.00000 
   940.750          70.839    850.000       1.520       1.436           120866.797               0.000               0.000          4747258.514   1.00000 
   941.750          70.668    850.000       1.236       1.166           117851.900               0.000               0.000          4865110.414   1.00000 
   942.750          70.497    850.000       0.962       0.905           114065.554               0.000               0.000          4979175.968   1.00000 
   943.750          70.325    850.000       0.700       0.658           109275.889               0.000               0.000          5088451.857   1.00000 
   944.750          70.153    850.000       0.454       0.425           103138.384               0.000               0.000          5191590.241   1.00000 
   945.750          69.983    850.000       0.227       0.212            95111.377               0.000               0.000          5286701.618   1.00000 
   946.750          69.814    850.000       0.028       0.026            84279.673               0.000               0.000          5370981.291   1.00000 
   947.750          69.651    850.000       0.000       0.000            68956.913               0.000               0.000          5439938.205   1.00000 
