#_______________________________________________________________________________
#    ######   ####     ##             #####   #####     ##    #    #    ##
#    #       #        #  #            #    #  #    #   #  #   ##  ##   #  #
#    #####    ####   ######           #    #  #####   ######  # ## #  ######
#    #            #  #    #           #    #  #    #  #    #  #    #  #    #
#____######__#####___#____#___________#####___#____#__#____#__#____#__#____#____
#
#              ESA Debris Risk Assessment and Mitigation Analysis
#
#                         ---- DRAMA ( SESAM r2.1.5 ) ----
#                                      ESA 2018
#
#                         final state of uncritical objects
#-------------------------------------------------------------------------------
# Filename      : uncriticalData.txt
# RunID         : sara
# Content       : This file lists the uncritical objects (kin. energy < 15 J),
#                 computed by the DRAMA 3 Re-entry Analysis.
# Documentation : DRAMA Software User Manual, section OPERATIONS MANUAL / Normal operation / SARA / SARA Simulation Output / Re-entry simulation output
#
#--------------------------------------------------------------------------------------------------------------------------------------------------------------------------------------------
#  Time [s]  Altitude [km]  Lat [deg]  Lon [deg]  Velocity [km/s]   Downrange [km]       Drag       Lift       Side    Knudsen       Mach                UniqueID                  Name
#--------------------------------------------------------------------------------------------------------------------------------------------------------------------------------------------
   830.955          84.598     77.487    176.981            6.927         6354.068      1.207      0.000      0.000    0.01401   25.31695  4254dead-e5a1-4bbf-b2be-57fa9dcc73f6  MAC-Y
   829.650          84.596     77.614    176.904            7.133         6339.769      2.008      0.000      0.000    0.03904   25.90561  85e4120f-9a7e-46f5-8a03-355a94c85ec0  OBA
   831.650          84.386     77.481    176.984            6.988         6354.784      0.974      0.000      0.000    0.03598   25.40033  75609b55-cff8-434a-aca2-2286e023e527  TRSP1
   831.650          84.386     77.481    176.984            6.988         6354.784      0.974      0.000      0.000    0.03598   25.40033  845a4f95-f1ee-4f2c-a7ce-083967544b8b  TRSP2
   877.650          79.046     74.396    178.400            6.762         6700.221      1.755      0.000      0.000    0.01254   23.93500  ba953c16-e673-4025-a7f3-c6ad8e7b1de0  Gyrosbl
   816.650          85.963     78.491    176.334            7.054         6241.268      1.223      0.000      0.000    0.02694   25.82066  24b0df56-c1f7-4133-ada3-356713a3920d  STD1
   816.650          85.963     78.491    176.334            7.054         6241.268      1.223      0.000      0.000    0.02694   25.82066  84d8e60a-8888-4008-98ee-97f86e72405d  STD2
   830.650          84.470     77.552    176.942            7.098         6346.768      2.003      0.000      0.000    0.04796   25.76786  93c8d32a-05c4-44be-84f6-521d2fe6cda2  SSD1
   830.650          84.470     77.552    176.942            7.098         6346.768      2.003      0.000      0.000    0.04796   25.76786  cfb2351a-41cc-4000-8a6d-1bd21ea75eb1  SSD2
   831.650          84.364     77.487    176.980            6.880         6354.036      2.009      0.000      0.000    0.04640   25.03554  32a385c5-fe74-4c27-bcd0-f11c244a3638  SAsupp1
   831.650          84.364     77.487    176.980            6.880         6354.036      2.009      0.000      0.000    0.04640   25.03554  15061893-d082-46d0-bfda-0777e9cd0ebc  SAsupp2
   831.650          84.364     77.487    176.980            6.880         6354.036      2.009      0.000      0.000    0.04640   25.03554  3cd65933-bcc4-4e9a-ae62-e9c48afdf238  SAsupp3
   831.650          84.364     77.487    176.980            6.880         6354.036      2.009      0.000      0.000    0.04640   25.03554  1bb09c4b-c061-4ba0-8900-1ee88609ede4  SAsupp4
   831.650          84.364     77.487    176.980            6.880         6354.036      2.009      0.000      0.000    0.04640   25.03554  39749846-e097-4e76-b0de-6e1934ced5f0  SAsupp5
   831.650          84.364     77.487    176.980            6.880         6354.036      2.009      0.000      0.000    0.04640   25.03554  1139e837-8fe7-4a02-a6b7-7be05f1d3a53  SAsupp6
   831.650          84.364     77.487    176.980            6.880         6354.036      2.009      0.000      0.000    0.04640   25.03554  82a9c3bc-6493-40b4-aea1-a7997396f57c  SAsupp7
   831.650          84.364     77.487    176.980            6.880         6354.036      2.009      0.000      0.000    0.04640   25.03554  34af697a-77e1-4fdc-93b8-9b7edeccbaaf  SAsupp8
   831.650          84.364     77.487    176.980            6.880         6354.036      2.009      0.000      0.000    0.04640   25.03554  c4c64e60-9830-4407-9f39-fb29e90abddc  SAsupp9
   831.650          84.364     77.487    176.980            6.880         6354.036      2.009      0.000      0.000    0.04640   25.03554  a748a114-0bd6-4b09-9c66-730036cf0273  SAsupp10
   831.650          84.364     77.487    176.980            6.880         6354.036      2.009      0.000      0.000    0.04640   25.03554  5514313f-1f38-4432-820b-fca6c0a61cbb  SAsupp11
   831.650          84.364     77.487    176.980            6.880         6354.036      2.009      0.000      0.000    0.04640   25.03554  d1f2759f-ad69-4ebf-b09f-811bd8e7c78b  SAsupp12
   792.650          88.352     80.099    175.003            6.853         6060.229     14.085      0.000      0.000    0.01889   25.14635  2afd9118-73c5-4eb7-b615-abb3049cce51  Ribpanel1
   792.650          88.352     80.099    175.003            6.853         6060.229     14.085      0.000      0.000    0.01889   25.14635  e301daf6-984d-4020-b332-fc6d013ef4e7  Ribpanel2
   792.650          88.352     80.099    175.003            6.853         6060.229     14.085      0.000      0.000    0.01889   25.14635  f2f7d933-69ea-453b-9b26-741165e6ac9c  Ribpanel3
   792.650          88.352     80.099    175.003            6.853         6060.229     14.085      0.000      0.000    0.01889   25.14635  73442745-d90c-4efb-8b10-a300252b6cfe  Ribpanel4
   792.650          88.352     80.099    175.003            6.853         6060.229     14.085      0.000      0.000    0.01889   25.14635  2d1ff1e5-d89d-41ec-9b30-c8806caa1207  Ribpanel5
  3393.070           6.403     72.683    178.287            0.010         6916.975      3.321      0.000      0.000    0.00000    0.01687  7f59d1ba-8c20-48f8-822b-0987db6bca9c  BatFloor
   832.650          84.169     77.459    176.996            6.519         6357.176      0.688      0.000      0.000    0.00939   23.70596  90350550-8915-4d5e-b55c-e9e1debb8f7f  IntRing
   879.295          78.513     74.375    178.407            5.626         6702.571      0.579      0.000      0.000    0.00411   20.00131  8973f917-99c6-4f74-9548-8e41755684bf  PropStr
   889.200          77.740     73.598    178.670            7.257         6789.501      1.676      0.000      0.000    0.00464   25.42496  7390f3ec-208d-4a38-aa7a-e203f648538b  RSJD-Internal
   881.623          78.757     74.094    178.507            6.772         6734.012      1.467      0.000      0.000    0.00728   24.05858  32c03fa3-4d0d-4221-b830-9f6c97bbc5c3  EIU-Internal
   851.200          82.243     76.160    177.677            7.178         6502.789      2.639      0.000      0.000    0.02475   25.73061  785b4d34-1621-4dc9-bd0a-3b3eb1b98309  SADME-internal
   868.200          80.345     74.999    178.175            7.370         6632.868      1.049      0.000      0.000    0.01243   26.14615  2b85a500-7e7f-4bc4-b0d9-2b5d1d15a099  CCU-internal
   874.200          79.653     74.591    178.330            7.328         6678.493      1.164      0.000      0.000    0.01076   25.93040  0311edf9-aed6-4e1b-b434-a28e63dccd64  BSP-internal
   864.200          80.781     75.273    178.066            7.355         6602.169      1.697      0.000      0.000    0.01877   26.15179  8468837b-aeb0-4b68-bb12-fb2c1a45eb52  EDR-internal
   872.200          79.836     74.736    178.276            7.253         6662.241      1.299      0.000      0.000    0.01202   25.69976  a75549bb-2a65-47e2-b257-1605baf8266e  EPRM-internal
   853.200          82.105     76.000    177.751            7.469         6520.734      2.822      0.000      0.000    0.02898   26.72553  99fe0dcd-1415-4a0a-b3eb-40dd782d6f7a  BEG1-internal
   853.200          82.105     76.000    177.751            7.469         6520.734      2.822      0.000      0.000    0.02898   26.72553  2f01df0a-6250-4783-bcf0-6852a4ec65b7  BEG2-internal
   853.200          82.105     76.000    177.751            7.469         6520.734      2.822      0.000      0.000    0.02898   26.72553  c26cfc5a-02ff-49ee-aa2d-62a4d1b6e949  BEG3-internal
   853.200          82.105     76.000    177.751            7.469         6520.734      2.822      0.000      0.000    0.02898   26.72553  8b5848e9-8173-4940-9a74-480116198686  BEG4-internal
   873.200          79.770     74.658    178.305            7.350         6670.976      1.123      0.000      0.000    0.01177   26.01460  355d25f9-3965-425f-9261-2577f7f8cb4c  T4S-internal
   885.200          78.263     73.860    178.585            7.286         6760.158      1.104      0.000      0.000    0.00678   25.59755  967318a7-0d40-4515-a24b-3278d606c16c  EAIM-internal
   889.200          77.786     73.588    178.673            7.307         6790.551      1.049      0.000      0.000    0.00535   25.60426  40e2ffab-db50-4f10-af07-844ac3cd46d1  SADM1_internal
   891.200          77.664     73.430    178.724            7.271         6808.298      1.269      0.000      0.000    0.00761   25.51740  bd3ebba8-c7d0-464c-b530-c81afac9f233  SADM2-internal
   941.200          71.272     70.048    179.569            6.795         7185.871      1.275      0.000      0.000    0.00302   23.17305  092a8729-ea6f-4341-a697-bbcb2fedb72e  Battery1-Internal
   941.200          71.272     70.048    179.569            6.795         7185.871      1.275      0.000      0.000    0.00302   23.17305  2daf3368-c544-439c-bd01-e97e76d03b91  Battery2-Internal
   941.200          71.272     70.048    179.569            6.795         7185.871      1.275      0.000      0.000    0.00302   23.17305  8ca2420a-587c-4058-b976-660e8f862553  Battery3-Internal
   941.200          71.272     70.048    179.569            6.795         7185.871      1.275      0.000      0.000    0.00302   23.17305  c0a7c5f8-3291-44a2-9800-1dee3192821d  Battery4-Internal
   941.200          71.272     70.048    179.569            6.795         7185.871      1.275      0.000      0.000    0.00302   23.17305  0eae4992-9c4c-4b3c-831c-dc7092eb896e  Battery5-Internal
   915.387          74.783     71.793    179.180            6.382         6991.106      1.456      0.000      0.000    0.01843   22.28079  82d55923-d2af-4bc8-8582-080753d6bbcb  MHS-DBU
   923.047          73.688     71.319    179.295            5.983         7044.070      2.852      0.000      0.000    0.00419   20.73538  1f773a8b-636a-4de4-a9e3-a8750a5df2da  ASCATSSP1
   923.047          73.688     71.319    179.295            5.983         7044.070      2.852      0.000      0.000    0.00419   20.73538  3f9a62c8-17bf-4f75-8cb7-33a024bd4a65  ASCATSSP2
   912.750          75.151     71.965    179.137            6.625         6971.935      2.550      0.000      0.000    0.01525   23.09208  a8ecbe50-d69a-455f-884a-eae3ec9627e4  ASCATHRS
   926.750          73.122     71.071    179.352            6.442         7071.674      1.426      0.000      0.000    0.00870   22.19843  dbd74783-15a1-443c-8de9-fe7771b14ec6  RFCU1
   926.750          73.122     71.071    179.352            6.442         7071.674      1.426      0.000      0.000    0.00870   22.19843  185ca8fd-00f8-4470-b37e-a82dc41765b1  RFCU2
   926.750          73.122     71.071    179.352            6.442         7071.674      1.426      0.000      0.000    0.00870   22.19843  46348f4c-bc26-436c-86cd-62d76e5e8b9c  RFCU3
   926.750          73.122     71.071    179.352            6.442         7071.674      1.426      0.000      0.000    0.00870   22.19843  9a74d245-1fe6-47c6-8390-ac3850e71522  RFCU4
   926.750          73.122     71.071    179.352            6.442         7071.674      1.426      0.000      0.000    0.00870   22.19843  b7af6d3b-f412-401d-a39e-3d3ee5042bed  RFCU5
   917.750          74.447     71.642    179.218            6.730         7007.948      1.398      0.000      0.000    0.01411   23.30710  55158c9a-f9c5-46aa-b602-d9cb5984c466  SLAFilt
   926.750          73.142     71.101    179.345            5.706         7068.411      2.379      0.000      0.000    0.00410   19.79078  0811b25c-271f-4575-abd0-1c7da3798136  SAR-Tx
   923.750          73.576     71.260    179.308            6.300         7050.658      0.875      0.000      0.000    0.00782   21.83971  56e696f8-ec3c-413e-af35-7ceec8bc2365  EPC1
   923.750          73.576     71.260    179.308            6.300         7050.658      0.875      0.000      0.000    0.00782   21.83971  c447122c-bb20-4315-8121-0a35700a3f6b  EPC2
   918.950          74.275     71.565    179.236            5.940         7016.618      0.862      0.000      0.000    0.01168   20.79521  b3430ea6-7c48-4042-b5f7-b07cf49a6371  MOD1
   918.950          74.275     71.565    179.236            5.940         7016.618      0.862      0.000      0.000    0.01168   20.79521  764ed056-8ce5-453c-8896-d451c5c44659  MOD2
   916.750          74.582     71.699    179.204            6.968         7001.610      0.981      0.000      0.000    0.00728   24.11016  684341d6-8ce2-4055-a592-2fc9912ddf09  TWT1
   916.750          74.582     71.699    179.204            6.968         7001.610      0.981      0.000      0.000    0.00728   24.11016  35deacb2-c6a2-4f16-9e55-d44813b8a93a  TWT2
   919.411          74.218     71.543    179.242            6.142         7019.021      1.400      0.000      0.000    0.00651   21.38933  59ad043a-c762-4a65-98ae-7fd1e356775b  SRADipl
   912.750          75.149     71.963    179.138            6.772         6972.101      1.510      0.000      0.000    0.01563   23.55475  844d48f4-13ed-41a6-a555-1762db662628  LNA1
   912.750          75.149     71.963    179.138            6.772         6972.101      1.510      0.000      0.000    0.01563   23.55475  fb9bdf80-e01b-4119-82cd-9d5a43b3ba67  LNA2
   916.750          74.594     71.710    179.201            6.674         7000.374      2.494      0.000      0.000    0.00902   23.13436  2ef56939-a9fc-4def-8d3d-5b6385a5e759  UDAFilt
   915.387          74.783     71.793    179.180            6.382         6991.106      1.456      0.000      0.000    0.01843   22.28079  e97d8292-02e8-4acb-a634-7dd2c2fffcdc  DBU1
   915.387          74.783     71.793    179.180            6.382         6991.106      1.456      0.000      0.000    0.01843   22.28079  a658498f-41e2-4a69-8ea7-23934bdcd7a6  DBU2
   915.387          74.783     71.793    179.180            6.382         6991.106      1.456      0.000      0.000    0.01843   22.28079  b3dcc589-abc9-4d4c-bf07-3b75ead42d7f  DBU3
   915.387          74.783     71.793    179.180            6.382         6991.106      1.456      0.000      0.000    0.01843   22.28079  41ce2e65-39a8-49bf-8ddd-e30dc1baf678  DBU4
   915.387          74.783     71.793    179.180            6.382         6991.106      1.456      0.000      0.000    0.01843   22.28079  624e2806-adea-4308-b504-c4449bc97479  DBU5
   926.750          73.122     71.071    179.352            6.442         7071.674      1.426      0.000      0.000    0.00870   22.19843  5b86f470-44a4-4ec5-8273-5d7df1eab50e  RFCU
   935.843          71.697     70.526    179.470            5.089         7132.539      1.460      0.000      0.000    0.00412   17.57402  78d80f1c-9104-4af6-b066-9c57e7bbd415  FMU1
   935.843          71.697     70.526    179.470            5.089         7132.539      1.460      0.000      0.000    0.00412   17.57402  d863747a-495a-45c4-abb1-ad00abd36e8d  FMU2
   928.750          72.821     70.948    179.379            6.074         7085.505      2.562      0.000      0.000    0.00602   21.00338  2424cd89-ade8-40c4-baae-7b5d2bec50b0  L-SSPA1
   928.750          72.821     70.948    179.379            6.074         7085.505      2.562      0.000      0.000    0.00602   21.00338  317de540-f756-4ea1-929a-778f9cecc003  L-SSPA2
   927.763          72.966     71.007    179.366            5.821         7078.864      1.301      0.000      0.000    0.00677   20.17424  f9be32d6-1e7d-4319-bee1-3f5b3dd21cd0  LH-MOD1
   927.763          72.966     71.007    179.366            5.821         7078.864      1.301      0.000      0.000    0.00677   20.17424  dd837854-f8fc-4075-9230-b0761a98bc37  LH-MOD2
   919.750          74.162     71.516    179.248            6.597         7022.054      1.624      0.000      0.000    0.00944   22.84017  f29a83d7-5acb-4d9e-a2bb-5c9f9fd86e39  H-SSPA1
   919.750          74.162     71.516    179.248            6.597         7022.054      1.624      0.000      0.000    0.00944   22.84017  bf96a4c3-9391-4af4-8dab-12202b581e79  H-SSPA2
   937.950          71.351     70.386    179.500            5.030         7148.225      1.473      0.000      0.000    0.00421   17.39634  5bd35b65-7560-4add-bf7b-7f7884f60c85  ASCATICU1
   937.950          71.351     70.386    179.500            5.030         7148.225      1.473      0.000      0.000    0.00421   17.39634  8b9a26a2-5611-4800-b2a7-2fdee0561470  ASCATICU2
   915.750          74.760     71.794    179.180            5.926         6991.039      2.895      0.000      0.000    0.00165   20.70548  9490e285-fb49-4468-83f5-189d67ebfe4f  SheWallZ1
   915.750          74.760     71.794    179.180            5.926         6991.039      2.895      0.000      0.000    0.00165   20.70548  b91d1f69-b1e4-4d75-9a01-a0a5a2076627  SheWallZ2
   942.300          70.611     70.089    179.560            6.401         7181.367      1.364      0.000      0.000    0.00400   21.71091  447423fa-5f0b-40e3-b666-220ec69fa332  MHS-MPU-internal
   937.500          71.415     70.377    179.502            6.304         7149.216      1.679      0.000      0.000    0.00539   21.58975  f069725d-6586-4eb6-bd1c-0315d34d9303  ASCATEPC1-internal
   937.500          71.415     70.377    179.502            6.304         7149.216      1.679      0.000      0.000    0.00539   21.58975  a933ab03-015e-441f-b11a-b091ee871152  ASCATEPC2-internal
   944.300          70.263     69.975    179.582            6.343         7194.020      1.238      0.000      0.000    0.00327   21.42602  ef40a46d-285a-4d76-8294-d9a8654b175e  PMC1-internal
   944.300          70.263     69.975    179.582            6.343         7194.020      1.238      0.000      0.000    0.00327   21.42602  7045d526-77ef-4590-abce-cd9e9c3af708  PMC2-internal
   950.500          69.160     69.583    179.657            5.904         7237.813      1.577      0.000      0.000    0.00232   19.97417  b518d4fd-73f0-47f8-86c4-86e6cd94d59a  PDU1-internal
   950.500          69.160     69.583    179.657            5.904         7237.813      1.577      0.000      0.000    0.00232   19.97417  a4a3761c-bce1-43f7-adef-540c95a96cac  PDU2-internal
   946.300          69.913     69.859    179.605            6.207         7206.949      1.209      0.000      0.000    0.00268   20.92618  5fcb2380-1d60-4ce0-bcbb-10b1e00c4e0d  RTU-internal
   947.340          69.736     69.757    179.625            5.809         7218.380      1.525      0.000      0.000    0.00279   19.84343  e458bd60-f127-4009-afdd-1f540e3b5ea4  SARP-3-internal
   950.300          69.260     69.700    179.635            4.379         7224.765      2.269      0.000      0.000    0.00190   14.84896  6e1e7d38-4eaf-4260-a8f5-e56329fb164d  SAR-Rx-internal
   937.300          71.475     70.429    179.491            5.416         7143.419      1.164      0.000      0.000    0.00509   18.62848  a117e6ac-780b-4570-a984-cd86a89ae753  ASCATRFU1-internal
   937.300          71.475     70.429    179.491            5.416         7143.419      1.164      0.000      0.000    0.00509   18.62848  270c649e-99f8-4ead-ac01-76bf1a99cc4b  ASCATRFU2-internal
   947.300          69.743     69.767    179.623            6.426         7217.269      1.194      0.000      0.000    0.00307   21.69421  2501fa19-3f92-4112-814c-f82417561371  IASI-DPS-internal
   948.300          69.567     69.695    179.636            6.629         7225.295      1.122      0.000      0.000    0.00283   22.29736  1721dc2a-90bb-45c0-986b-843875808151  IASI-IMS-internal
   935.500          71.753     70.524    179.471            5.669         7132.729      2.892      0.000      0.000    0.00492   19.54525  81da4b10-3199-4fc2-9f4e-a7977fcfe438  DPU-SEM-internal
   950.300          69.200     69.586    179.657            6.451         7237.374      1.372      0.000      0.000    0.00184   21.65443  25d4c5dd-be9f-44b8-9620-4258c3b44b3f  PCU-internal
   953.300          68.653     69.401    179.691            6.379         7258.099      1.905      0.000      0.000    0.00182   21.35078  3831342f-7250-40c5-994b-3f3064440376  TCU-internal
   951.300          69.027     69.524    179.668            6.314         7244.321      1.220      0.000      0.000    0.00118   21.16771  1ee7b59e-98d1-4ffc-b50c-f9b87172578e  SSR-internal
   945.300          70.092     69.923    179.592            6.112         7199.828      1.121      0.000      0.000    0.00289   20.66384  6bf9e2de-89f5-4ecb-9051-4a6d99c869a2  NIU-internal
   947.300          69.740     69.764    179.623            6.574         7217.554      1.516      0.000      0.000    0.00281   22.13851  03edc3be-cf19-481c-9863-89be7cb55690  ADCS-RPU-internal
   940.300          70.953     70.218    179.534            6.376         7166.896      2.595      0.000      0.000    0.00383   21.66346  9e3886d4-bad7-4320-8208-1f9b0d6f5025  ADCS-TXU-internal
   940.300          70.965     70.239    179.530            5.992         7164.528      1.182      0.000      0.000    0.00437   20.36103  c74fc376-15a8-41a4-b5f0-5bee1fbc396a  GRAS-GEU-internal
   938.300          71.284     70.326    179.512            6.712         7154.855      1.622      0.000      0.000    0.00512   22.81417  3ae36069-a012-4c39-a158-39707a52ed5d  ASCATDPU1-internal
   938.300          71.284     70.326    179.512            6.712         7154.855      1.622      0.000      0.000    0.00512   22.81417  3b0cb819-0163-494a-9047-b8802a67ab90  ASCATDPU2-internal
