2676.200	70.563	300.000	4.600	3.877	154996.132	0.000	0.000.1	0.000.2	1.00000
2676.3	70.549	303.823	4.6	3.877	154882.662	0.0	0.0	15488.266	1.0
2676.75	70.486	320.94	4.6	3.877	154353.328	0.0	0.0	84947.264	1.0
2677.75	70.345	358.377	4.6	3.877	153123.204	0.0	0.0	238070.468	1.0
2678.75	70.204	394.835	4.6	3.877	151778.039	0.0	0.0	389848.507	1.0
2679.75	70.061	430.144	4.6	3.877	150408.805	0.0	0.0	540257.312	1.0
2680.75	69.919	464.315	4.6	3.877	149016.705	0.0	0.0	689274.017	1.0
2681.75	69.775	496.745	4.6	3.877	147603.079	0.0	0.0	836877.097	1.0
2682.75	69.631	526.168	4.6	3.877	146168.669	0.0	0.0	983045.765	1.0
2683.75	69.485	554.828	4.6	3.877	144715.0	0.0	0.0	1127760.765	1.0
2684.75	69.339	584.326	4.6	3.877	143242.577	0.0	0.0	1271003.343	1.0
2685.75	69.192	613.07	4.6	3.877	141752.848	0.0	0.0	1412756.191	1.0
2686.75	69.044	640.008	4.6	3.877	140246.33	0.0	0.0	1553002.52	1.0
2687.75	68.894	665.409	4.6	3.877	138724.232	0.0	0.0	1691726.753	1.0
2688.75	68.743	689.506	4.6	3.877	137187.072	0.0	0.0	1828913.825	1.0
2689.75	68.591	712.617	4.6	3.877	135635.952	0.0	0.0	1964549.777	1.0
2690.75	68.438	735.355	4.6	3.877	134071.209	0.0	0.0	2098620.986	1.0
2691.75	68.283	761.002	4.6	3.877	132494.004	0.0	0.0	2231114.99	1.0
2692.75	68.126	786.938	4.6	3.877	130904.488	0.0	0.0	2362019.478	1.0
2693.75	67.968	812.321	4.6	3.877	129303.738	0.0	0.0	2491323.215	1.0
2694.75	67.808	837.025	4.6	3.877	127691.945	0.0	0.0	2619015.16	1.0
2695.75	67.646	850.0	4.462	3.757	126069.837	0.0	0.0	2745084.997	1.0
2696.75	67.483	850.0	4.164	3.499	124355.973	0.0	0.0	2869440.97	1.0
2697.75	67.318	850.0	3.87	3.246	122427.431	0.0	0.0	2991868.401	1.0
2698.75	67.151	850.0	3.582	2.999	120248.361	0.0	0.0	3112116.762	1.0
2699.75	66.983	850.0	3.301	2.758	117793.565	0.0	0.0	3229910.326	1.0
2700.75	66.812	850.0	3.026	2.524	115035.571	0.0	0.0	3344945.897	1.0
2701.75	66.641	850.0	2.759	2.297	111945.41	0.0	0.0	3456891.308	1.0
2702.75	66.467	850.0	2.501	2.078	108492.127	0.0	0.0	3565383.435	1.0
2703.75	66.293	850.0	2.252	1.868	104643.64	0.0	0.0	3670027.075	1.0
2704.75	66.117	850.0	2.014	1.668	100368.079	0.0	0.0	3770395.154	1.0
2705.75	65.94	850.0	1.787	1.479	95635.579	0.0	0.0	3866030.733	1.0
2706.75	65.763	850.0	1.574	1.3	90420.998	0.0	0.0	3956451.73	1.0
2707.75	65.584	850.0	1.375	1.135	84708.246	0.0	0.0	4041159.977	1.0
2708.75	65.406	850.0	1.192	0.982	78496.763	0.0	0.0	4119656.74	1.0
2709.75	65.228	850.0	1.025	0.844	71810.052	0.0	0.0	4191466.792	1.0
2710.75	65.051	850.0	0.876	0.72	64706.337	0.0	0.0	4256173.129	1.0
2711.75	64.876	850.0	0.745	0.613	57290.132	0.0	0.0	4313463.261	1.0
2712.75	64.702	850.0	0.634	0.521	49721.512	0.0	0.0	4363184.774	1.0
2713.75	64.531	850.0	0.541	0.444	42217.152	0.0	0.0	4405401.926	1.0
2714.75	64.364	850.0	0.466	0.383	35034.497	0.0	0.0	4440436.422	1.0
2715.75	64.2	850.0	0.408	0.335	28435.449	0.0	0.0	4468871.871	1.0
2716.75	64.042	850.0	0.364	0.299	22635.452	0.0	0.0	4491507.323	1.0
2717.75	63.887	850.0	0.333	0.273	17757.574	0.0	0.0	4509264.897	1.0
2718.75	63.738	850.0	0.311	0.255	13814.558	0.0	0.0	4523079.455	1.0
2719.75	63.592	850.0	0.297	0.243	10726.722	0.0	0.0	4533806.176	1.0
2720.75	63.45	850.0	0.289	0.237	8361.061	0.0	0.0	4542167.237	1.0
2721.75	63.311	850.0	0.285	0.234	6570.749	0.0	0.0	4548737.986	1.0
2722.75	63.174	850.0	0.285	0.233	5221.155	0.0	0.0	4553959.141	1.0
2723.75	63.038	847.167	0.285	0.233	4201.296	0.0	0.0	4558160.436	1.0
2724.75	62.902	842.098	0.285	0.233	3420.364	0.0	0.0	4561580.801	1.0
2725.75	62.766	835.452	0.285	0.233	2813.869	0.0	0.0	4564394.67	1.0
2726.75	62.63	827.695	0.285	0.233	2336.782	0.0	0.0	4566731.452	1.0
2727.75	62.493	819.23	0.285	0.233	1957.143	0.0	0.0	4568688.595	1.0
2728.75	62.355	810.352	0.285	0.233	1651.875	0.0	0.0	4570340.471	1.0
2729.75	62.216	801.25	0.285	0.233	1404.07	0.0	0.0	4571744.541	1.0
2730.75	62.074	792.068	0.285	0.233	1201.162	0.0	0.0	4572945.703	1.0
2731.75	61.931	782.903	0.285	0.233	1033.692	0.0	0.0	4573979.395	1.0
2732.75	61.786	773.829	0.285	0.233	894.462	0.0	0.0	4574873.857	1.0
2733.75	61.639	764.897	0.285	0.233	777.927	0.0	0.0	4575651.784	1.0
2734.75	61.489	756.167	0.285	0.233	679.783	0.0	0.0	4576331.566	1.0
2735.75	61.337	747.662	0.285	0.233	596.648	0.0	0.0	4576928.215	1.0
2736.75	61.182	739.461	0.285	0.233	525.853	0.0	0.0	4577454.068	1.0
2737.75	61.025	731.595	0.285	0.233	465.264	0.0	0.0	4577919.332	1.0
2738.75	60.865	724.107	0.285	0.233	413.17	0.0	0.0	4578332.502	1.0
2739.75	60.703	717.197	0.285	0.233	368.186	0.0	0.0	4578700.688	1.0
2740.75	60.538	710.77	0.285	0.233	329.183	0.0	0.0	4579029.871	1.0
2741.75	60.37	704.674	0.285	0.233	295.239	0.0	0.0	4579325.11	1.0
2742.75	60.199	698.736	0.285	0.233	265.591	0.0	0.0	4579590.701	1.0
2743.75	60.026	692.955	0.285	0.233	239.609	0.0	0.0	4579830.311	1.0
2744.75	59.85	687.328	0.285	0.233	216.769	0.0	0.0	4580047.079	1.0
2745.75	59.672	681.817	0.285	0.233	196.63	0.0	0.0	4580243.709	1.0
2746.75	59.49	676.421	0.285	0.233	178.823	0.0	0.0	4580422.532	1.0
2747.75	59.306	671.14	0.285	0.233	163.036	0.0	0.0	4580585.568	1.0
2748.75	59.12	665.968	0.285	0.233	149.005	0.0	0.0	4580734.573	1.0
2749.75	58.93	660.898	0.285	0.233	136.505	0.0	0.0	4580871.078	1.0
2750.75	58.738	655.928	0.285	0.233	125.344	0.0	0.0	4580996.422	1.0
2751.75	58.544	651.058	0.285	0.233	115.356	0.0	0.0	4581111.778	1.0
2752.75	58.347	646.283	0.285	0.233	106.401	0.0	0.0	4581218.179	1.0
2753.75	58.147	641.601	0.285	0.233	98.354	0.0	0.0	4581316.533	1.0
2754.75	57.946	637.008	0.285	0.233	91.112	0.0	0.0	4581407.645	1.0
2755.75	57.741	632.503	0.285	0.233	84.582	0.0	0.0	4581492.227	1.0
2756.75	57.535	628.086	0.285	0.233	78.683	0.0	0.0	4581570.91	1.0
2757.75	57.326	623.753	0.285	0.233	73.345	0.0	0.0	4581644.255	1.0
2758.75	57.115	619.503	0.285	0.233	68.508	0.0	0.0	4581712.763	1.0
2759.75	56.902	615.334	0.285	0.233	64.118	0.0	0.0	4581776.881	1.0
2760.75	56.687	611.245	0.285	0.233	60.127	0.0	0.0	4581837.008	1.0
2761.75	56.47	607.233	0.285	0.233	56.493	0.0	0.0	4581893.501	1.0
2762.75	56.251	603.295	0.285	0.233	53.18	0.0	0.0	4581946.681	1.0
2763.75	56.03	599.429	0.285	0.233	50.155	0.0	0.0	4581996.836	1.0
2764.75	55.808	595.635	0.285	0.233	47.389	0.0	0.0	4582044.226	1.0
2765.75	55.583	591.909	0.285	0.233	44.856	0.0	0.0	4582089.082	1.0
2766.75	55.358	588.252	0.285	0.233	42.533	0.0	0.0	4582131.615	1.0
2767.75	55.131	584.664	0.285	0.233	40.4	0.0	0.0	4582172.015	1.0
2768.75	54.903	581.142	0.285	0.233	38.438	0.0	0.0	4582210.453	1.0
2769.75	54.673	577.685	0.285	0.233	36.63	0.0	0.0	4582247.083	1.0
2770.75	54.442	574.292	0.285	0.233	34.962	0.0	0.0	4582282.045	1.0
2771.75	54.211	570.96	0.285	0.233	33.42	0.0	0.0	4582315.465	1.0
2772.75	53.978	567.703	0.285	0.233	31.993	0.0	0.0	4582347.458	1.0
2773.75	53.745	564.526	0.285	0.233	30.668	0.0	0.0	4582378.126	1.0
2773.813	53.73	564.331	0.285	0.233	30.44	0.0	0.0	4582380.04	1.0
2773.842	53.723	564.24	0.285	0.233	30.398	0.0	0.0	4582380.935	1.0
2773.863	53.718	564.176	0.285	0.233	30.37	0.0	0.0	4582381.568	1.0
2773.886	53.713	564.103	0.285	0.233	15.179	0.0	0.0	4582381.921	1.0
2773.91	53.707	564.03	0.285	0.233	15.186	0.0	0.0	4582382.275	1.0
2774.015	53.683	563.701	0.285	0.233	15.213	0.0	0.0	4582383.869	1.0
2774.02	53.682	563.684	0.285	0.233	15.218	0.0	0.0	4582383.953	1.0
2774.031	53.679	563.651	0.285	0.233	15.219	0.0	0.0	4582384.114	1.0
2774.078	53.668	563.501	0.285	0.233	15.232	0.0	0.0	4582384.843	1.0
2774.133	53.655	563.33	0.285	0.233	15.243	0.0	0.0	4582385.676	1.0
2774.197	53.64	563.13	0.285	0.233	15.246	0.0	0.0	4582386.654	1.0
2774.486	53.572	562.232	0.285	0.233	15.322	0.0	0.0	4582391.075	1.0
2774.686	53.524	561.614	0.285	0.233	15.384	0.0	0.0	4582394.152	1.0
2774.866	53.481	561.061	0.285	0.233	15.438	0.0	0.0	4582396.931	1.0
2775.028	53.443	560.565	0.285	0.233	15.486	0.0	0.0	4582399.44	1.0
2775.07	53.433	560.438	0.285	0.233	15.499	0.0	0.0	4582400.087	1.0
2775.121	53.42	560.28	0.285	0.233	15.502	0.0	0.0	4582400.89	1.0
2775.354	53.364	559.571	0.285	0.233	15.563	0.0	0.0	4582404.518	1.0
2776.354	53.121	556.55	0.285	0.233	15.827	0.0	0.0	4582420.345	1.0
2777.354	52.873	553.604	0.285	0.233	16.116	0.0	0.0	4582436.461	1.0
2778.354	52.621	550.729	0.285	0.233	16.397	0.0	0.0	4582452.858	1.0
2779.354	52.365	547.933	0.285	0.233	16.67	0.0	0.0	4582469.528	1.0
2780.354	52.105	545.213	0.285	0.233	16.931	0.0	0.0	4582486.459	1.0
2781.354	51.841	542.565	0.285	0.233	17.178	0.0	0.0	4582503.637	1.0
2782.354	51.574	539.987	0.285	0.233	17.409	0.0	0.0	4582521.046	1.0
2783.354	51.304	537.474	0.285	0.233	17.628	0.0	0.0	4582538.674	1.0
2784.354	51.032	535.023	0.285	0.233	17.842	0.0	0.0	4582556.516	1.0
2785.354	50.757	532.631	0.285	0.233	18.03	0.0	0.0	4582574.546	1.0
2786.354	50.479	530.294	0.285	0.233	18.191	0.0	0.0	4582592.738	1.0
2787.354	50.2	528.008	0.285	0.233	18.323	0.0	0.0	4582611.06	1.0
2788.354	49.92	525.77	0.285	0.233	18.422	0.0	0.0	4582629.482	1.0
2789.354	49.638	523.579	0.285	0.233	18.489	0.0	0.0	4582647.971	1.0
2790.354	49.355	521.433	0.285	0.233	18.523	0.0	0.0	4582666.493	1.0
2791.354	49.072	519.331	0.285	0.233	18.522	0.0	0.0	4582685.016	1.0
2792.354	48.788	517.269	0.285	0.233	18.487	0.0	0.0	4582703.503	1.0
2793.354	48.504	515.248	0.285	0.233	18.418	0.0	0.0	4582721.921	1.0
2794.354	48.22	513.266	0.285	0.233	18.315	0.0	0.0	4582740.235	1.0
2795.354	47.936	511.321	0.285	0.233	18.178	0.0	0.0	4582758.414	1.0
2796.354	47.654	509.403	0.285	0.233	18.009	0.0	0.0	4582776.423	1.0
2797.354	47.372	507.51	0.285	0.233	17.81	0.0	0.0	4582794.232	1.0
2798.354	47.091	505.64	0.285	0.233	17.599	0.0	0.0	4582811.832	1.0
2799.354	46.812	503.792	0.285	0.233	17.361	0.0	0.0	4582829.192	1.0
2800.354	46.534	501.965	0.285	0.233	17.091	0.0	0.0	4582846.283	1.0
2801.354	46.258	500.16	0.285	0.233	16.792	0.0	0.0	4582863.076	1.0
2802.354	45.985	498.375	0.285	0.233	16.467	0.0	0.0	4582879.543	1.0
2803.354	45.713	496.61	0.285	0.233	16.119	0.0	0.0	4582895.662	1.0
2804.354	45.445	494.864	0.285	0.233	15.75	0.0	0.0	4582911.412	1.0
2805.354	45.178	493.137	0.285	0.233	15.362	0.0	0.0	4582926.774	1.0
2806.354	44.915	491.429	0.285	0.233	14.96	0.0	0.0	4582941.735	1.0
2807.354	44.654	489.736	0.285	0.233	14.547	0.0	0.0	4582956.281	1.0
2808.354	44.397	488.057	0.285	0.233	14.124	0.0	0.0	4582970.405	1.0
2809.354	44.143	486.391	0.285	0.233	13.694	0.0	0.0	4582984.099	1.0
2810.354	43.892	484.739	0.285	0.233	13.261	0.0	0.0	4582997.361	1.0
2811.354	43.644	483.101	0.285	0.233	12.827	0.0	0.0	4583010.188	1.0
2812.354	43.4	481.476	0.285	0.233	12.394	0.0	0.0	4583022.582	1.0
2813.354	43.159	479.864	0.285	0.233	11.965	0.0	0.0	4583034.547	1.0
2814.354	42.922	478.264	0.285	0.233	11.54	0.0	0.0	4583046.087	1.0
2815.354	42.689	476.678	0.285	0.233	11.122	0.0	0.0	4583057.208	1.0
2816.354	42.458	475.103	0.285	0.233	10.712	0.0	0.0	4583067.92	1.0
2817.354	42.232	473.541	0.285	0.233	10.311	0.0	0.0	4583078.232	1.0
2818.354	42.009	471.992	0.285	0.233	9.921	0.0	0.0	4583088.153	1.0
2819.354	41.789	470.456	0.285	0.233	9.542	0.0	0.0	4583097.696	1.0
2820.354	41.573	468.936	0.285	0.233	9.176	0.0	0.0	4583106.871	1.0
2821.354	41.36	467.431	0.285	0.233	8.821	0.0	0.0	4583115.692	1.0
2822.354	41.151	465.94	0.285	0.233	8.479	0.0	0.0	4583124.171	1.0
2823.354	40.945	464.464	0.285	0.233	8.15	0.0	0.0	4583132.321	1.0
2824.354	40.742	463.003	0.285	0.233	7.834	0.0	0.0	4583140.155	1.0
2825.354	40.543	461.555	0.285	0.233	7.531	0.0	0.0	4583147.686	1.0
2826.354	40.346	460.122	0.285	0.233	7.24	0.0	0.0	4583154.926	1.0
2827.354	40.153	458.702	0.285	0.233	6.963	0.0	0.0	4583161.889	1.0
2828.354	39.963	457.296	0.285	0.233	6.697	0.0	0.0	4583168.586	1.0
2829.354	39.776	455.903	0.285	0.233	6.444	0.0	0.0	4583175.029	1.0
2830.354	39.592	454.524	0.285	0.233	6.202	0.0	0.0	4583181.231	1.0
2831.354	39.411	453.157	0.285	0.233	5.971	0.0	0.0	4583187.202	1.0
2832.354	39.232	451.804	0.285	0.233	5.751	0.0	0.0	4583192.953	1.0
2833.354	39.057	450.464	0.285	0.233	5.542	0.0	0.0	4583198.495	1.0
2834.354	38.884	449.139	0.285	0.233	5.342	0.0	0.0	4583203.837	1.0
2835.354	38.713	447.828	0.285	0.233	5.152	0.0	0.0	4583208.99	1.0
2836.354	38.546	446.531	0.285	0.233	4.972	0.0	0.0	4583213.962	1.0
2837.354	38.38	445.247	0.285	0.233	4.8	0.0	0.0	4583218.761	1.0
2838.354	38.217	443.976	0.285	0.233	4.636	0.0	0.0	4583223.397	1.0
2839.354	38.056	442.719	0.285	0.233	4.48	0.0	0.0	4583227.876	1.0
2840.354	37.898	441.474	0.285	0.233	4.331	0.0	0.0	4583232.207	1.0
2841.354	37.742	440.242	0.285	0.233	4.189	0.0	0.0	4583236.396	1.0
2842.354	37.588	439.023	0.285	0.233	4.054	0.0	0.0	4583240.451	1.0
2843.354	37.436	437.816	0.285	0.233	3.926	0.0	0.0	4583244.376	1.0
2844.354	37.286	436.621	0.285	0.233	3.803	0.0	0.0	4583248.18	1.0
2845.354	37.138	435.437	0.285	0.233	3.686	0.0	0.0	4583251.865	1.0
2846.354	36.992	434.266	0.285	0.233	3.574	0.0	0.0	4583255.44	1.0
2847.354	36.848	433.106	0.285	0.233	3.468	0.0	0.0	4583258.907	1.0
2848.354	36.706	431.958	0.285	0.233	3.366	0.0	0.0	4583262.273	1.0
2849.354	36.566	430.821	0.285	0.233	3.268	0.0	0.0	4583265.541	1.0
2850.354	36.427	429.695	0.285	0.233	3.175	0.0	0.0	4583268.717	1.0
2851.354	36.29	428.581	0.285	0.233	3.086	0.0	0.0	4583271.803	1.0
2852.354	36.155	427.478	0.285	0.233	3.001	0.0	0.0	4583274.803	1.0
2853.354	36.021	426.386	0.285	0.233	2.919	0.0	0.0	4583277.722	1.0
2854.354	35.889	425.305	0.285	0.233	2.841	0.0	0.0	4583280.563	1.0
2855.354	35.758	424.234	0.285	0.233	2.765	0.0	0.0	4583283.328	1.0
2856.354	35.629	423.173	0.285	0.233	2.693	0.0	0.0	4583286.022	1.0
2857.354	35.501	422.123	0.285	0.233	2.624	0.0	0.0	4583288.646	1.0
2858.354	35.375	421.083	0.285	0.233	2.558	0.0	0.0	4583291.204	1.0
2859.354	35.25	420.053	0.285	0.233	2.494	0.0	0.0	4583293.697	1.0
2860.354	35.127	419.032	0.285	0.233	2.432	0.0	0.0	4583296.13	1.0
2861.354	35.005	418.021	0.285	0.233	2.373	0.0	0.0	4583298.503	1.0
2862.354	34.884	417.02	0.285	0.233	2.316	0.0	0.0	4583300.819	1.0
2863.354	34.764	416.028	0.285	0.233	2.261	0.0	0.0	4583303.08	1.0
2864.354	34.646	415.045	0.285	0.233	2.209	0.0	0.0	4583305.289	1.0
2865.354	34.529	414.071	0.285	0.233	2.158	0.0	0.0	4583307.447	1.0
2866.354	34.413	413.106	0.285	0.233	2.108	0.0	0.0	4583309.555	1.0
2867.354	34.298	412.15	0.285	0.233	2.061	0.0	0.0	4583311.616	1.0
2868.354	34.184	411.202	0.285	0.233	2.015	0.0	0.0	4583313.631	1.0
2869.354	34.072	410.263	0.285	0.233	1.971	0.0	0.0	4583315.602	1.0
2870.354	33.96	409.332	0.285	0.233	1.928	0.0	0.0	4583317.53	1.0
2871.354	33.85	408.409	0.285	0.233	1.887	0.0	0.0	4583319.416	1.0
2872.354	33.741	407.494	0.285	0.233	1.846	0.0	0.0	4583321.263	1.0
2873.354	33.632	406.587	0.285	0.233	1.808	0.0	0.0	4583323.07	1.0
2874.354	33.525	405.688	0.285	0.233	1.77	0.0	0.0	4583324.84	1.0
2875.354	33.419	404.796	0.285	0.233	1.734	0.0	0.0	4583326.574	1.0
2876.354	33.313	403.912	0.285	0.233	1.699	0.0	0.0	4583328.273	1.0
2877.354	33.209	403.036	0.285	0.233	1.664	0.0	0.0	4583329.937	1.0
2878.354	33.105	402.167	0.285	0.233	1.631	0.0	0.0	4583331.569	1.0
2879.354	33.003	401.305	0.285	0.233	1.599	0.0	0.0	4583333.168	1.0
2880.354	32.901	400.451	0.285	0.233	1.568	0.0	0.0	4583334.736	1.0
2881.354	32.8	399.603	0.285	0.233	1.538	0.0	0.0	4583336.274	1.0
2882.354	32.701	398.763	0.285	0.233	1.508	0.0	0.0	4583337.782	1.0
2883.354	32.602	397.929	0.285	0.233	1.48	0.0	0.0	4583339.262	1.0
2884.354	32.503	397.102	0.285	0.233	1.452	0.0	0.0	4583340.714	1.0
2885.354	32.406	396.282	0.285	0.233	1.425	0.0	0.0	4583342.138	1.0
2886.354	32.309	395.468	0.285	0.233	1.399	0.0	0.0	4583343.537	1.0
2887.354	32.214	394.661	0.285	0.233	1.373	0.0	0.0	4583344.91	1.0
2888.354	32.119	393.86	0.285	0.233	1.348	0.0	0.0	4583346.259	1.0
2889.354	32.024	393.066	0.285	0.233	1.324	0.0	0.0	4583347.582	1.0
2890.354	31.931	392.279	0.285	0.233	1.3	0.0	0.0	4583348.883	1.0
2891.354	31.838	391.498	0.285	0.233	1.278	0.0	0.0	4583350.16	1.0
2892.354	31.746	390.724	0.285	0.233	1.256	0.0	0.0	4583351.416	1.0
2893.354	31.655	389.955	0.285	0.233	1.234	0.0	0.0	4583352.65	1.0
2894.354	31.564	389.194	0.285	0.233	1.214	0.0	0.0	4583353.864	1.0
2895.354	31.474	388.438	0.285	0.233	1.194	0.0	0.0	4583355.058	1.0
2896.354	31.385	387.688	0.285	0.233	1.174	0.0	0.0	4583356.233	1.0
2897.354	31.296	386.944	0.285	0.233	1.156	0.0	0.0	4583357.388	1.0
2898.354	31.208	386.207	0.285	0.233	1.137	0.0	0.0	4583358.525	1.0
2899.354	31.121	385.475	0.285	0.233	1.119	0.0	0.0	4583359.645	1.0
2900.354	31.034	384.748	0.285	0.233	1.102	0.0	0.0	4583360.747	1.0
2901.354	30.948	384.028	0.285	0.233	1.085	0.0	0.0	4583361.831	1.0
2902.354	30.862	383.313	0.285	0.233	1.068	0.0	0.0	4583362.899	1.0
2903.354	30.777	382.604	0.285	0.233	1.052	0.0	0.0	4583363.951	1.0
2904.354	30.693	381.9	0.285	0.233	1.036	0.0	0.0	4583364.987	1.0
2905.354	30.609	381.201	0.285	0.233	1.021	0.0	0.0	4583366.008	1.0
2906.354	30.526	380.508	0.285	0.233	1.005	0.0	0.0	4583367.013	1.0
2907.354	30.443	379.82	0.285	0.233	0.991	0.0	0.0	4583368.004	1.0
2908.354	30.361	379.138	0.285	0.233	0.976	0.0	0.0	4583368.98	1.0
2909.354	30.279	378.46	0.285	0.233	0.962	0.0	0.0	4583369.942	1.0
2910.354	30.198	377.788	0.285	0.233	0.948	0.0	0.0	4583370.891	1.0
2911.354	30.117	377.12	0.285	0.233	0.935	0.0	0.0	4583371.825	1.0
2912.354	30.037	376.458	0.285	0.233	0.921	0.0	0.0	4583372.747	1.0
2913.354	29.958	375.8	0.285	0.233	0.909	0.0	0.0	4583373.655	1.0
2914.354	29.879	375.147	0.285	0.233	0.896	0.0	0.0	4583374.551	1.0
2915.354	29.8	374.499	0.285	0.233	0.883	0.0	0.0	4583375.435	1.0
2916.354	29.722	373.856	0.285	0.233	0.871	0.0	0.0	4583376.306	1.0
2917.354	29.645	373.218	0.285	0.233	0.859	0.0	0.0	4583377.165	1.0
2918.354	29.568	372.584	0.285	0.233	0.848	0.0	0.0	4583378.013	1.0
2919.354	29.491	371.954	0.285	0.233	0.836	0.0	0.0	4583378.849	1.0
2920.354	29.415	371.329	0.285	0.233	0.825	0.0	0.0	4583379.674	1.0
2921.354	29.339	370.709	0.285	0.233	0.814	0.0	0.0	4583380.488	1.0
2922.354	29.264	370.093	0.285	0.233	0.803	0.0	0.0	4583381.291	1.0
2923.354	29.189	369.481	0.285	0.233	0.793	0.0	0.0	4583382.084	1.0
2924.354	29.115	368.874	0.285	0.233	0.782	0.0	0.0	4583382.866	1.0
2925.354	29.041	368.271	0.285	0.233	0.772	0.0	0.0	4583383.638	1.0
2926.354	28.968	367.672	0.285	0.233	0.762	0.0	0.0	4583384.4	1.0
2927.354	28.895	367.078	0.285	0.233	0.752	0.0	0.0	4583385.153	1.0
2928.354	28.822	366.487	0.285	0.233	0.743	0.0	0.0	4583385.896	1.0
2929.354	28.75	365.901	0.285	0.233	0.733	0.0	0.0	4583386.629	1.0
2930.354	28.678	365.319	0.285	0.233	0.724	0.0	0.0	4583387.353	1.0
2931.354	28.607	364.74	0.285	0.233	0.715	0.0	0.0	4583388.068	1.0
2932.354	28.536	364.166	0.285	0.233	0.706	0.0	0.0	4583388.775	1.0
2933.354	28.465	363.596	0.285	0.233	0.698	0.0	0.0	4583389.472	1.0
2934.354	28.395	363.029	0.285	0.233	0.689	0.0	0.0	4583390.161	1.0
2935.354	28.325	362.466	0.285	0.233	0.681	0.0	0.0	4583390.842	1.0
2936.354	28.256	361.907	0.285	0.233	0.672	0.0	0.0	4583391.514	1.0
2937.354	28.187	361.352	0.285	0.233	0.664	0.0	0.0	4583392.178	1.0
2938.354	28.118	360.801	0.285	0.233	0.656	0.0	0.0	4583392.834	1.0
2939.354	28.05	360.253	0.285	0.233	0.648	0.0	0.0	4583393.483	1.0
2940.354	27.982	359.708	0.285	0.233	0.641	0.0	0.0	4583394.123	1.0
2941.354	27.915	359.168	0.285	0.233	0.633	0.0	0.0	4583394.756	1.0
2942.354	27.848	358.63	0.285	0.233	0.626	0.0	0.0	4583395.382	1.0
2943.354	27.781	358.097	0.285	0.233	0.618	0.0	0.0	4583396.0	1.0
2944.354	27.714	357.567	0.285	0.233	0.611	0.0	0.0	4583396.612	1.0
2945.354	27.648	357.04	0.285	0.233	0.604	0.0	0.0	4583397.216	1.0
2946.354	27.583	356.516	0.285	0.233	0.597	0.0	0.0	4583397.813	1.0
2947.354	27.517	355.996	0.285	0.233	0.59	0.0	0.0	4583398.403	1.0
2948.354	27.452	355.48	0.285	0.233	0.584	0.0	0.0	4583398.987	1.0
2949.354	27.387	354.966	0.285	0.233	0.577	0.0	0.0	4583399.564	1.0
2950.354	27.323	354.456	0.285	0.233	0.571	0.0	0.0	4583400.135	1.0
2951.354	27.259	353.949	0.285	0.233	0.564	0.0	0.0	4583400.699	1.0
2952.354	27.195	353.445	0.285	0.233	0.558	0.0	0.0	4583401.257	1.0
2953.354	27.132	352.944	0.285	0.233	0.552	0.0	0.0	4583401.809	1.0
2954.354	27.069	352.447	0.285	0.233	0.546	0.0	0.0	4583402.354	1.0
2955.354	27.006	351.953	0.285	0.233	0.54	0.0	0.0	4583402.894	1.0
2956.354	26.943	351.461	0.285	0.233	0.534	0.0	0.0	4583403.428	1.0
2957.354	26.881	350.973	0.285	0.233	0.528	0.0	0.0	4583403.956	1.0
2958.354	26.819	350.488	0.285	0.233	0.522	0.0	0.0	4583404.479	1.0
2959.354	26.758	350.005	0.285	0.233	0.517	0.0	0.0	4583404.995	1.0
2960.354	26.697	349.526	0.285	0.233	0.511	0.0	0.0	4583405.507	1.0
2961.354	26.636	349.05	0.285	0.233	0.506	0.0	0.0	4583406.012	1.0
2962.354	26.575	348.576	0.285	0.233	0.501	0.0	0.0	4583406.513	1.0
2963.354	26.515	348.105	0.285	0.233	0.495	0.0	0.0	4583407.008	1.0
2964.354	26.455	347.638	0.285	0.233	0.49	0.0	0.0	4583407.498	1.0
2965.354	26.395	347.173	0.285	0.233	0.485	0.0	0.0	4583407.983	1.0
2966.354	26.335	346.71	0.285	0.233	0.48	0.0	0.0	4583408.463	1.0
2967.354	26.276	346.251	0.285	0.233	0.475	0.0	0.0	4583408.938	1.0
2968.354	26.217	345.794	0.285	0.233	0.47	0.0	0.0	4583409.408	1.0
2969.354	26.158	345.34	0.285	0.233	0.465	0.0	0.0	4583409.874	1.0
2970.354	26.1	344.889	0.285	0.233	0.461	0.0	0.0	4583410.334	1.0
2971.354	26.042	344.44	0.285	0.233	0.456	0.0	0.0	4583410.79	1.0
2972.354	25.984	343.994	0.285	0.233	0.451	0.0	0.0	4583411.241	1.0
2973.354	25.926	343.551	0.285	0.233	0.447	0.0	0.0	4583411.688	1.0
2974.354	25.869	343.11	0.285	0.233	0.442	0.0	0.0	4583412.131	1.0
2975.354	25.812	342.671	0.285	0.233	0.438	0.0	0.0	4583412.568	1.0
2976.354	25.755	342.236	0.285	0.233	0.434	0.0	0.0	4583413.002	1.0
2977.354	25.699	341.802	0.285	0.233	0.429	0.0	0.0	4583413.431	1.0
2978.354	25.642	341.372	0.285	0.233	0.425	0.0	0.0	4583413.857	1.0
2979.354	25.586	340.943	0.285	0.233	0.421	0.0	0.0	4583414.278	1.0
2980.354	25.53	340.517	0.285	0.233	0.417	0.0	0.0	4583414.695	1.0
2981.354	25.475	340.094	0.285	0.233	0.413	0.0	0.0	4583415.107	1.0
2982.354	25.419	339.673	0.285	0.233	0.409	0.0	0.0	4583415.516	1.0
2983.354	25.364	339.254	0.285	0.233	0.405	0.0	0.0	4583415.921	1.0
2984.354	25.31	338.837	0.285	0.233	0.401	0.0	0.0	4583416.322	1.0
2985.354	25.255	338.423	0.285	0.233	0.397	0.0	0.0	4583416.72	1.0
2986.354	25.201	338.012	0.285	0.233	0.394	0.0	0.0	4583417.113	1.0
2987.354	25.146	337.602	0.285	0.233	0.39	0.0	0.0	4583417.503	1.0
2988.354	25.092	337.195	0.285	0.233	0.386	0.0	0.0	4583417.889	1.0
2989.354	25.039	336.79	0.285	0.233	0.383	0.0	0.0	4583418.272	1.0
2990.354	24.985	336.387	0.285	0.233	0.379	0.0	0.0	4583418.651	1.0
2991.354	24.932	335.986	0.285	0.233	0.376	0.0	0.0	4583419.026	1.0
2992.354	24.879	335.588	0.285	0.233	0.372	0.0	0.0	4583419.399	1.0
2993.354	24.826	335.192	0.285	0.233	0.369	0.0	0.0	4583419.767	1.0
2994.354	24.774	334.798	0.285	0.233	0.365	0.0	0.0	4583420.132	1.0
2995.354	24.721	334.406	0.285	0.233	0.362	0.0	0.0	4583420.494	1.0
2996.354	24.669	334.016	0.285	0.233	0.359	0.0	0.0	4583420.853	1.0
2997.354	24.617	333.628	0.285	0.233	0.355	0.0	0.0	4583421.208	1.0
2998.354	24.565	333.242	0.285	0.233	0.352	0.0	0.0	4583421.561	1.0
2999.354	24.514	332.859	0.285	0.233	0.349	0.0	0.0	4583421.91	1.0
3000.354	24.463	332.477	0.285	0.233	0.346	0.0	0.0	4583422.256	1.0
3001.354	24.412	332.097	0.285	0.233	0.343	0.0	0.0	4583422.599	1.0
3002.354	24.361	331.72	0.285	0.233	0.34	0.0	0.0	4583422.938	1.0
3003.354	24.31	331.344	0.285	0.233	0.337	0.0	0.0	4583423.275	1.0
3004.354	24.259	330.97	0.285	0.233	0.334	0.0	0.0	4583423.609	1.0
3005.354	24.209	330.599	0.285	0.233	0.331	0.0	0.0	4583423.94	1.0
3006.354	24.159	330.229	0.285	0.233	0.328	0.0	0.0	4583424.268	1.0
3007.354	24.109	329.861	0.285	0.233	0.325	0.0	0.0	4583424.593	1.0
3008.354	24.059	329.495	0.285	0.233	0.322	0.0	0.0	4583424.916	1.0
3009.354	24.01	329.131	0.285	0.233	0.32	0.0	0.0	4583425.235	1.0
3010.354	23.961	328.769	0.285	0.233	0.317	0.0	0.0	4583425.552	1.0
3011.354	23.911	328.408	0.285	0.233	0.314	0.0	0.0	4583425.867	1.0
3012.354	23.862	328.05	0.285	0.233	0.312	0.0	0.0	4583426.178	1.0
3013.354	23.814	327.693	0.285	0.233	0.309	0.0	0.0	4583426.487	1.0
3014.354	23.765	327.338	0.285	0.233	0.306	0.0	0.0	4583426.793	1.0
3015.354	23.717	326.985	0.285	0.233	0.304	0.0	0.0	4583427.097	1.0
3016.354	23.669	326.634	0.285	0.233	0.301	0.0	0.0	4583427.398	1.0
3017.354	23.621	326.284	0.285	0.233	0.299	0.0	0.0	4583427.697	1.0
3018.354	23.573	325.936	0.285	0.233	0.296	0.0	0.0	4583427.993	1.0
3019.354	23.525	325.59	0.285	0.233	0.294	0.0	0.0	4583428.286	1.0
3020.354	23.477	325.246	0.285	0.233	0.291	0.0	0.0	4583428.578	1.0
3021.354	23.43	324.903	0.285	0.233	0.289	0.0	0.0	4583428.867	1.0
3022.354	23.383	324.562	0.285	0.233	0.286	0.0	0.0	4583429.153	1.0
3023.354	23.336	324.223	0.285	0.233	0.284	0.0	0.0	4583429.437	1.0
3024.354	23.289	323.885	0.285	0.233	0.282	0.0	0.0	4583429.719	1.0
3025.354	23.243	323.549	0.285	0.233	0.28	0.0	0.0	4583429.998	1.0
3026.354	23.196	323.214	0.285	0.233	0.277	0.0	0.0	4583430.276	1.0
3027.354	23.15	322.882	0.285	0.233	0.275	0.0	0.0	4583430.551	1.0
3028.354	23.104	322.551	0.285	0.233	0.273	0.0	0.0	4583430.824	1.0
3029.354	23.058	322.221	0.285	0.233	0.271	0.0	0.0	4583431.094	1.0
3030.354	23.012	321.893	0.285	0.233	0.268	0.0	0.0	4583431.363	1.0
3031.354	22.966	321.567	0.285	0.233	0.266	0.0	0.0	4583431.629	1.0
3032.354	22.921	321.242	0.285	0.233	0.264	0.0	0.0	4583431.893	1.0
3033.354	22.875	320.919	0.285	0.233	0.262	0.0	0.0	4583432.155	1.0
3034.354	22.83	320.597	0.285	0.233	0.26	0.0	0.0	4583432.416	1.0
3035.354	22.785	320.277	0.285	0.233	0.258	0.0	0.0	4583432.674	1.0
3036.354	22.74	319.958	0.285	0.233	0.256	0.0	0.0	4583432.93	1.0
3037.354	22.696	319.641	0.285	0.233	0.254	0.0	0.0	4583433.184	1.0
3038.354	22.651	319.325	0.285	0.233	0.252	0.0	0.0	4583433.436	1.0
3039.354	22.607	319.011	0.285	0.233	0.25	0.0	0.0	4583433.686	1.0
3040.354	22.563	318.698	0.285	0.233	0.248	0.0	0.0	4583433.934	1.0
3041.354	22.518	318.387	0.285	0.233	0.246	0.0	0.0	4583434.18	1.0
3042.354	22.474	318.077	0.285	0.233	0.244	0.0	0.0	4583434.425	1.0
3043.354	22.431	317.768	0.285	0.233	0.243	0.0	0.0	4583434.667	1.0
3044.354	22.387	317.461	0.285	0.233	0.241	0.0	0.0	4583434.908	1.0
3045.354	22.343	317.156	0.285	0.233	0.239	0.0	0.0	4583435.147	1.0
3046.354	22.3	316.852	0.285	0.233	0.237	0.0	0.0	4583435.384	1.0
3047.354	22.257	316.549	0.285	0.233	0.235	0.0	0.0	4583435.619	1.0
3048.354	22.214	316.247	0.285	0.233	0.233	0.0	0.0	4583435.853	1.0
3049.354	22.171	315.947	0.285	0.233	0.232	0.0	0.0	4583436.084	1.0
3050.354	22.128	315.649	0.285	0.233	0.23	0.0	0.0	4583436.314	1.0
3051.354	22.085	315.351	0.285	0.233	0.228	0.0	0.0	4583436.543	1.0
3052.354	22.043	315.055	0.285	0.233	0.227	0.0	0.0	4583436.769	1.0
3053.354	22.001	314.761	0.285	0.233	0.225	0.0	0.0	4583436.994	1.0
3054.354	21.958	314.467	0.285	0.233	0.223	0.0	0.0	4583437.217	1.0
3055.354	21.916	314.175	0.285	0.233	0.222	0.0	0.0	4583437.439	1.0
3056.354	21.874	313.885	0.285	0.233	0.22	0.0	0.0	4583437.659	1.0
3057.354	21.832	313.595	0.285	0.233	0.218	0.0	0.0	4583437.877	1.0
3058.354	21.791	313.307	0.285	0.233	0.217	0.0	0.0	4583438.094	1.0
3059.354	21.749	313.02	0.285	0.233	0.215	0.0	0.0	4583438.31	1.0
3060.354	21.708	312.735	0.285	0.233	0.214	0.0	0.0	4583438.523	1.0
3061.354	21.666	312.45	0.285	0.233	0.212	0.0	0.0	4583438.735	1.0
3062.354	21.625	312.167	0.285	0.233	0.211	0.0	0.0	4583438.946	1.0
3063.354	21.584	311.886	0.285	0.233	0.209	0.0	0.0	4583439.155	1.0
3064.354	21.543	311.605	0.285	0.233	0.208	0.0	0.0	4583439.363	1.0
3065.354	21.502	311.326	0.285	0.233	0.206	0.0	0.0	4583439.569	1.0
3066.354	21.462	311.047	0.285	0.233	0.205	0.0	0.0	4583439.774	1.0
3067.354	21.421	310.77	0.285	0.233	0.203	0.0	0.0	4583439.977	1.0
3068.354	21.381	310.495	0.285	0.233	0.202	0.0	0.0	4583440.179	1.0
3069.354	21.34	310.22	0.285	0.233	0.2	0.0	0.0	4583440.379	1.0
3070.354	21.3	309.947	0.285	0.233	0.199	0.0	0.0	4583440.578	1.0
3071.354	21.26	309.675	0.285	0.233	0.198	0.0	0.0	4583440.775	1.0
3072.354	21.22	309.403	0.285	0.233	0.196	0.0	0.0	4583440.972	1.0
3073.354	21.18	309.134	0.285	0.233	0.195	0.0	0.0	4583441.166	1.0
3074.354	21.14	308.865	0.285	0.233	0.193	0.0	0.0	4583441.36	1.0
3075.354	21.101	308.597	0.285	0.233	0.192	0.0	0.0	4583441.552	1.0
3076.354	21.061	308.331	0.285	0.233	0.191	0.0	0.0	4583441.743	1.0
3077.354	21.022	308.065	0.285	0.233	0.189	0.0	0.0	4583441.932	1.0
3078.354	20.983	307.801	0.285	0.233	0.188	0.0	0.0	4583442.12	1.0
3079.354	20.943	307.538	0.285	0.233	0.187	0.0	0.0	4583442.307	1.0
3080.354	20.904	307.276	0.285	0.233	0.186	0.0	0.0	4583442.493	1.0
3081.354	20.866	307.015	0.285	0.233	0.184	0.0	0.0	4583442.677	1.0
3082.354	20.827	306.755	0.285	0.233	0.183	0.0	0.0	4583442.86	1.0
3083.354	20.788	306.496	0.285	0.233	0.182	0.0	0.0	4583443.042	1.0
3084.354	20.749	306.239	0.285	0.233	0.181	0.0	0.0	4583443.223	1.0
3085.354	20.711	305.982	0.285	0.233	0.179	0.0	0.0	4583443.402	1.0
3086.354	20.673	305.726	0.285	0.233	0.178	0.0	0.0	4583443.581	1.0
3087.354	20.634	305.472	0.285	0.233	0.177	0.0	0.0	4583443.758	1.0
3088.354	20.596	305.218	0.285	0.233	0.176	0.0	0.0	4583443.933	1.0
3089.354	20.558	304.966	0.285	0.233	0.175	0.0	0.0	4583444.108	1.0
3090.354	20.52	304.715	0.285	0.233	0.174	0.0	0.0	4583444.282	1.0
3091.354	20.482	304.464	0.285	0.233	0.172	0.0	0.0	4583444.454	1.0
3092.354	20.444	304.215	0.285	0.233	0.171	0.0	0.0	4583444.625	1.0
3093.354	20.407	303.967	0.285	0.233	0.17	0.0	0.0	4583444.795	1.0
3094.354	20.369	303.719	0.285	0.233	0.169	0.0	0.0	4583444.964	1.0
3095.354	20.332	303.473	0.285	0.233	0.168	0.0	0.0	4583445.132	1.0
3096.354	20.295	303.227	0.285	0.233	0.167	0.0	0.0	4583445.299	1.0
3097.354	20.257	302.983	0.285	0.233	0.166	0.0	0.0	4583445.465	1.0
3098.354	20.22	302.74	0.285	0.233	0.165	0.0	0.0	4583445.629	1.0
3099.354	20.183	302.497	0.285	0.233	0.164	0.0	0.0	4583445.793	1.0
3100.354	20.146	302.256	0.285	0.233	0.162	0.0	0.0	4583445.955	1.0
3101.354	20.109	302.015	0.285	0.233	0.161	0.0	0.0	4583446.117	1.0
3102.354	20.073	301.776	0.285	0.233	0.16	0.0	0.0	4583446.277	1.0
3103.354	20.036	301.537	0.285	0.233	0.159	0.0	0.0	4583446.436	1.0
3104.354	19.999	301.3	0.285	0.233	0.158	0.0	0.0	4583446.595	1.0
3105.354	19.963	301.063	0.285	0.233	0.157	0.0	0.0	4583446.752	1.0
3106.354	19.927	300.827	0.285	0.233	0.156	0.0	0.0	4583446.909	1.0
3107.354	19.89	300.593	0.285	0.233	0.155	0.0	0.0	4583447.064	1.0
3108.354	19.854	300.359	0.285	0.233	0.154	0.0	0.0	4583447.218	1.0
3109.354	19.818	300.127	0.285	0.233	0.153	0.0	0.0	4583447.372	1.0
3110.354	19.782	299.895	0.285	0.233	0.153	0.0	0.0	4583447.524	1.0
3111.354	19.746	299.664	0.285	0.233	0.152	0.0	0.0	4583447.676	1.0
3112.354	19.71	299.434	0.285	0.233	0.151	0.0	0.0	4583447.827	1.0
3113.354	19.674	299.205	0.285	0.233	0.15	0.0	0.0	4583447.977	1.0
3114.354	19.639	298.977	0.285	0.233	0.149	0.0	0.0	4583448.125	1.0
3115.354	19.603	298.75	0.285	0.233	0.148	0.0	0.0	4583448.273	1.0
3116.354	19.568	298.524	0.285	0.233	0.147	0.0	0.0	4583448.42	1.0
3117.354	19.532	298.299	0.285	0.233	0.146	0.0	0.0	4583448.567	1.0
3118.354	19.497	298.075	0.285	0.233	0.145	0.0	0.0	4583448.712	1.0
3119.354	19.462	297.852	0.285	0.233	0.144	0.0	0.0	4583448.856	1.0
3120.354	19.427	297.629	0.285	0.233	0.144	0.0	0.0	4583449.0	1.0
3121.354	19.392	297.408	0.285	0.233	0.143	0.0	0.0	4583449.143	1.0
3122.354	19.357	297.187	0.285	0.233	0.142	0.0	0.0	4583449.285	1.0
3123.354	19.322	296.967	0.285	0.233	0.141	0.0	0.0	4583449.426	1.0
3124.354	19.287	296.749	0.285	0.233	0.14	0.0	0.0	4583449.566	1.0
3125.354	19.252	296.531	0.285	0.233	0.139	0.0	0.0	4583449.705	1.0
3126.354	19.217	296.313	0.285	0.233	0.139	0.0	0.0	4583449.844	1.0
3127.354	19.183	296.097	0.285	0.233	0.138	0.0	0.0	4583449.981	1.0
3128.354	19.148	295.882	0.285	0.233	0.137	0.0	0.0	4583450.118	1.0
3129.354	19.114	295.667	0.285	0.233	0.136	0.0	0.0	4583450.254	1.0
3130.354	19.08	295.454	0.285	0.233	0.135	0.0	0.0	4583450.39	1.0
3131.354	19.045	295.241	0.285	0.233	0.135	0.0	0.0	4583450.524	1.0
3132.354	19.011	295.029	0.285	0.233	0.134	0.0	0.0	4583450.658	1.0
3133.354	18.977	294.818	0.285	0.233	0.133	0.0	0.0	4583450.791	1.0
3134.354	18.943	294.607	0.285	0.233	0.132	0.0	0.0	4583450.923	1.0
3135.354	18.909	294.398	0.285	0.233	0.131	0.0	0.0	4583451.055	1.0
3136.354	18.875	294.189	0.285	0.233	0.131	0.0	0.0	4583451.185	1.0
3137.354	18.841	293.981	0.285	0.233	0.13	0.0	0.0	4583451.315	1.0
3138.354	18.807	293.774	0.285	0.233	0.129	0.0	0.0	4583451.445	1.0
3139.354	18.774	293.568	0.285	0.233	0.128	0.0	0.0	4583451.573	1.0
3140.354	18.74	293.363	0.285	0.233	0.128	0.0	0.0	4583451.701	1.0
3141.354	18.707	293.158	0.285	0.233	0.127	0.0	0.0	4583451.828	1.0
3142.354	18.673	292.954	0.285	0.233	0.126	0.0	0.0	4583451.954	1.0
3143.354	18.64	292.751	0.285	0.233	0.126	0.0	0.0	4583452.08	1.0
3144.354	18.607	292.549	0.285	0.233	0.125	0.0	0.0	4583452.205	1.0
3145.354	18.573	292.347	0.285	0.233	0.124	0.0	0.0	4583452.329	1.0
3146.354	18.54	292.147	0.285	0.233	0.123	0.0	0.0	4583452.452	1.0
3147.354	18.507	291.947	0.285	0.233	0.123	0.0	0.0	4583452.575	1.0
3148.354	18.474	291.748	0.285	0.233	0.122	0.0	0.0	4583452.697	1.0
3149.354	18.441	291.549	0.285	0.233	0.121	0.0	0.0	4583452.818	1.0
3150.354	18.408	291.352	0.285	0.233	0.121	0.0	0.0	4583452.939	1.0
3151.354	18.375	291.155	0.285	0.233	0.12	0.0	0.0	4583453.059	1.0
3152.354	18.343	290.959	0.285	0.233	0.119	0.0	0.0	4583453.179	1.0
3153.354	18.31	290.764	0.285	0.233	0.119	0.0	0.0	4583453.297	1.0
3154.354	18.277	290.569	0.285	0.233	0.118	0.0	0.0	4583453.415	1.0
3155.354	18.245	290.375	0.285	0.233	0.117	0.0	0.0	4583453.533	1.0
3156.354	18.212	290.182	0.285	0.233	0.117	0.0	0.0	4583453.65	1.0
3157.354	18.18	289.99	0.285	0.233	0.116	0.0	0.0	4583453.766	1.0
3158.354	18.148	289.799	0.285	0.233	0.115	0.0	0.0	4583453.881	1.0
3159.354	18.115	289.608	0.285	0.233	0.115	0.0	0.0	4583453.996	1.0
3160.354	18.083	289.418	0.285	0.233	0.114	0.0	0.0	4583454.11	1.0
3161.354	18.051	289.228	0.285	0.233	0.114	0.0	0.0	4583454.224	1.0
3162.354	18.019	289.04	0.285	0.233	0.113	0.0	0.0	4583454.337	1.0
3163.354	17.987	288.852	0.285	0.233	0.112	0.0	0.0	4583454.449	1.0
3164.354	17.955	288.665	0.285	0.233	0.112	0.0	0.0	4583454.561	1.0
3165.354	17.923	288.478	0.285	0.233	0.111	0.0	0.0	4583454.672	1.0
3166.354	17.891	288.292	0.285	0.233	0.111	0.0	0.0	4583454.783	1.0
3167.354	17.859	288.107	0.285	0.233	0.11	0.0	0.0	4583454.893	1.0
3168.354	17.828	287.923	0.285	0.233	0.109	0.0	0.0	4583455.002	1.0
3169.354	17.796	287.739	0.285	0.233	0.109	0.0	0.0	4583455.111	1.0
3170.354	17.764	287.556	0.285	0.233	0.108	0.0	0.0	4583455.219	1.0
3171.354	17.733	287.374	0.285	0.233	0.108	0.0	0.0	4583455.327	1.0
3172.354	17.701	287.192	0.285	0.233	0.107	0.0	0.0	4583455.434	1.0
3173.354	17.67	287.011	0.285	0.233	0.107	0.0	0.0	4583455.541	1.0
3174.354	17.639	286.831	0.285	0.233	0.106	0.0	0.0	4583455.646	1.0
3175.354	17.607	286.651	0.285	0.233	0.105	0.0	0.0	4583455.752	1.0
3176.354	17.576	286.473	0.285	0.233	0.105	0.0	0.0	4583455.857	1.0
3177.354	17.545	286.294	0.285	0.233	0.104	0.0	0.0	4583455.961	1.0
3178.354	17.514	286.117	0.285	0.233	0.104	0.0	0.0	4583456.065	1.0
3179.354	17.483	285.94	0.285	0.233	0.103	0.0	0.0	4583456.168	1.0
3180.354	17.452	285.763	0.285	0.233	0.103	0.0	0.0	4583456.27	1.0
3181.354	17.421	285.588	0.285	0.233	0.102	0.0	0.0	4583456.373	1.0
3182.354	17.39	285.413	0.285	0.233	0.102	0.0	0.0	4583456.474	1.0
3183.354	17.359	285.238	0.285	0.233	0.101	0.0	0.0	4583456.575	1.0
3184.354	17.329	285.064	0.285	0.233	0.101	0.0	0.0	4583456.676	1.0
3185.354	17.298	284.891	0.285	0.233	0.1	0.0	0.0	4583456.776	1.0
3186.354	17.267	284.719	0.285	0.233	0.099	0.0	0.0	4583456.875	1.0
3187.354	17.237	284.547	0.285	0.233	0.099	0.0	0.0	4583456.974	1.0
3188.354	17.206	284.376	0.285	0.233	0.098	0.0	0.0	4583457.073	1.0
3189.354	17.176	284.205	0.285	0.233	0.098	0.0	0.0	4583457.171	1.0
3190.354	17.146	284.035	0.285	0.233	0.097	0.0	0.0	4583457.268	1.0
3191.354	17.115	283.866	0.285	0.233	0.097	0.0	0.0	4583457.365	1.0
3192.354	17.085	283.697	0.285	0.233	0.096	0.0	0.0	4583457.461	1.0
3193.354	17.055	283.529	0.285	0.233	0.096	0.0	0.0	4583457.557	1.0
3194.354	17.025	283.361	0.285	0.233	0.095	0.0	0.0	4583457.653	1.0
3195.354	16.994	283.194	0.285	0.233	0.095	0.0	0.0	4583457.748	1.0
3196.354	16.964	283.028	0.285	0.233	0.094	0.0	0.0	4583457.842	1.0
3197.354	16.934	282.862	0.285	0.233	0.094	0.0	0.0	4583457.936	1.0
3198.354	16.904	282.697	0.285	0.233	0.094	0.0	0.0	4583458.03	1.0
3199.354	16.874	282.532	0.285	0.233	0.093	0.0	0.0	4583458.123	1.0
3200.354	16.845	282.368	0.285	0.233	0.093	0.0	0.0	4583458.215	1.0
3201.354	16.815	282.205	0.285	0.233	0.092	0.0	0.0	4583458.308	1.0
3202.354	16.785	282.042	0.285	0.233	0.092	0.0	0.0	4583458.399	1.0
3203.354	16.755	281.88	0.285	0.233	0.091	0.0	0.0	4583458.49	1.0
3204.354	16.726	281.718	0.285	0.233	0.091	0.0	0.0	4583458.581	1.0
3205.354	16.696	281.557	0.285	0.233	0.09	0.0	0.0	4583458.672	1.0
3206.354	16.667	281.396	0.285	0.233	0.09	0.0	0.0	4583458.761	1.0
3207.354	16.637	281.236	0.285	0.233	0.089	0.0	0.0	4583458.851	1.0
3208.354	16.608	281.077	0.285	0.233	0.089	0.0	0.0	4583458.94	1.0
3209.354	16.578	280.918	0.285	0.233	0.089	0.0	0.0	4583459.028	1.0
3210.354	16.549	280.76	0.285	0.233	0.088	0.0	0.0	4583459.116	1.0
3211.354	16.52	280.602	0.285	0.233	0.088	0.0	0.0	4583459.204	1.0
3212.354	16.491	280.445	0.285	0.233	0.087	0.0	0.0	4583459.291	1.0
3213.354	16.461	280.288	0.285	0.233	0.087	0.0	0.0	4583459.378	1.0
3214.354	16.432	280.132	0.285	0.233	0.086	0.0	0.0	4583459.464	1.0
3215.354	16.403	279.976	0.285	0.233	0.086	0.0	0.0	4583459.55	1.0
3216.354	16.374	279.821	0.285	0.233	0.086	0.0	0.0	4583459.636	1.0
3217.354	16.345	279.666	0.285	0.233	0.085	0.0	0.0	4583459.721	1.0
3218.354	16.316	279.512	0.285	0.233	0.085	0.0	0.0	4583459.805	1.0
3219.354	16.288	279.359	0.285	0.233	0.084	0.0	0.0	4583459.89	1.0
3220.354	16.259	279.206	0.285	0.233	0.084	0.0	0.0	4583459.974	1.0
3221.354	16.23	279.054	0.285	0.233	0.083	0.0	0.0	4583460.057	1.0
3222.354	16.201	278.902	0.285	0.233	0.083	0.0	0.0	4583460.14	1.0
3223.354	16.173	278.75	0.285	0.233	0.083	0.0	0.0	4583460.223	1.0
3224.354	16.144	278.599	0.285	0.233	0.082	0.0	0.0	4583460.305	1.0
3225.354	16.115	278.449	0.285	0.233	0.082	0.0	0.0	4583460.387	1.0
3226.354	16.087	278.299	0.285	0.233	0.081	0.0	0.0	4583460.468	1.0
3227.354	16.058	278.15	0.285	0.233	0.081	0.0	0.0	4583460.549	1.0
3228.354	16.03	278.001	0.285	0.233	0.081	0.0	0.0	4583460.63	1.0
3229.354	16.002	277.853	0.285	0.233	0.08	0.0	0.0	4583460.71	1.0
3230.354	15.973	277.705	0.285	0.233	0.08	0.0	0.0	4583460.79	1.0
3231.354	15.945	277.557	0.285	0.233	0.08	0.0	0.0	4583460.87	1.0
3232.354	15.917	277.411	0.285	0.233	0.079	0.0	0.0	4583460.949	1.0
3233.354	15.889	277.264	0.285	0.233	0.079	0.0	0.0	4583461.028	1.0
3234.354	15.861	277.118	0.285	0.233	0.078	0.0	0.0	4583461.106	1.0
3235.354	15.832	276.973	0.285	0.233	0.078	0.0	0.0	4583461.184	1.0
3236.354	15.804	276.828	0.285	0.233	0.078	0.0	0.0	4583461.262	1.0
3237.354	15.776	276.684	0.285	0.233	0.077	0.0	0.0	4583461.339	1.0
3238.354	15.748	276.54	0.285	0.233	0.077	0.0	0.0	4583461.416	1.0
3239.354	15.721	276.396	0.285	0.233	0.077	0.0	0.0	4583461.492	1.0
3240.354	15.693	276.253	0.285	0.233	0.076	0.0	0.0	4583461.569	1.0
3241.354	15.665	276.111	0.285	0.233	0.076	0.0	0.0	4583461.644	1.0
3242.354	15.637	275.969	0.285	0.233	0.075	0.0	0.0	4583461.72	1.0
3243.354	15.609	275.827	0.285	0.233	0.075	0.0	0.0	4583461.795	1.0
3244.354	15.582	275.686	0.285	0.233	0.075	0.0	0.0	4583461.87	1.0
3245.354	15.554	275.546	0.285	0.233	0.074	0.0	0.0	4583461.944	1.0
3246.354	15.527	275.406	0.285	0.233	0.074	0.0	0.0	4583462.018	1.0
3247.354	15.499	275.266	0.285	0.233	0.074	0.0	0.0	4583462.092	1.0
3248.354	15.472	275.127	0.285	0.233	0.073	0.0	0.0	4583462.166	1.0
3249.354	15.444	274.988	0.285	0.233	0.073	0.0	0.0	4583462.239	1.0
3250.354	15.417	274.85	0.285	0.233	0.073	0.0	0.0	4583462.311	1.0
3251.354	15.389	274.712	0.285	0.233	0.072	0.0	0.0	4583462.384	1.0
3252.354	15.362	274.574	0.285	0.233	0.072	0.0	0.0	4583462.456	1.0
3253.354	15.335	274.437	0.285	0.233	0.072	0.0	0.0	4583462.527	1.0
3254.354	15.308	274.301	0.285	0.233	0.071	0.0	0.0	4583462.599	1.0
3255.354	15.28	274.165	0.285	0.233	0.071	0.0	0.0	4583462.67	1.0
3256.354	15.253	274.029	0.285	0.233	0.071	0.0	0.0	4583462.741	1.0
3257.354	15.226	273.894	0.285	0.233	0.07	0.0	0.0	4583462.811	1.0
3258.354	15.199	273.759	0.285	0.233	0.07	0.0	0.0	4583462.881	1.0
3259.354	15.172	273.625	0.285	0.233	0.07	0.0	0.0	4583462.951	1.0
3260.354	15.145	273.491	0.285	0.233	0.069	0.0	0.0	4583463.02	1.0
3261.354	15.118	273.357	0.285	0.233	0.069	0.0	0.0	4583463.09	1.0
3262.354	15.091	273.224	0.285	0.233	0.069	0.0	0.0	4583463.158	1.0
3263.354	15.065	273.092	0.285	0.233	0.069	0.0	0.0	4583463.227	1.0
3264.354	15.038	272.96	0.285	0.233	0.068	0.0	0.0	4583463.295	1.0
3265.354	15.011	272.828	0.285	0.233	0.068	0.0	0.0	4583463.363	1.0
3266.354	14.984	272.697	0.285	0.233	0.068	0.0	0.0	4583463.431	1.0
3267.354	14.958	272.566	0.285	0.233	0.067	0.0	0.0	4583463.498	1.0
3268.354	14.931	272.435	0.285	0.233	0.067	0.0	0.0	4583463.565	1.0
3269.354	14.905	272.305	0.285	0.233	0.067	0.0	0.0	4583463.632	1.0
3270.354	14.878	272.175	0.285	0.233	0.066	0.0	0.0	4583463.698	1.0
3271.354	14.852	272.046	0.285	0.233	0.066	0.0	0.0	4583463.764	1.0
3272.354	14.825	271.917	0.285	0.233	0.066	0.0	0.0	4583463.83	1.0
3273.354	14.799	271.789	0.285	0.233	0.066	0.0	0.0	4583463.895	1.0
3274.354	14.772	271.661	0.285	0.233	0.065	0.0	0.0	4583463.961	1.0
3275.354	14.746	271.533	0.285	0.233	0.065	0.0	0.0	4583464.026	1.0
3276.354	14.72	271.406	0.285	0.233	0.065	0.0	0.0	4583464.09	1.0
3277.354	14.694	271.279	0.285	0.233	0.064	0.0	0.0	4583464.155	1.0
3278.354	14.667	271.153	0.285	0.233	0.064	0.0	0.0	4583464.219	1.0
3279.354	14.641	271.027	0.285	0.233	0.064	0.0	0.0	4583464.283	1.0
3280.354	14.615	270.901	0.285	0.233	0.064	0.0	0.0	4583464.346	1.0
3281.354	14.589	270.776	0.285	0.233	0.063	0.0	0.0	4583464.409	1.0
3282.354	14.563	270.651	0.285	0.233	0.063	0.0	0.0	4583464.472	1.0
3283.354	14.537	270.526	0.285	0.233	0.063	0.0	0.0	4583464.535	1.0
3284.354	14.511	270.402	0.285	0.233	0.062	0.0	0.0	4583464.597	1.0
3285.354	14.485	270.279	0.285	0.233	0.062	0.0	0.0	4583464.659	1.0
3286.354	14.459	270.155	0.285	0.233	0.062	0.0	0.0	4583464.721	1.0
3287.354	14.434	270.032	0.285	0.233	0.062	0.0	0.0	4583464.783	1.0
3288.354	14.408	269.91	0.285	0.233	0.061	0.0	0.0	4583464.844	1.0
3289.354	14.382	269.788	0.285	0.233	0.061	0.0	0.0	4583464.905	1.0
3290.354	14.356	269.666	0.285	0.233	0.061	0.0	0.0	4583464.966	1.0
3291.354	14.331	269.545	0.285	0.233	0.061	0.0	0.0	4583465.027	1.0
3292.354	14.305	269.423	0.285	0.233	0.06	0.0	0.0	4583465.087	1.0
3293.354	14.279	269.303	0.285	0.233	0.06	0.0	0.0	4583465.147	1.0
3294.354	14.254	269.183	0.285	0.233	0.06	0.0	0.0	4583465.207	1.0
3295.354	14.228	269.063	0.285	0.233	0.059	0.0	0.0	4583465.266	1.0
3296.354	14.203	268.943	0.285	0.233	0.059	0.0	0.0	4583465.325	1.0
3297.354	14.178	268.824	0.285	0.233	0.059	0.0	0.0	4583465.384	1.0
3298.354	14.152	268.705	0.285	0.233	0.059	0.0	0.0	4583465.443	1.0
3299.354	14.127	268.587	0.285	0.233	0.058	0.0	0.0	4583465.502	1.0
3300.354	14.102	268.468	0.285	0.233	0.058	0.0	0.0	4583465.56	1.0
3301.354	14.076	268.351	0.285	0.233	0.058	0.0	0.0	4583465.618	1.0
3302.354	14.051	268.233	0.285	0.233	0.058	0.0	0.0	4583465.676	1.0
3303.354	14.026	268.116	0.285	0.233	0.057	0.0	0.0	4583465.733	1.0
3304.354	14.001	268.0	0.285	0.233	0.057	0.0	0.0	4583465.79	1.0
3305.354	13.976	267.883	0.285	0.233	0.057	0.0	0.0	4583465.847	1.0
3306.354	13.951	267.767	0.285	0.233	0.057	0.0	0.0	4583465.904	1.0
3307.354	13.926	267.652	0.285	0.233	0.057	0.0	0.0	4583465.961	1.0
3308.354	13.901	267.536	0.285	0.233	0.056	0.0	0.0	4583466.017	1.0
3309.354	13.876	267.422	0.285	0.233	0.056	0.0	0.0	4583466.073	1.0
3310.354	13.851	267.307	0.285	0.233	0.056	0.0	0.0	4583466.129	1.0
3311.354	13.826	267.193	0.285	0.233	0.056	0.0	0.0	4583466.184	1.0
3312.354	13.801	267.079	0.285	0.233	0.055	0.0	0.0	4583466.24	1.0
3313.354	13.776	266.965	0.285	0.233	0.055	0.0	0.0	4583466.295	1.0
3314.354	13.751	266.852	0.285	0.233	0.055	0.0	0.0	4583466.35	1.0
3315.354	13.727	266.739	0.285	0.233	0.055	0.0	0.0	4583466.404	1.0
3316.354	13.702	266.627	0.285	0.233	0.054	0.0	0.0	4583466.459	1.0
3317.354	13.677	266.515	0.285	0.233	0.054	0.0	0.0	4583466.513	1.0
3318.354	13.653	266.403	0.285	0.233	0.054	0.0	0.0	4583466.567	1.0
3319.354	13.628	266.291	0.285	0.233	0.054	0.0	0.0	4583466.621	1.0
3320.354	13.604	266.18	0.285	0.233	0.054	0.0	0.0	4583466.674	1.0
3321.354	13.579	266.069	0.285	0.233	0.053	0.0	0.0	4583466.728	1.0
3322.354	13.555	265.959	0.285	0.233	0.053	0.0	0.0	4583466.781	1.0
3323.354	13.53	265.848	0.285	0.233	0.053	0.0	0.0	4583466.834	1.0
3324.354	13.506	265.738	0.285	0.233	0.053	0.0	0.0	4583466.886	1.0
3325.354	13.482	265.629	0.285	0.233	0.052	0.0	0.0	4583466.939	1.0
3326.354	13.457	265.52	0.285	0.233	0.052	0.0	0.0	4583466.991	1.0
3327.354	13.433	265.411	0.285	0.233	0.052	0.0	0.0	4583467.043	1.0
3328.354	13.409	265.302	0.285	0.233	0.052	0.0	0.0	4583467.095	1.0
3329.354	13.385	265.194	0.285	0.233	0.052	0.0	0.0	4583467.146	1.0
3330.354	13.36	265.086	0.285	0.233	0.051	0.0	0.0	4583467.198	1.0
3331.354	13.336	264.978	0.285	0.233	0.051	0.0	0.0	4583467.249	1.0
3332.354	13.312	264.871	0.285	0.233	0.051	0.0	0.0	4583467.3	1.0
3333.354	13.288	264.764	0.285	0.233	0.051	0.0	0.0	4583467.351	1.0
3334.354	13.264	264.657	0.285	0.233	0.051	0.0	0.0	4583467.401	1.0
3335.354	13.24	264.551	0.285	0.233	0.05	0.0	0.0	4583467.452	1.0
3336.354	13.216	264.445	0.285	0.233	0.05	0.0	0.0	4583467.502	1.0
3337.354	13.192	264.339	0.285	0.233	0.05	0.0	0.0	4583467.552	1.0
3338.354	13.168	264.234	0.285	0.233	0.05	0.0	0.0	4583467.601	1.0
3339.354	13.145	264.128	0.285	0.233	0.05	0.0	0.0	4583467.651	1.0
3340.354	13.121	264.024	0.285	0.233	0.049	0.0	0.0	4583467.7	1.0
3341.354	13.097	263.919	0.285	0.233	0.049	0.0	0.0	4583467.749	1.0
3342.354	13.073	263.815	0.285	0.233	0.049	0.0	0.0	4583467.798	1.0
3343.354	13.05	263.711	0.285	0.233	0.049	0.0	0.0	4583467.847	1.0
3344.354	13.026	263.607	0.285	0.233	0.049	0.0	0.0	4583467.896	1.0
3345.354	13.002	263.504	0.285	0.233	0.048	0.0	0.0	4583467.944	1.0
3346.354	12.979	263.401	0.285	0.233	0.048	0.0	0.0	4583467.992	1.0
3347.354	12.955	263.298	0.285	0.233	0.048	0.0	0.0	4583468.04	1.0
3348.354	12.932	263.196	0.285	0.233	0.048	0.0	0.0	4583468.088	1.0
3349.354	12.908	263.093	0.285	0.233	0.048	0.0	0.0	4583468.136	1.0
3350.354	12.885	262.992	0.285	0.233	0.047	0.0	0.0	4583468.183	1.0
3351.354	12.861	262.89	0.285	0.233	0.047	0.0	0.0	4583468.23	1.0
3352.354	12.838	262.789	0.285	0.233	0.047	0.0	0.0	4583468.277	1.0
3353.354	12.815	262.688	0.285	0.233	0.047	0.0	0.0	4583468.324	1.0
3354.354	12.791	262.587	0.285	0.233	0.047	0.0	0.0	4583468.371	1.0
3355.354	12.768	262.487	0.285	0.233	0.046	0.0	0.0	4583468.417	1.0
3356.354	12.745	262.386	0.285	0.233	0.046	0.0	0.0	4583468.464	1.0
3357.354	12.722	262.287	0.285	0.233	0.046	0.0	0.0	4583468.51	1.0
3358.354	12.699	262.187	0.285	0.233	0.046	0.0	0.0	4583468.556	1.0
3359.354	12.675	262.088	0.285	0.233	0.046	0.0	0.0	4583468.602	1.0
3360.354	12.652	261.989	0.285	0.233	0.046	0.0	0.0	4583468.647	1.0
3361.354	12.629	261.89	0.285	0.233	0.045	0.0	0.0	4583468.693	1.0
3362.354	12.606	261.792	0.285	0.233	0.045	0.0	0.0	4583468.738	1.0
3363.354	12.583	261.693	0.285	0.233	0.045	0.0	0.0	4583468.783	1.0
3364.354	12.56	261.596	0.285	0.233	0.045	0.0	0.0	4583468.828	1.0
3365.354	12.537	261.498	0.285	0.233	0.045	0.0	0.0	4583468.873	1.0
3366.354	12.515	261.401	0.285	0.233	0.045	0.0	0.0	4583468.917	1.0
3367.354	12.492	261.304	0.285	0.233	0.044	0.0	0.0	4583468.961	1.0
3368.354	12.469	261.207	0.285	0.233	0.044	0.0	0.0	4583469.006	1.0
3369.354	12.446	261.11	0.285	0.233	0.044	0.0	0.0	4583469.05	1.0
3370.354	12.423	261.014	0.285	0.233	0.044	0.0	0.0	4583469.094	1.0
3371.354	12.401	260.918	0.285	0.233	0.044	0.0	0.0	4583469.137	1.0
3372.354	12.378	260.822	0.285	0.233	0.044	0.0	0.0	4583469.181	1.0
3373.354	12.355	260.727	0.285	0.233	0.043	0.0	0.0	4583469.224	1.0
3374.354	12.333	260.632	0.285	0.233	0.043	0.0	0.0	4583469.267	1.0
3375.354	12.31	260.537	0.285	0.233	0.043	0.0	0.0	4583469.31	1.0
3376.354	12.288	260.442	0.285	0.233	0.043	0.0	0.0	4583469.353	1.0
3377.354	12.265	260.348	0.285	0.233	0.043	0.0	0.0	4583469.396	1.0
3378.354	12.243	260.254	0.285	0.233	0.043	0.0	0.0	4583469.438	1.0
3379.354	12.22	260.16	0.285	0.233	0.042	0.0	0.0	4583469.481	1.0
3380.354	12.198	260.066	0.285	0.233	0.042	0.0	0.0	4583469.523	1.0
3381.354	12.175	259.973	0.285	0.233	0.042	0.0	0.0	4583469.565	1.0
3382.354	12.153	259.88	0.285	0.233	0.042	0.0	0.0	4583469.607	1.0
3383.354	12.131	259.787	0.285	0.233	0.042	0.0	0.0	4583469.649	1.0
3384.354	12.108	259.694	0.285	0.233	0.042	0.0	0.0	4583469.69	1.0
3385.354	12.086	259.602	0.285	0.233	0.041	0.0	0.0	4583469.732	1.0
3386.354	12.064	259.51	0.285	0.233	0.041	0.0	0.0	4583469.773	1.0
3387.354	12.042	259.418	0.285	0.233	0.041	0.0	0.0	4583469.814	1.0
3388.354	12.02	259.327	0.285	0.233	0.041	0.0	0.0	4583469.855	1.0
3389.354	11.998	259.235	0.285	0.233	0.041	0.0	0.0	4583469.896	1.0
3390.354	11.975	259.144	0.285	0.233	0.041	0.0	0.0	4583469.937	1.0
3391.354	11.953	259.053	0.285	0.233	0.041	0.0	0.0	4583469.977	1.0
3392.354	11.931	258.963	0.285	0.233	0.04	0.0	0.0	4583470.018	1.0
3393.354	11.909	258.873	0.285	0.233	0.04	0.0	0.0	4583470.058	1.0
3394.354	11.887	258.783	0.285	0.233	0.04	0.0	0.0	4583470.098	1.0
3395.354	11.866	258.693	0.285	0.233	0.04	0.0	0.0	4583470.138	1.0
3396.354	11.844	258.603	0.285	0.233	0.04	0.0	0.0	4583470.178	1.0
3397.354	11.822	258.514	0.285	0.233	0.04	0.0	0.0	4583470.217	1.0
3398.354	11.8	258.425	0.285	0.233	0.039	0.0	0.0	4583470.257	1.0
3399.354	11.778	258.336	0.285	0.233	0.039	0.0	0.0	4583470.296	1.0
3400.354	11.756	258.247	0.285	0.233	0.039	0.0	0.0	4583470.335	1.0
3401.354	11.735	258.159	0.285	0.233	0.039	0.0	0.0	4583470.374	1.0
3402.354	11.713	258.071	0.285	0.233	0.039	0.0	0.0	4583470.413	1.0
3403.354	11.691	257.983	0.285	0.233	0.039	0.0	0.0	4583470.452	1.0
3404.354	11.67	257.895	0.285	0.233	0.039	0.0	0.0	4583470.491	1.0
3405.354	11.648	257.808	0.285	0.233	0.038	0.0	0.0	4583470.529	1.0
3406.354	11.627	257.721	0.285	0.233	0.038	0.0	0.0	4583470.567	1.0
3407.354	11.605	257.634	0.285	0.233	0.038	0.0	0.0	4583470.606	1.0
3408.354	11.583	257.547	0.285	0.233	0.038	0.0	0.0	4583470.644	1.0
3409.354	11.562	257.461	0.285	0.233	0.038	0.0	0.0	4583470.682	1.0
3410.354	11.541	257.374	0.285	0.233	0.038	0.0	0.0	4583470.719	1.0
3411.354	11.519	257.288	0.285	0.233	0.038	0.0	0.0	4583470.757	1.0
3412.354	11.498	257.203	0.285	0.233	0.038	0.0	0.0	4583470.795	1.0
3413.354	11.476	257.117	0.285	0.233	0.037	0.0	0.0	4583470.832	1.0
3414.354	11.455	257.032	0.285	0.233	0.037	0.0	0.0	4583470.869	1.0
3415.354	11.434	256.947	0.285	0.233	0.037	0.0	0.0	4583470.906	1.0
3416.354	11.413	256.862	0.285	0.233	0.037	0.0	0.0	4583470.943	1.0
3417.354	11.391	256.777	0.285	0.233	0.037	0.0	0.0	4583470.98	1.0
3418.354	11.37	256.693	0.285	0.233	0.037	0.0	0.0	4583471.017	1.0
3419.354	11.349	256.609	0.285	0.233	0.037	0.0	0.0	4583471.053	1.0
3420.354	11.328	256.525	0.285	0.233	0.036	0.0	0.0	4583471.09	1.0
3421.354	11.307	256.441	0.285	0.233	0.036	0.0	0.0	4583471.126	1.0
3422.354	11.286	256.357	0.285	0.233	0.036	0.0	0.0	4583471.162	1.0
3423.354	11.265	256.274	0.285	0.233	0.036	0.0	0.0	4583471.199	1.0
3424.354	11.244	256.191	0.285	0.233	0.036	0.0	0.0	4583471.234	1.0
3425.354	11.223	256.108	0.285	0.233	0.036	0.0	0.0	4583471.27	1.0
3426.354	11.202	256.026	0.285	0.233	0.036	0.0	0.0	4583471.306	1.0
3427.354	11.181	255.943	0.285	0.233	0.036	0.0	0.0	4583471.342	1.0
3428.354	11.16	255.861	0.285	0.233	0.035	0.0	0.0	4583471.377	1.0
3429.354	11.139	255.779	0.285	0.233	0.035	0.0	0.0	4583471.412	1.0
3430.354	11.118	255.697	0.285	0.233	0.035	0.0	0.0	4583471.447	1.0
3431.354	11.097	255.616	0.285	0.233	0.035	0.0	0.0	4583471.483	1.0
3432.354	11.077	255.534	0.285	0.233	0.035	0.0	0.0	4583471.517	1.0
3433.354	11.056	255.453	0.285	0.233	0.035	0.0	0.0	4583471.552	1.0
3434.354	11.035	255.373	0.285	0.233	0.035	0.0	0.0	4583471.587	1.0
3435.354	11.015	255.292	0.285	0.233	0.035	0.0	0.0	4583471.622	1.0
3436.354	10.994	255.212	0.285	0.233	0.034	0.0	0.0	4583471.656	1.0
3437.354	10.973	255.132	0.285	0.233	0.034	0.0	0.0	4583471.69	1.0
3438.354	10.953	255.053	0.285	0.233	0.034	0.0	0.0	4583471.725	1.0
3439.354	10.932	254.974	0.285	0.233	0.034	0.0	0.0	4583471.759	1.0
3440.354	10.912	254.895	0.285	0.233	0.034	0.0	0.0	4583471.793	1.0
3441.354	10.891	254.817	0.285	0.233	0.034	0.0	0.0	4583471.827	1.0
3442.354	10.871	254.739	0.285	0.233	0.034	0.0	0.0	4583471.861	1.0
3443.354	10.85	254.662	0.285	0.233	0.034	0.0	0.0	4583471.895	1.0
3444.354	10.83	254.585	0.285	0.233	0.034	0.0	0.0	4583471.928	1.0
3445.354	10.809	254.508	0.285	0.233	0.034	0.0	0.0	4583471.962	1.0
3446.354	10.789	254.432	0.285	0.233	0.034	0.0	0.0	4583471.995	1.0
3447.354	10.769	254.357	0.285	0.233	0.033	0.0	0.0	4583472.029	1.0
3448.354	10.748	254.282	0.285	0.233	0.033	0.0	0.0	4583472.062	1.0
3449.354	10.728	254.207	0.285	0.233	0.033	0.0	0.0	4583472.095	1.0
3450.354	10.708	254.132	0.285	0.233	0.033	0.0	0.0	4583472.128	1.0
3451.354	10.687	254.058	0.285	0.233	0.033	0.0	0.0	4583472.162	1.0
3452.354	10.667	253.985	0.285	0.233	0.033	0.0	0.0	4583472.194	1.0
3453.354	10.647	253.912	0.285	0.233	0.033	0.0	0.0	4583472.227	1.0
3454.354	10.627	253.839	0.285	0.233	0.033	0.0	0.0	4583472.26	1.0
3455.354	10.606	253.766	0.285	0.233	0.033	0.0	0.0	4583472.293	1.0
3456.354	10.586	253.694	0.285	0.233	0.033	0.0	0.0	4583472.325	1.0
3457.354	10.566	253.623	0.285	0.233	0.033	0.0	0.0	4583472.358	1.0
3458.354	10.546	253.552	0.285	0.233	0.032	0.0	0.0	4583472.39	1.0
3459.354	10.526	253.481	0.285	0.233	0.032	0.0	0.0	4583472.423	1.0
3460.354	10.506	253.411	0.285	0.233	0.032	0.0	0.0	4583472.455	1.0
3461.354	10.486	253.341	0.285	0.233	0.032	0.0	0.0	4583472.487	1.0
3462.354	10.466	253.271	0.285	0.233	0.032	0.0	0.0	4583472.519	1.0
3463.354	10.446	253.202	0.285	0.233	0.032	0.0	0.0	4583472.551	1.0
3464.354	10.426	253.133	0.285	0.233	0.032	0.0	0.0	4583472.583	1.0
3465.354	10.406	253.065	0.285	0.233	0.032	0.0	0.0	4583472.615	1.0
3466.354	10.386	252.997	0.285	0.233	0.032	0.0	0.0	4583472.647	1.0
3467.354	10.366	252.929	0.285	0.233	0.032	0.0	0.0	4583472.678	1.0
3468.354	10.346	252.862	0.285	0.233	0.032	0.0	0.0	4583472.71	1.0
3469.354	10.327	252.795	0.285	0.233	0.031	0.0	0.0	4583472.741	1.0
3470.354	10.307	252.729	0.285	0.233	0.031	0.0	0.0	4583472.773	1.0
3471.354	10.287	252.663	0.285	0.233	0.031	0.0	0.0	4583472.804	1.0
3472.354	10.267	252.597	0.285	0.233	0.031	0.0	0.0	4583472.835	1.0
3473.354	10.247	252.532	0.285	0.233	0.031	0.0	0.0	4583472.866	1.0
3474.354	10.228	252.467	0.285	0.233	0.031	0.0	0.0	4583472.897	1.0
3475.354	10.208	252.402	0.285	0.233	0.031	0.0	0.0	4583472.928	1.0
3476.354	10.188	252.338	0.285	0.233	0.031	0.0	0.0	4583472.959	1.0
3477.354	10.169	252.275	0.285	0.233	0.031	0.0	0.0	4583472.99	1.0
3478.354	10.149	252.211	0.285	0.233	0.031	0.0	0.0	4583473.021	1.0
3479.354	10.129	252.148	0.285	0.233	0.031	0.0	0.0	4583473.052	1.0
3480.354	10.11	252.086	0.285	0.233	0.031	0.0	0.0	4583473.082	1.0
3481.354	10.09	252.023	0.285	0.233	0.031	0.0	0.0	4583473.113	1.0
3482.354	10.071	251.962	0.285	0.233	0.03	0.0	0.0	4583473.143	1.0
3483.354	10.051	251.9	0.285	0.233	0.03	0.0	0.0	4583473.173	1.0
3484.354	10.032	251.839	0.285	0.233	0.03	0.0	0.0	4583473.204	1.0
3485.354	10.012	251.778	0.285	0.233	0.03	0.0	0.0	4583473.234	1.0
3486.354	9.993	251.718	0.285	0.233	0.03	0.0	0.0	4583473.264	1.0
3487.354	9.974	251.658	0.285	0.233	0.03	0.0	0.0	4583473.294	1.0
3488.354	9.954	251.598	0.285	0.233	0.03	0.0	0.0	4583473.324	1.0
3489.354	9.935	251.539	0.285	0.233	0.03	0.0	0.0	4583473.354	1.0
3490.354	9.915	251.48	0.285	0.233	0.03	0.0	0.0	4583473.384	1.0
3491.354	9.896	251.422	0.285	0.233	0.03	0.0	0.0	4583473.413	1.0
3492.354	9.877	251.364	0.285	0.233	0.03	0.0	0.0	4583473.443	1.0
3493.354	9.858	251.306	0.285	0.233	0.03	0.0	0.0	4583473.473	1.0
3494.354	9.838	251.249	0.285	0.233	0.03	0.0	0.0	4583473.502	1.0
3495.354	9.819	251.192	0.285	0.233	0.029	0.0	0.0	4583473.532	1.0
3496.354	9.8	251.135	0.285	0.233	0.029	0.0	0.0	4583473.561	1.0
3497.354	9.781	251.079	0.285	0.233	0.029	0.0	0.0	4583473.59	1.0
3498.354	9.761	251.023	0.285	0.233	0.029	0.0	0.0	4583473.619	1.0
3499.354	9.742	250.967	0.285	0.233	0.029	0.0	0.0	4583473.649	1.0
3500.354	9.723	250.912	0.285	0.233	0.029	0.0	0.0	4583473.678	1.0
3501.354	9.704	250.857	0.285	0.233	0.029	0.0	0.0	4583473.707	1.0
3502.354	9.685	250.803	0.285	0.233	0.029	0.0	0.0	4583473.736	1.0
3503.354	9.666	250.749	0.285	0.233	0.029	0.0	0.0	4583473.764	1.0
3504.354	9.647	250.695	0.285	0.233	0.029	0.0	0.0	4583473.793	1.0
3505.354	9.628	250.641	0.285	0.233	0.029	0.0	0.0	4583473.822	1.0
3506.354	9.609	250.588	0.285	0.233	0.029	0.0	0.0	4583473.851	1.0
3507.354	9.59	250.536	0.285	0.233	0.029	0.0	0.0	4583473.879	1.0
3508.354	9.571	250.483	0.285	0.233	0.028	0.0	0.0	4583473.908	1.0
3509.354	9.552	250.431	0.285	0.233	0.028	0.0	0.0	4583473.936	1.0
3510.354	9.533	250.38	0.285	0.233	0.028	0.0	0.0	4583473.964	1.0
3511.354	9.515	250.328	0.285	0.233	0.028	0.0	0.0	4583473.993	1.0
3512.354	9.496	250.277	0.285	0.233	0.028	0.0	0.0	4583474.021	1.0
3513.354	9.477	250.227	0.285	0.233	0.028	0.0	0.0	4583474.049	1.0
3514.354	9.458	250.177	0.285	0.233	0.028	0.0	0.0	4583474.077	1.0
3515.354	9.439	250.127	0.285	0.233	0.028	0.0	0.0	4583474.105	1.0
3516.354	9.421	250.077	0.285	0.233	0.028	0.0	0.0	4583474.133	1.0
3517.354	9.402	250.028	0.285	0.233	0.028	0.0	0.0	4583474.161	1.0
3518.354	9.383	249.979	0.285	0.233	0.028	0.0	0.0	4583474.189	1.0
3519.354	9.364	249.931	0.285	0.233	0.028	0.0	0.0	4583474.216	1.0
3520.354	9.346	249.882	0.285	0.233	0.028	0.0	0.0	4583474.244	1.0
3521.354	9.327	249.835	0.285	0.233	0.028	0.0	0.0	4583474.272	1.0
3522.354	9.309	249.787	0.285	0.233	0.028	0.0	0.0	4583474.299	1.0
3523.354	9.29	249.74	0.285	0.233	0.027	0.0	0.0	4583474.327	1.0
3524.354	9.271	249.693	0.285	0.233	0.027	0.0	0.0	4583474.354	1.0
3525.354	9.253	249.647	0.285	0.233	0.027	0.0	0.0	4583474.381	1.0
3526.354	9.234	249.601	0.285	0.233	0.027	0.0	0.0	4583474.409	1.0
3527.354	9.216	249.555	0.285	0.233	0.027	0.0	0.0	4583474.436	1.0
3528.354	9.197	249.509	0.285	0.233	0.027	0.0	0.0	4583474.463	1.0
3529.354	9.179	249.464	0.285	0.233	0.027	0.0	0.0	4583474.49	1.0
3530.354	9.16	249.42	0.285	0.233	0.027	0.0	0.0	4583474.517	1.0
3531.354	9.142	249.375	0.285	0.233	0.027	0.0	0.0	4583474.544	1.0
3532.354	9.124	249.331	0.285	0.233	0.027	0.0	0.0	4583474.571	1.0
3533.354	9.105	249.287	0.285	0.233	0.027	0.0	0.0	4583474.598	1.0
3534.354	9.087	249.244	0.285	0.233	0.027	0.0	0.0	4583474.624	1.0
3535.354	9.069	249.201	0.285	0.233	0.027	0.0	0.0	4583474.651	1.0
3536.354	9.05	249.158	0.285	0.233	0.027	0.0	0.0	4583474.678	1.0
3537.354	9.032	249.115	0.285	0.233	0.027	0.0	0.0	4583474.704	1.0
3538.354	9.014	249.073	0.285	0.233	0.026	0.0	0.0	4583474.731	1.0
3539.354	8.996	249.031	0.285	0.233	0.026	0.0	0.0	4583474.757	1.0
3540.354	8.977	248.99	0.285	0.233	0.026	0.0	0.0	4583474.784	1.0
3541.354	8.959	248.949	0.285	0.233	0.026	0.0	0.0	4583474.81	1.0
3542.354	8.941	248.908	0.285	0.233	0.026	0.0	0.0	4583474.836	1.0
3543.354	8.923	248.868	0.285	0.233	0.026	0.0	0.0	4583474.862	1.0
3544.354	8.905	248.827	0.285	0.233	0.026	0.0	0.0	4583474.888	1.0
3545.354	8.887	248.788	0.285	0.233	0.026	0.0	0.0	4583474.914	1.0
3546.354	8.869	248.748	0.285	0.233	0.026	0.0	0.0	4583474.94	1.0
3547.354	8.85	248.709	0.285	0.233	0.026	0.0	0.0	4583474.966	1.0
3548.354	8.832	248.67	0.285	0.233	0.026	0.0	0.0	4583474.992	1.0
3549.354	8.814	248.631	0.285	0.233	0.026	0.0	0.0	4583475.018	1.0
3550.354	8.796	248.593	0.285	0.233	0.026	0.0	0.0	4583475.044	1.0
3551.354	8.778	248.555	0.285	0.233	0.026	0.0	0.0	4583475.07	1.0
3552.354	8.76	248.518	0.285	0.233	0.026	0.0	0.0	4583475.095	1.0
3553.354	8.743	248.48	0.285	0.233	0.026	0.0	0.0	4583475.121	1.0
3554.354	8.725	248.443	0.285	0.233	0.026	0.0	0.0	4583475.146	1.0
3555.354	8.707	248.407	0.285	0.233	0.025	0.0	0.0	4583475.172	1.0
3556.354	8.689	248.37	0.285	0.233	0.025	0.0	0.0	4583475.197	1.0
3557.354	8.671	248.334	0.285	0.233	0.025	0.0	0.0	4583475.223	1.0
3558.354	8.653	248.299	0.285	0.233	0.025	0.0	0.0	4583475.248	1.0
3559.354	8.635	248.263	0.285	0.233	0.025	0.0	0.0	4583475.273	1.0
3560.354	8.618	248.228	0.285	0.233	0.025	0.0	0.0	4583475.298	1.0
3561.354	8.6	248.194	0.285	0.233	0.025	0.0	0.0	4583475.323	1.0
3562.354	8.582	248.159	0.285	0.233	0.025	0.0	0.0	4583475.349	1.0
3563.354	8.564	248.125	0.285	0.233	0.025	0.0	0.0	4583475.374	1.0
3564.354	8.547	248.091	0.285	0.233	0.025	0.0	0.0	4583475.398	1.0
3565.354	8.529	248.058	0.285	0.233	0.025	0.0	0.0	4583475.423	1.0
3566.354	8.511	248.024	0.285	0.233	0.025	0.0	0.0	4583475.448	1.0
3567.354	8.494	247.992	0.285	0.233	0.025	0.0	0.0	4583475.473	1.0
3568.354	8.476	247.959	0.285	0.233	0.025	0.0	0.0	4583475.498	1.0
3569.354	8.459	247.927	0.285	0.233	0.025	0.0	0.0	4583475.522	1.0
3570.354	8.441	247.895	0.285	0.233	0.025	0.0	0.0	4583475.547	1.0
3571.354	8.423	247.863	0.285	0.233	0.025	0.0	0.0	4583475.572	1.0
3572.354	8.406	247.832	0.285	0.233	0.025	0.0	0.0	4583475.596	1.0
3573.354	8.388	247.8	0.285	0.233	0.024	0.0	0.0	4583475.621	1.0
3574.354	8.371	247.77	0.285	0.233	0.024	0.0	0.0	4583475.645	1.0
3575.354	8.353	247.739	0.285	0.233	0.024	0.0	0.0	4583475.669	1.0
3576.354	8.336	247.709	0.285	0.233	0.024	0.0	0.0	4583475.694	1.0
3577.354	8.319	247.679	0.285	0.233	0.024	0.0	0.0	4583475.718	1.0
3578.354	8.301	247.65	0.285	0.233	0.024	0.0	0.0	4583475.742	1.0
3579.354	8.284	247.62	0.285	0.233	0.024	0.0	0.0	4583475.766	1.0
3580.354	8.266	247.591	0.285	0.233	0.024	0.0	0.0	4583475.79	1.0
3581.354	8.249	247.563	0.285	0.233	0.024	0.0	0.0	4583475.814	1.0
3582.354	8.232	247.534	0.285	0.233	0.024	0.0	0.0	4583475.838	1.0
3583.354	8.215	247.506	0.285	0.233	0.024	0.0	0.0	4583475.862	1.0
3584.354	8.197	247.479	0.285	0.233	0.024	0.0	0.0	4583475.886	1.0
3585.354	8.18	247.451	0.285	0.233	0.024	0.0	0.0	4583475.91	1.0
3586.354	8.163	247.424	0.285	0.233	0.024	0.0	0.0	4583475.934	1.0
3587.354	8.146	247.397	0.285	0.233	0.024	0.0	0.0	4583475.957	1.0
3588.354	8.128	247.37	0.285	0.233	0.024	0.0	0.0	4583475.981	1.0
3589.354	8.111	247.344	0.285	0.233	0.024	0.0	0.0	4583476.005	1.0
3590.354	8.094	247.318	0.285	0.233	0.024	0.0	0.0	4583476.028	1.0
3591.354	8.077	247.292	0.285	0.233	0.024	0.0	0.0	4583476.052	1.0
3592.354	8.06	247.267	0.285	0.233	0.023	0.0	0.0	4583476.075	1.0
3593.354	8.043	247.242	0.285	0.233	0.023	0.0	0.0	4583476.099	1.0
3594.354	8.026	247.217	0.285	0.233	0.023	0.0	0.0	4583476.122	1.0
3595.354	8.009	247.192	0.285	0.233	0.023	0.0	0.0	4583476.145	1.0
3596.354	7.992	247.168	0.285	0.233	0.023	0.0	0.0	4583476.169	1.0
3597.354	7.975	247.144	0.285	0.233	0.023	0.0	0.0	4583476.192	1.0
3598.354	7.958	247.12	0.285	0.233	0.023	0.0	0.0	4583476.215	1.0
3599.354	7.941	247.097	0.285	0.233	0.023	0.0	0.0	4583476.238	1.0
3600.354	7.924	247.074	0.285	0.233	0.023	0.0	0.0	4583476.261	1.0
3601.354	7.907	247.051	0.285	0.233	0.023	0.0	0.0	4583476.284	1.0
3602.354	7.89	247.028	0.285	0.233	0.023	0.0	0.0	4583476.307	1.0
3603.354	7.873	247.006	0.285	0.233	0.023	0.0	0.0	4583476.33	1.0
3604.354	7.856	246.984	0.285	0.233	0.023	0.0	0.0	4583476.353	1.0
3605.354	7.839	246.962	0.285	0.233	0.023	0.0	0.0	4583476.376	1.0
3606.354	7.822	246.941	0.285	0.233	0.023	0.0	0.0	4583476.399	1.0
3607.354	7.806	246.92	0.285	0.233	0.023	0.0	0.0	4583476.421	1.0
3608.354	7.789	246.899	0.285	0.233	0.023	0.0	0.0	4583476.444	1.0
3609.354	7.772	246.878	0.285	0.233	0.023	0.0	0.0	4583476.467	1.0
3610.354	7.755	246.858	0.285	0.233	0.023	0.0	0.0	4583476.489	1.0
3611.354	7.738	246.838	0.285	0.233	0.023	0.0	0.0	4583476.512	1.0
3612.354	7.722	246.818	0.285	0.233	0.022	0.0	0.0	4583476.534	1.0
3613.354	7.705	246.799	0.285	0.233	0.022	0.0	0.0	4583476.557	1.0
3614.354	7.688	246.779	0.285	0.233	0.022	0.0	0.0	4583476.579	1.0
3615.354	7.672	246.76	0.285	0.233	0.022	0.0	0.0	4583476.602	1.0
3616.354	7.655	246.742	0.285	0.233	0.022	0.0	0.0	4583476.624	1.0
3617.354	7.638	246.723	0.285	0.233	0.022	0.0	0.0	4583476.646	1.0
3618.354	7.622	246.705	0.285	0.233	0.022	0.0	0.0	4583476.668	1.0
3619.354	7.605	246.687	0.285	0.233	0.022	0.0	0.0	4583476.69	1.0
3620.354	7.589	246.67	0.285	0.233	0.022	0.0	0.0	4583476.713	1.0
3621.354	7.572	246.653	0.285	0.233	0.022	0.0	0.0	4583476.735	1.0
3622.354	7.556	246.636	0.285	0.233	0.022	0.0	0.0	4583476.757	1.0
3623.354	7.539	246.619	0.285	0.233	0.022	0.0	0.0	4583476.779	1.0
3624.354	7.523	246.602	0.285	0.233	0.022	0.0	0.0	4583476.801	1.0
3625.354	7.506	246.586	0.285	0.233	0.022	0.0	0.0	4583476.823	1.0
3626.354	7.49	246.57	0.285	0.233	0.022	0.0	0.0	4583476.844	1.0
3627.354	7.473	246.555	0.285	0.233	0.022	0.0	0.0	4583476.866	1.0
3628.354	7.457	246.539	0.285	0.233	0.022	0.0	0.0	4583476.888	1.0
3629.354	7.441	246.524	0.285	0.233	0.022	0.0	0.0	4583476.91	1.0
3630.354	7.424	246.509	0.285	0.233	0.022	0.0	0.0	4583476.931	1.0
3631.354	7.408	246.495	0.285	0.233	0.022	0.0	0.0	4583476.953	1.0
3632.354	7.392	246.48	0.285	0.233	0.022	0.0	0.0	4583476.975	1.0
3633.354	7.375	246.466	0.285	0.233	0.022	0.0	0.0	4583476.996	1.0
3634.354	7.359	246.452	0.285	0.233	0.022	0.0	0.0	4583477.018	1.0
3635.354	7.343	246.439	0.285	0.233	0.021	0.0	0.0	4583477.039	1.0
3636.354	7.326	246.425	0.285	0.233	0.021	0.0	0.0	4583477.061	1.0
3637.354	7.31	246.412	0.285	0.233	0.021	0.0	0.0	4583477.082	1.0
3638.354	7.294	246.4	0.285	0.233	0.021	0.0	0.0	4583477.103	1.0
3639.354	7.278	246.387	0.285	0.233	0.021	0.0	0.0	4583477.125	1.0
3640.354	7.262	246.375	0.285	0.233	0.021	0.0	0.0	4583477.146	1.0
3641.354	7.246	246.363	0.285	0.233	0.021	0.0	0.0	4583477.167	1.0
3642.354	7.229	246.351	0.285	0.233	0.021	0.0	0.0	4583477.188	1.0
3643.354	7.213	246.34	0.285	0.233	0.021	0.0	0.0	4583477.209	1.0
3644.354	7.197	246.329	0.285	0.233	0.021	0.0	0.0	4583477.23	1.0
3645.354	7.181	246.318	0.285	0.233	0.021	0.0	0.0	4583477.251	1.0
3646.354	7.165	246.307	0.285	0.233	0.021	0.0	0.0	4583477.272	1.0
3647.354	7.149	246.297	0.285	0.233	0.021	0.0	0.0	4583477.293	1.0
3648.354	7.133	246.286	0.285	0.233	0.021	0.0	0.0	4583477.314	1.0
3649.354	7.117	246.276	0.285	0.233	0.021	0.0	0.0	4583477.335	1.0
3650.354	7.101	246.267	0.285	0.233	0.021	0.0	0.0	4583477.356	1.0
3651.354	7.085	246.257	0.285	0.233	0.021	0.0	0.0	4583477.377	1.0
3652.354	7.069	246.248	0.285	0.233	0.021	0.0	0.0	4583477.398	1.0
3653.354	7.053	246.239	0.285	0.233	0.021	0.0	0.0	4583477.418	1.0
3654.354	7.037	246.231	0.285	0.233	0.021	0.0	0.0	4583477.439	1.0
3655.354	7.021	246.222	0.285	0.233	0.021	0.0	0.0	4583477.46	1.0
3656.354	7.005	246.214	0.285	0.233	0.021	0.0	0.0	4583477.48	1.0
3657.354	6.99	246.206	0.285	0.233	0.021	0.0	0.0	4583477.501	1.0
3658.354	6.974	246.199	0.285	0.233	0.021	0.0	0.0	4583477.521	1.0
3659.354	6.958	246.191	0.285	0.233	0.02	0.0	0.0	4583477.542	1.0
3660.354	6.942	246.184	0.285	0.233	0.02	0.0	0.0	4583477.562	1.0
3661.354	6.926	246.177	0.285	0.233	0.02	0.0	0.0	4583477.583	1.0
3662.354	6.911	246.171	0.285	0.233	0.02	0.0	0.0	4583477.603	1.0
3663.354	6.895	246.164	0.285	0.233	0.02	0.0	0.0	4583477.623	1.0
3664.354	6.879	246.158	0.285	0.233	0.02	0.0	0.0	4583477.644	1.0
3665.354	6.863	246.152	0.285	0.233	0.02	0.0	0.0	4583477.664	1.0
3666.354	6.848	246.146	0.285	0.233	0.02	0.0	0.0	4583477.684	1.0
3667.354	6.832	246.141	0.285	0.233	0.02	0.0	0.0	4583477.704	1.0
3668.354	6.816	246.136	0.285	0.233	0.02	0.0	0.0	4583477.724	1.0
3669.354	6.801	246.131	0.285	0.233	0.02	0.0	0.0	4583477.744	1.0
3670.354	6.785	246.126	0.285	0.233	0.02	0.0	0.0	4583477.764	1.0
3671.354	6.769	246.122	0.285	0.233	0.02	0.0	0.0	4583477.784	1.0
3672.354	6.754	246.118	0.285	0.233	0.02	0.0	0.0	4583477.804	1.0
3673.354	6.738	246.114	0.285	0.233	0.02	0.0	0.0	4583477.824	1.0
3674.354	6.723	246.11	0.285	0.233	0.02	0.0	0.0	4583477.844	1.0
3675.354	6.707	246.107	0.285	0.233	0.02	0.0	0.0	4583477.864	1.0
3676.354	6.692	246.103	0.285	0.233	0.02	0.0	0.0	4583477.884	1.0
3677.354	6.676	246.1	0.285	0.233	0.02	0.0	0.0	4583477.904	1.0
3678.354	6.661	246.098	0.285	0.233	0.02	0.0	0.0	4583477.923	1.0
3679.354	6.645	246.095	0.285	0.233	0.02	0.0	0.0	4583477.943	1.0
3680.354	6.63	246.093	0.285	0.233	0.02	0.0	0.0	4583477.963	1.0
3681.354	6.614	246.091	0.285	0.233	0.02	0.0	0.0	4583477.982	1.0
3682.354	6.599	246.089	0.285	0.233	0.02	0.0	0.0	4583478.002	1.0
3683.354	6.584	246.087	0.285	0.233	0.02	0.0	0.0	4583478.022	1.0
3684.354	6.568	246.086	0.285	0.233	0.02	0.0	0.0	4583478.041	1.0
3685.354	6.553	246.085	0.285	0.233	0.019	0.0	0.0	4583478.061	1.0
3686.354	6.537	246.084	0.285	0.233	0.019	0.0	0.0	4583478.08	1.0
3687.354	6.522	246.083	0.285	0.233	0.019	0.0	0.0	4583478.099	1.0
3688.354	6.507	246.083	0.285	0.233	0.019	0.0	0.0	4583478.119	1.0
3689.354	6.492	246.083	0.285	0.233	0.019	0.0	0.0	4583478.138	1.0
3690.354	6.476	246.083	0.285	0.233	0.019	0.0	0.0	4583478.158	1.0
3691.354	6.461	246.083	0.285	0.233	0.019	0.0	0.0	4583478.177	1.0
3692.354	6.446	246.083	0.285	0.233	0.019	0.0	0.0	4583478.196	1.0
3693.354	6.431	246.083	0.285	0.233	0.019	0.0	0.0	4583478.215	1.0
3694.354	6.415	246.083	0.285	0.233	0.019	0.0	0.0	4583478.234	1.0
3695.354	6.4	246.083	0.285	0.233	0.019	0.0	0.0	4583478.254	1.0
3696.354	6.385	246.083	0.285	0.233	0.019	0.0	0.0	4583478.273	1.0
3697.354	6.37	246.084	0.285	0.233	0.019	0.0	0.0	4583478.292	1.0
3698.354	6.355	246.084	0.285	0.233	0.019	0.0	0.0	4583478.311	1.0
3699.354	6.34	246.084	0.285	0.233	0.019	0.0	0.0	4583478.33	1.0
3700.354	6.324	246.084	0.285	0.233	0.019	0.0	0.0	4583478.349	1.0
3701.354	6.309	246.084	0.285	0.233	0.019	0.0	0.0	4583478.368	1.0
3702.354	6.294	246.084	0.285	0.233	0.019	0.0	0.0	4583478.387	1.0
3703.354	6.279	246.084	0.285	0.233	0.019	0.0	0.0	4583478.405	1.0
3704.354	6.264	246.084	0.285	0.233	0.019	0.0	0.0	4583478.424	1.0
3705.354	6.249	246.084	0.285	0.233	0.019	0.0	0.0	4583478.443	1.0
3706.354	6.234	246.084	0.285	0.233	0.019	0.0	0.0	4583478.462	1.0
3707.354	6.219	246.084	0.285	0.233	0.019	0.0	0.0	4583478.481	1.0
3708.354	6.204	246.084	0.285	0.233	0.019	0.0	0.0	4583478.499	1.0
3709.354	6.189	246.084	0.285	0.233	0.019	0.0	0.0	4583478.518	1.0
3710.354	6.174	246.085	0.285	0.233	0.019	0.0	0.0	4583478.536	1.0
3711.354	6.159	246.085	0.285	0.233	0.019	0.0	0.0	4583478.555	1.0
3712.354	6.144	246.085	0.285	0.233	0.019	0.0	0.0	4583478.574	1.0
3713.354	6.13	246.085	0.285	0.233	0.019	0.0	0.0	4583478.592	1.0
3714.354	6.115	246.085	0.285	0.233	0.018	0.0	0.0	4583478.611	1.0
3715.354	6.1	246.085	0.285	0.233	0.018	0.0	0.0	4583478.629	1.0
3716.354	6.085	246.085	0.285	0.233	0.018	0.0	0.0	4583478.648	1.0
3717.354	6.07	246.085	0.285	0.233	0.018	0.0	0.0	4583478.666	1.0
3718.354	6.055	246.085	0.285	0.233	0.018	0.0	0.0	4583478.684	1.0
3719.354	6.041	246.085	0.285	0.233	0.018	0.0	0.0	4583478.703	1.0
3720.354	6.026	246.085	0.285	0.233	0.018	0.0	0.0	4583478.721	1.0
3721.354	6.011	246.085	0.285	0.233	0.018	0.0	0.0	4583478.739	1.0
3722.354	5.996	246.085	0.285	0.233	0.018	0.0	0.0	4583478.757	1.0
3723.354	5.982	246.085	0.285	0.233	0.018	0.0	0.0	4583478.776	1.0
3724.354	5.967	246.086	0.285	0.233	0.018	0.0	0.0	4583478.794	1.0
3725.354	5.952	246.086	0.285	0.233	0.018	0.0	0.0	4583478.812	1.0
3726.354	5.937	246.086	0.285	0.233	0.018	0.0	0.0	4583478.83	1.0
3727.354	5.923	246.086	0.285	0.233	0.018	0.0	0.0	4583478.848	1.0
3728.354	5.908	246.086	0.285	0.233	0.018	0.0	0.0	4583478.866	1.0
3729.354	5.893	246.086	0.285	0.233	0.018	0.0	0.0	4583478.884	1.0
3730.354	5.879	246.086	0.285	0.233	0.018	0.0	0.0	4583478.902	1.0
3731.354	5.864	246.086	0.285	0.233	0.018	0.0	0.0	4583478.92	1.0
3732.354	5.85	246.086	0.285	0.233	0.018	0.0	0.0	4583478.938	1.0
3733.354	5.835	246.086	0.285	0.233	0.018	0.0	0.0	4583478.956	1.0
3734.354	5.821	246.086	0.285	0.233	0.018	0.0	0.0	4583478.974	1.0
3735.354	5.806	246.086	0.285	0.233	0.018	0.0	0.0	4583478.992	1.0
3736.354	5.791	246.086	0.285	0.233	0.018	0.0	0.0	4583479.009	1.0
3737.354	5.777	246.086	0.285	0.233	0.018	0.0	0.0	4583479.027	1.0
3738.354	5.762	246.087	0.285	0.233	0.018	0.0	0.0	4583479.045	1.0
3739.354	5.748	246.087	0.285	0.233	0.018	0.0	0.0	4583479.063	1.0
3740.354	5.734	246.087	0.285	0.233	0.018	0.0	0.0	4583479.08	1.0
3741.354	5.719	246.087	0.285	0.233	0.018	0.0	0.0	4583479.098	1.0
3742.354	5.705	246.087	0.285	0.233	0.018	0.0	0.0	4583479.116	1.0
3743.354	5.69	246.087	0.285	0.233	0.018	0.0	0.0	4583479.133	1.0
3744.354	5.676	246.087	0.285	0.233	0.018	0.0	0.0	4583479.151	1.0
3745.354	5.661	246.087	0.285	0.233	0.018	0.0	0.0	4583479.168	1.0
3746.354	5.647	246.087	0.285	0.233	0.017	0.0	0.0	4583479.186	1.0
3747.354	5.633	246.087	0.285	0.233	0.017	0.0	0.0	4583479.203	1.0
3748.354	5.618	246.087	0.285	0.233	0.017	0.0	0.0	4583479.221	1.0
3749.354	5.604	246.087	0.285	0.233	0.017	0.0	0.0	4583479.238	1.0
3750.354	5.59	246.087	0.285	0.233	0.017	0.0	0.0	4583479.255	1.0
3751.354	5.575	246.087	0.285	0.233	0.017	0.0	0.0	4583479.273	1.0
3752.354	5.561	246.088	0.285	0.233	0.017	0.0	0.0	4583479.29	1.0
3753.354	5.547	246.088	0.285	0.233	0.017	0.0	0.0	4583479.307	1.0
3754.354	5.533	246.088	0.285	0.233	0.017	0.0	0.0	4583479.325	1.0
3755.354	5.518	246.088	0.285	0.233	0.017	0.0	0.0	4583479.342	1.0
3756.354	5.504	246.088	0.285	0.233	0.017	0.0	0.0	4583479.359	1.0
3757.354	5.49	246.088	0.285	0.233	0.017	0.0	0.0	4583479.376	1.0
3758.354	5.476	246.088	0.285	0.233	0.017	0.0	0.0	4583479.393	1.0
3759.354	5.462	246.088	0.285	0.233	0.017	0.0	0.0	4583479.41	1.0
3760.354	5.447	246.088	0.285	0.233	0.017	0.0	0.0	4583479.428	1.0
3761.354	5.433	246.088	0.285	0.233	0.017	0.0	0.0	4583479.445	1.0
3762.354	5.419	246.088	0.285	0.233	0.017	0.0	0.0	4583479.462	1.0
3763.354	5.405	246.088	0.285	0.233	0.017	0.0	0.0	4583479.479	1.0
3764.354	5.391	246.088	0.285	0.233	0.017	0.0	0.0	4583479.496	1.0
3765.354	5.377	246.088	0.285	0.233	0.017	0.0	0.0	4583479.513	1.0
3766.354	5.363	246.089	0.285	0.233	0.017	0.0	0.0	4583479.529	1.0
3767.354	5.349	246.089	0.285	0.233	0.017	0.0	0.0	4583479.546	1.0
3768.354	5.335	246.089	0.285	0.233	0.017	0.0	0.0	4583479.563	1.0
3769.354	5.321	246.089	0.285	0.233	0.017	0.0	0.0	4583479.58	1.0
3770.354	5.307	246.089	0.285	0.233	0.017	0.0	0.0	4583479.597	1.0
3771.354	5.293	246.089	0.285	0.233	0.017	0.0	0.0	4583479.614	1.0
3772.354	5.279	246.089	0.285	0.233	0.017	0.0	0.0	4583479.63	1.0
3773.354	5.265	246.089	0.285	0.233	0.017	0.0	0.0	4583479.647	1.0
3774.354	5.251	246.089	0.285	0.233	0.017	0.0	0.0	4583479.664	1.0
3775.354	5.237	246.089	0.285	0.233	0.017	0.0	0.0	4583479.68	1.0
3776.354	5.223	246.089	0.285	0.233	0.017	0.0	0.0	4583479.697	1.0
3777.354	5.209	246.089	0.285	0.233	0.017	0.0	0.0	4583479.714	1.0
3778.354	5.195	246.089	0.285	0.233	0.017	0.0	0.0	4583479.73	1.0
3779.354	5.181	246.089	0.285	0.233	0.017	0.0	0.0	4583479.747	1.0
3780.354	5.167	246.089	0.285	0.233	0.017	0.0	0.0	4583479.763	1.0
3781.354	5.153	246.09	0.285	0.233	0.017	0.0	0.0	4583479.78	1.0
3782.354	5.14	246.09	0.285	0.233	0.016	0.0	0.0	4583479.796	1.0
3783.354	5.126	246.09	0.285	0.233	0.016	0.0	0.0	4583479.813	1.0
3784.354	5.112	246.09	0.285	0.233	0.016	0.0	0.0	4583479.829	1.0
3785.354	5.098	246.09	0.285	0.233	0.016	0.0	0.0	4583479.846	1.0
3786.354	5.084	246.09	0.285	0.233	0.016	0.0	0.0	4583479.862	1.0
3787.354	5.071	246.09	0.285	0.233	0.016	0.0	0.0	4583479.878	1.0
3788.354	5.057	246.09	0.285	0.233	0.016	0.0	0.0	4583479.895	1.0
3789.354	5.043	246.09	0.285	0.233	0.016	0.0	0.0	4583479.911	1.0
3790.354	5.029	246.09	0.285	0.233	0.016	0.0	0.0	4583479.927	1.0
3791.354	5.016	246.09	0.285	0.233	0.016	0.0	0.0	4583479.944	1.0
3792.354	5.002	246.09	0.285	0.233	0.016	0.0	0.0	4583479.96	1.0
3793.354	4.988	246.09	0.285	0.233	0.016	0.0	0.0	4583479.976	1.0
3794.354	4.975	246.09	0.285	0.233	0.016	0.0	0.0	4583479.992	1.0
3795.354	4.961	246.09	0.285	0.233	0.016	0.0	0.0	4583480.008	1.0
3796.354	4.947	246.09	0.285	0.233	0.016	0.0	0.0	4583480.024	1.0
3797.354	4.934	246.091	0.285	0.233	0.016	0.0	0.0	4583480.041	1.0
3798.354	4.92	246.091	0.285	0.233	0.016	0.0	0.0	4583480.057	1.0
3799.354	4.906	246.091	0.285	0.233	0.016	0.0	0.0	4583480.073	1.0
3800.354	4.893	246.091	0.285	0.233	0.016	0.0	0.0	4583480.089	1.0
3801.354	4.879	246.091	0.285	0.233	0.016	0.0	0.0	4583480.105	1.0
3802.354	4.866	246.091	0.285	0.233	0.016	0.0	0.0	4583480.121	1.0
3803.354	4.852	246.091	0.285	0.233	0.016	0.0	0.0	4583480.137	1.0
3804.354	4.838	246.091	0.285	0.233	0.016	0.0	0.0	4583480.152	1.0
3805.354	4.825	246.091	0.285	0.233	0.016	0.0	0.0	4583480.168	1.0
3806.354	4.811	246.091	0.285	0.233	0.016	0.0	0.0	4583480.184	1.0
3807.354	4.798	246.091	0.285	0.233	0.016	0.0	0.0	4583480.2	1.0
3808.354	4.784	246.091	0.285	0.233	0.016	0.0	0.0	4583480.216	1.0
3809.354	4.771	246.091	0.285	0.233	0.016	0.0	0.0	4583480.232	1.0
3810.354	4.757	246.091	0.285	0.233	0.016	0.0	0.0	4583480.247	1.0
3811.354	4.744	246.091	0.285	0.233	0.016	0.0	0.0	4583480.263	1.0
3812.354	4.731	246.092	0.285	0.233	0.016	0.0	0.0	4583480.279	1.0
3813.354	4.717	246.092	0.285	0.233	0.016	0.0	0.0	4583480.295	1.0
3814.354	4.704	246.092	0.285	0.233	0.016	0.0	0.0	4583480.31	1.0
3815.354	4.69	246.092	0.285	0.233	0.016	0.0	0.0	4583480.326	1.0
3816.354	4.677	246.092	0.285	0.233	0.016	0.0	0.0	4583480.342	1.0
3817.354	4.664	246.092	0.285	0.233	0.016	0.0	0.0	4583480.357	1.0
3818.354	4.65	246.092	0.285	0.233	0.016	0.0	0.0	4583480.373	1.0
3819.354	4.637	246.092	0.285	0.233	0.016	0.0	0.0	4583480.388	1.0
3820.354	4.624	246.092	0.285	0.233	0.016	0.0	0.0	4583480.404	1.0
3821.354	4.61	246.092	0.285	0.233	0.016	0.0	0.0	4583480.419	1.0
3822.354	4.597	246.092	0.285	0.233	0.015	0.0	0.0	4583480.435	1.0
3823.354	4.584	246.092	0.285	0.233	0.015	0.0	0.0	4583480.45	1.0
3824.354	4.57	246.092	0.285	0.233	0.015	0.0	0.0	4583480.466	1.0
3825.354	4.557	246.092	0.285	0.233	0.015	0.0	0.0	4583480.481	1.0
3826.354	4.544	246.092	0.285	0.233	0.015	0.0	0.0	4583480.497	1.0
3827.354	4.531	246.092	0.285	0.233	0.015	0.0	0.0	4583480.512	1.0
3828.354	4.517	246.092	0.285	0.233	0.015	0.0	0.0	4583480.527	1.0
3829.354	4.504	246.093	0.285	0.233	0.015	0.0	0.0	4583480.543	1.0
3830.354	4.491	246.093	0.285	0.233	0.015	0.0	0.0	4583480.558	1.0
3831.354	4.478	246.093	0.285	0.233	0.015	0.0	0.0	4583480.573	1.0
3832.354	4.465	246.093	0.285	0.233	0.015	0.0	0.0	4583480.588	1.0
3833.354	4.451	246.093	0.285	0.233	0.015	0.0	0.0	4583480.604	1.0
3834.354	4.438	246.093	0.285	0.233	0.015	0.0	0.0	4583480.619	1.0
3835.354	4.425	246.093	0.285	0.233	0.015	0.0	0.0	4583480.634	1.0
3836.354	4.412	246.093	0.285	0.233	0.015	0.0	0.0	4583480.649	1.0
3837.354	4.399	246.093	0.285	0.233	0.015	0.0	0.0	4583480.664	1.0
3838.354	4.386	246.093	0.285	0.233	0.015	0.0	0.0	4583480.679	1.0
3839.354	4.373	246.093	0.285	0.233	0.015	0.0	0.0	4583480.694	1.0
3840.354	4.359	246.093	0.285	0.233	0.015	0.0	0.0	4583480.71	1.0
3841.354	4.346	246.093	0.285	0.233	0.015	0.0	0.0	4583480.725	1.0
3842.354	4.333	246.093	0.285	0.233	0.015	0.0	0.0	4583480.74	1.0
3843.354	4.32	246.093	0.285	0.233	0.015	0.0	0.0	4583480.755	1.0
3844.354	4.307	246.093	0.285	0.233	0.015	0.0	0.0	4583480.77	1.0
3845.354	4.294	246.094	0.285	0.233	0.015	0.0	0.0	4583480.785	1.0
3846.354	4.281	246.094	0.285	0.233	0.015	0.0	0.0	4583480.799	1.0
3847.354	4.268	246.094	0.285	0.233	0.015	0.0	0.0	4583480.814	1.0
3848.354	4.255	246.094	0.285	0.233	0.015	0.0	0.0	4583480.829	1.0
3849.354	4.242	246.094	0.285	0.233	0.015	0.0	0.0	4583480.844	1.0
3850.354	4.229	246.094	0.285	0.233	0.015	0.0	0.0	4583480.859	1.0
3851.354	4.216	246.094	0.285	0.233	0.015	0.0	0.0	4583480.874	1.0
3852.354	4.203	246.094	0.285	0.233	0.015	0.0	0.0	4583480.889	1.0
3853.354	4.19	246.094	0.285	0.233	0.015	0.0	0.0	4583480.903	1.0
3854.354	4.178	246.094	0.285	0.233	0.015	0.0	0.0	4583480.918	1.0
3855.354	4.165	246.094	0.285	0.233	0.015	0.0	0.0	4583480.933	1.0
3856.354	4.152	246.094	0.285	0.233	0.015	0.0	0.0	4583480.948	1.0
3857.354	4.139	246.094	0.285	0.233	0.015	0.0	0.0	4583480.962	1.0
3858.354	4.126	246.094	0.285	0.233	0.015	0.0	0.0	4583480.977	1.0
3859.354	4.113	246.094	0.285	0.233	0.015	0.0	0.0	4583480.992	1.0
3860.354	4.1	246.094	0.285	0.233	0.015	0.0	0.0	4583481.006	1.0
3861.354	4.087	246.094	0.285	0.233	0.015	0.0	0.0	4583481.021	1.0
3862.354	4.075	246.095	0.285	0.233	0.015	0.0	0.0	4583481.035	1.0
3863.354	4.062	246.095	0.285	0.233	0.015	0.0	0.0	4583481.05	1.0
3864.354	4.049	246.095	0.285	0.233	0.015	0.0	0.0	4583481.064	1.0
3865.354	4.036	246.095	0.285	0.233	0.015	0.0	0.0	4583481.079	1.0
3866.354	4.023	246.095	0.285	0.233	0.015	0.0	0.0	4583481.094	1.0
3867.354	4.011	246.095	0.285	0.233	0.014	0.0	0.0	4583481.108	1.0
3868.354	3.998	246.095	0.285	0.233	0.014	0.0	0.0	4583481.122	1.0
3869.354	3.985	246.095	0.285	0.233	0.014	0.0	0.0	4583481.137	1.0
3870.354	3.972	246.095	0.285	0.233	0.014	0.0	0.0	4583481.151	1.0
3871.354	3.96	246.095	0.285	0.233	0.014	0.0	0.0	4583481.166	1.0
3872.354	3.947	246.095	0.285	0.233	0.014	0.0	0.0	4583481.18	1.0
3873.354	3.934	246.095	0.285	0.233	0.014	0.0	0.0	4583481.194	1.0
3874.354	3.922	246.095	0.285	0.233	0.014	0.0	0.0	4583481.209	1.0
3875.354	3.909	246.095	0.285	0.233	0.014	0.0	0.0	4583481.223	1.0
3876.354	3.896	246.095	0.285	0.233	0.014	0.0	0.0	4583481.237	1.0
3877.354	3.884	246.095	0.285	0.233	0.014	0.0	0.0	4583481.252	1.0
3878.354	3.871	246.095	0.285	0.233	0.014	0.0	0.0	4583481.266	1.0
3879.354	3.858	246.096	0.285	0.233	0.014	0.0	0.0	4583481.28	1.0
3880.354	3.846	246.096	0.285	0.233	0.014	0.0	0.0	4583481.294	1.0
3881.354	3.833	246.096	0.285	0.233	0.014	0.0	0.0	4583481.309	1.0
3882.354	3.821	246.096	0.285	0.233	0.014	0.0	0.0	4583481.323	1.0
3883.354	3.808	246.096	0.285	0.233	0.014	0.0	0.0	4583481.337	1.0
3884.354	3.795	246.096	0.285	0.233	0.014	0.0	0.0	4583481.351	1.0
3885.354	3.783	246.096	0.285	0.233	0.014	0.0	0.0	4583481.365	1.0
3886.354	3.77	246.096	0.285	0.233	0.014	0.0	0.0	4583481.379	1.0
3887.354	3.758	246.096	0.285	0.233	0.014	0.0	0.0	4583481.393	1.0
3888.354	3.745	246.096	0.285	0.233	0.014	0.0	0.0	4583481.407	1.0
3889.354	3.733	246.096	0.285	0.233	0.014	0.0	0.0	4583481.421	1.0
3890.354	3.72	246.096	0.285	0.233	0.014	0.0	0.0	4583481.435	1.0
3891.354	3.708	246.096	0.285	0.233	0.014	0.0	0.0	4583481.449	1.0
3892.354	3.695	246.096	0.285	0.233	0.014	0.0	0.0	4583481.463	1.0
3893.354	3.683	246.096	0.285	0.233	0.014	0.0	0.0	4583481.477	1.0
3894.354	3.67	246.096	0.285	0.233	0.014	0.0	0.0	4583481.491	1.0
3895.354	3.658	246.096	0.285	0.233	0.014	0.0	0.0	4583481.505	1.0
3896.354	3.645	246.096	0.285	0.233	0.014	0.0	0.0	4583481.519	1.0
3897.354	3.633	246.097	0.285	0.233	0.014	0.0	0.0	4583481.533	1.0
3898.354	3.621	246.097	0.285	0.233	0.014	0.0	0.0	4583481.547	1.0
3899.354	3.608	246.097	0.285	0.233	0.014	0.0	0.0	4583481.561	1.0
3900.354	3.596	246.097	0.285	0.233	0.014	0.0	0.0	4583481.574	1.0
3901.354	3.583	246.097	0.285	0.233	0.014	0.0	0.0	4583481.588	1.0
3902.354	3.571	246.097	0.285	0.233	0.014	0.0	0.0	4583481.602	1.0
3903.354	3.559	246.097	0.285	0.233	0.014	0.0	0.0	4583481.616	1.0
3904.354	3.546	246.097	0.285	0.233	0.014	0.0	0.0	4583481.63	1.0
3905.354	3.534	246.097	0.285	0.233	0.014	0.0	0.0	4583481.643	1.0
3906.354	3.522	246.097	0.285	0.233	0.014	0.0	0.0	4583481.657	1.0
3907.354	3.509	246.097	0.285	0.233	0.014	0.0	0.0	4583481.671	1.0
3908.354	3.497	246.097	0.285	0.233	0.014	0.0	0.0	4583481.684	1.0
3909.354	3.485	246.097	0.285	0.233	0.014	0.0	0.0	4583481.698	1.0
3910.354	3.473	246.097	0.285	0.233	0.014	0.0	0.0	4583481.712	1.0
3911.354	3.46	246.097	0.285	0.233	0.014	0.0	0.0	4583481.725	1.0
3912.354	3.448	246.097	0.285	0.233	0.014	0.0	0.0	4583481.739	1.0
3913.354	3.436	246.097	0.285	0.233	0.014	0.0	0.0	4583481.752	1.0
3914.354	3.423	246.097	0.285	0.233	0.014	0.0	0.0	4583481.766	1.0
3915.354	3.411	246.098	0.285	0.233	0.014	0.0	0.0	4583481.779	1.0
3916.354	3.399	246.098	0.285	0.233	0.014	0.0	0.0	4583481.793	1.0
3917.354	3.387	246.098	0.285	0.233	0.014	0.0	0.0	4583481.806	1.0
3918.354	3.375	246.098	0.285	0.233	0.013	0.0	0.0	4583481.82	1.0
3919.354	3.362	246.098	0.285	0.233	0.013	0.0	0.0	4583481.833	1.0
3920.354	3.35	246.098	0.285	0.233	0.013	0.0	0.0	4583481.847	1.0
3921.354	3.338	246.098	0.285	0.233	0.013	0.0	0.0	4583481.86	1.0
3922.354	3.326	246.098	0.285	0.233	0.013	0.0	0.0	4583481.874	1.0
3923.354	3.314	246.098	0.285	0.233	0.013	0.0	0.0	4583481.887	1.0
3924.354	3.302	246.098	0.285	0.233	0.013	0.0	0.0	4583481.9	1.0
3925.354	3.289	246.098	0.285	0.233	0.013	0.0	0.0	4583481.914	1.0
3926.354	3.277	246.098	0.285	0.233	0.013	0.0	0.0	4583481.927	1.0
3927.354	3.265	246.098	0.285	0.233	0.013	0.0	0.0	4583481.94	1.0
3928.354	3.253	246.098	0.285	0.233	0.013	0.0	0.0	4583481.954	1.0
3929.354	3.241	246.098	0.285	0.233	0.013	0.0	0.0	4583481.967	1.0
3930.354	3.229	246.098	0.285	0.233	0.013	0.0	0.0	4583481.98	1.0
3931.354	3.217	246.098	0.285	0.233	0.013	0.0	0.0	4583481.994	1.0
3932.354	3.205	246.098	0.285	0.233	0.013	0.0	0.0	4583482.007	1.0
3933.354	3.193	246.098	0.285	0.233	0.013	0.0	0.0	4583482.02	1.0
3934.354	3.181	246.099	0.285	0.233	0.013	0.0	0.0	4583482.033	1.0
3935.354	3.169	246.099	0.285	0.233	0.013	0.0	0.0	4583482.046	1.0
3936.354	3.157	246.099	0.285	0.233	0.013	0.0	0.0	4583482.06	1.0
3937.354	3.145	246.099	0.285	0.233	0.013	0.0	0.0	4583482.073	1.0
3938.354	3.133	246.099	0.285	0.233	0.013	0.0	0.0	4583482.086	1.0
3939.354	3.121	246.099	0.285	0.233	0.013	0.0	0.0	4583482.099	1.0
3940.354	3.109	246.099	0.285	0.233	0.013	0.0	0.0	4583482.112	1.0
3941.354	3.097	246.099	0.285	0.233	0.013	0.0	0.0	4583482.125	1.0
3942.354	3.085	246.099	0.285	0.233	0.013	0.0	0.0	4583482.138	1.0
3943.354	3.073	246.099	0.285	0.233	0.013	0.0	0.0	4583482.151	1.0
3944.354	3.061	246.099	0.285	0.233	0.013	0.0	0.0	4583482.164	1.0
3945.354	3.049	246.099	0.285	0.233	0.013	0.0	0.0	4583482.177	1.0
3946.354	3.037	246.099	0.285	0.233	0.013	0.0	0.0	4583482.19	1.0
3947.354	3.025	246.099	0.285	0.233	0.013	0.0	0.0	4583482.203	1.0
3948.354	3.013	246.099	0.285	0.233	0.013	0.0	0.0	4583482.216	1.0
3949.354	3.002	246.099	0.285	0.233	0.013	0.0	0.0	4583482.229	1.0
3950.354	2.99	246.099	0.285	0.233	0.013	0.0	0.0	4583482.242	1.0
3951.354	2.978	246.099	0.285	0.233	0.013	0.0	0.0	4583482.255	1.0
3952.354	2.966	246.099	0.285	0.233	0.013	0.0	0.0	4583482.268	1.0
3953.354	2.954	246.1	0.285	0.233	0.013	0.0	0.0	4583482.281	1.0
3954.354	2.942	246.1	0.285	0.233	0.013	0.0	0.0	4583482.293	1.0
3955.354	2.93	246.1	0.285	0.233	0.013	0.0	0.0	4583482.306	1.0
3956.354	2.919	246.1	0.285	0.233	0.013	0.0	0.0	4583482.319	1.0
3957.354	2.907	246.1	0.285	0.233	0.013	0.0	0.0	4583482.332	1.0
3958.354	2.895	246.1	0.285	0.233	0.013	0.0	0.0	4583482.345	1.0
3959.354	2.883	246.1	0.285	0.233	0.013	0.0	0.0	4583482.357	1.0
3960.354	2.871	246.1	0.285	0.233	0.013	0.0	0.0	4583482.37	1.0
3961.354	2.86	246.1	0.285	0.233	0.013	0.0	0.0	4583482.383	1.0
3962.354	2.848	246.1	0.285	0.233	0.013	0.0	0.0	4583482.396	1.0
3963.354	2.836	246.1	0.285	0.233	0.013	0.0	0.0	4583482.408	1.0
3964.354	2.824	246.1	0.285	0.233	0.013	0.0	0.0	4583482.421	1.0
3965.354	2.813	246.1	0.285	0.233	0.013	0.0	0.0	4583482.434	1.0
3966.354	2.801	246.1	0.285	0.233	0.013	0.0	0.0	4583482.446	1.0
3967.354	2.789	246.1	0.285	0.233	0.013	0.0	0.0	4583482.459	1.0
3968.354	2.778	246.1	0.285	0.233	0.013	0.0	0.0	4583482.472	1.0
3969.354	2.766	246.1	0.285	0.233	0.013	0.0	0.0	4583482.484	1.0
3970.354	2.754	246.1	0.285	0.233	0.013	0.0	0.0	4583482.497	1.0
3971.354	2.743	246.1	0.285	0.233	0.013	0.0	0.0	4583482.509	1.0
3972.354	2.731	246.1	0.285	0.233	0.013	0.0	0.0	4583482.522	1.0
3973.354	2.719	246.101	0.285	0.233	0.013	0.0	0.0	4583482.535	1.0
3974.354	2.708	246.101	0.285	0.233	0.013	0.0	0.0	4583482.547	1.0
3975.354	2.696	246.101	0.285	0.233	0.013	0.0	0.0	4583482.56	1.0
3976.354	2.684	246.101	0.285	0.233	0.012	0.0	0.0	4583482.572	1.0
3977.354	2.673	246.101	0.285	0.233	0.012	0.0	0.0	4583482.585	1.0
3978.354	2.661	246.101	0.285	0.233	0.012	0.0	0.0	4583482.597	1.0
3979.354	2.65	246.101	0.285	0.233	0.012	0.0	0.0	4583482.609	1.0
3980.354	2.638	246.101	0.285	0.233	0.012	0.0	0.0	4583482.622	1.0
3981.354	2.627	246.101	0.285	0.233	0.012	0.0	0.0	4583482.634	1.0
3982.354	2.615	246.101	0.285	0.233	0.012	0.0	0.0	4583482.647	1.0
3983.354	2.603	246.101	0.285	0.233	0.012	0.0	0.0	4583482.659	1.0
3984.354	2.592	246.101	0.285	0.233	0.012	0.0	0.0	4583482.671	1.0
3985.354	2.58	246.101	0.285	0.233	0.012	0.0	0.0	4583482.684	1.0
3986.354	2.569	246.101	0.285	0.233	0.012	0.0	0.0	4583482.696	1.0
3987.354	2.557	246.101	0.285	0.233	0.012	0.0	0.0	4583482.708	1.0
3988.354	2.546	246.101	0.285	0.233	0.012	0.0	0.0	4583482.721	1.0
3989.354	2.534	246.101	0.285	0.233	0.012	0.0	0.0	4583482.733	1.0
3990.354	2.523	246.101	0.285	0.233	0.012	0.0	0.0	4583482.745	1.0
3991.354	2.511	246.101	0.285	0.233	0.012	0.0	0.0	4583482.758	1.0
3992.354	2.5	246.101	0.285	0.233	0.012	0.0	0.0	4583482.77	1.0
3993.354	2.488	246.102	0.285	0.233	0.012	0.0	0.0	4583482.782	1.0
3994.354	2.477	246.102	0.285	0.233	0.012	0.0	0.0	4583482.794	1.0
3995.354	2.466	246.102	0.285	0.233	0.012	0.0	0.0	4583482.806	1.0
3996.354	2.454	246.102	0.285	0.233	0.012	0.0	0.0	4583482.819	1.0
3997.354	2.443	246.102	0.285	0.233	0.012	0.0	0.0	4583482.831	1.0
3998.354	2.431	246.102	0.285	0.233	0.012	0.0	0.0	4583482.843	1.0
3999.354	2.42	246.102	0.285	0.233	0.012	0.0	0.0	4583482.855	1.0
4000.354	2.409	246.102	0.285	0.233	0.012	0.0	0.0	4583482.867	1.0
4001.354	2.397	246.102	0.285	0.233	0.012	0.0	0.0	4583482.879	1.0
4002.354	2.386	246.102	0.285	0.233	0.012	0.0	0.0	4583482.891	1.0
4003.354	2.374	246.102	0.285	0.233	0.012	0.0	0.0	4583482.903	1.0
4004.354	2.363	246.102	0.285	0.233	0.012	0.0	0.0	4583482.916	1.0
4005.354	2.352	246.102	0.285	0.233	0.012	0.0	0.0	4583482.928	1.0
4006.354	2.34	246.102	0.285	0.233	0.012	0.0	0.0	4583482.94	1.0
4007.354	2.329	246.102	0.285	0.233	0.012	0.0	0.0	4583482.952	1.0
4008.354	2.318	246.102	0.285	0.233	0.012	0.0	0.0	4583482.964	1.0
4009.354	2.306	246.102	0.285	0.233	0.012	0.0	0.0	4583482.976	1.0
4010.354	2.295	246.102	0.285	0.233	0.012	0.0	0.0	4583482.988	1.0
4011.354	2.284	246.102	0.285	0.233	0.012	0.0	0.0	4583483.0	1.0
4012.354	2.273	246.102	0.285	0.233	0.012	0.0	0.0	4583483.012	1.0
4013.354	2.261	246.102	0.285	0.233	0.012	0.0	0.0	4583483.023	1.0
4014.354	2.25	246.103	0.285	0.233	0.012	0.0	0.0	4583483.035	1.0
4015.354	2.239	246.103	0.285	0.233	0.012	0.0	0.0	4583483.047	1.0
4016.354	2.228	246.103	0.285	0.233	0.012	0.0	0.0	4583483.059	1.0
4017.354	2.216	246.103	0.285	0.233	0.012	0.0	0.0	4583483.071	1.0
4018.354	2.205	246.103	0.285	0.233	0.012	0.0	0.0	4583483.083	1.0
4019.354	2.194	246.103	0.285	0.233	0.012	0.0	0.0	4583483.095	1.0
4020.354	2.183	246.103	0.285	0.233	0.012	0.0	0.0	4583483.107	1.0
4021.354	2.171	246.103	0.285	0.233	0.012	0.0	0.0	4583483.118	1.0
4022.354	2.16	246.103	0.285	0.233	0.012	0.0	0.0	4583483.13	1.0
4023.354	2.149	246.103	0.285	0.233	0.012	0.0	0.0	4583483.142	1.0
4024.354	2.138	246.103	0.285	0.233	0.012	0.0	0.0	4583483.154	1.0
4025.354	2.127	246.103	0.285	0.233	0.012	0.0	0.0	4583483.165	1.0
4026.354	2.116	246.103	0.285	0.233	0.012	0.0	0.0	4583483.177	1.0
4027.354	2.105	246.103	0.285	0.233	0.012	0.0	0.0	4583483.189	1.0
4028.354	2.093	246.103	0.285	0.233	0.012	0.0	0.0	4583483.201	1.0
4029.354	2.082	246.103	0.285	0.233	0.012	0.0	0.0	4583483.212	1.0
4030.354	2.071	246.103	0.285	0.233	0.012	0.0	0.0	4583483.224	1.0
4031.354	2.06	246.103	0.285	0.233	0.012	0.0	0.0	4583483.236	1.0
4032.354	2.049	246.103	0.285	0.233	0.012	0.0	0.0	4583483.247	1.0
4033.354	2.038	246.103	0.285	0.233	0.012	0.0	0.0	4583483.259	1.0
4034.354	2.027	246.103	0.285	0.233	0.012	0.0	0.0	4583483.271	1.0
4035.354	2.016	246.104	0.285	0.233	0.012	0.0	0.0	4583483.282	1.0
4036.354	2.005	246.104	0.285	0.233	0.012	0.0	0.0	4583483.294	1.0
4037.354	1.994	246.104	0.285	0.233	0.012	0.0	0.0	4583483.305	1.0
4038.354	1.983	246.104	0.285	0.233	0.012	0.0	0.0	4583483.317	1.0
4039.354	1.972	246.104	0.285	0.233	0.012	0.0	0.0	4583483.329	1.0
4040.354	1.961	246.104	0.285	0.233	0.012	0.0	0.0	4583483.34	1.0
4041.354	1.949	246.104	0.285	0.233	0.012	0.0	0.0	4583483.352	1.0
4042.354	1.938	246.104	0.285	0.233	0.012	0.0	0.0	4583483.363	1.0
4043.354	1.927	246.104	0.285	0.233	0.012	0.0	0.0	4583483.375	1.0
4044.354	1.917	246.104	0.285	0.233	0.011	0.0	0.0	4583483.386	1.0
4045.354	1.906	246.104	0.285	0.233	0.011	0.0	0.0	4583483.398	1.0
4046.354	1.895	246.104	0.285	0.233	0.011	0.0	0.0	4583483.409	1.0
4047.354	1.884	246.104	0.285	0.233	0.011	0.0	0.0	4583483.421	1.0
4048.354	1.873	246.104	0.285	0.233	0.011	0.0	0.0	4583483.432	1.0
4049.354	1.862	246.104	0.285	0.233	0.011	0.0	0.0	4583483.444	1.0
4050.354	1.851	246.104	0.285	0.233	0.011	0.0	0.0	4583483.455	1.0
4051.354	1.84	246.104	0.285	0.233	0.011	0.0	0.0	4583483.466	1.0
4052.354	1.829	246.104	0.285	0.233	0.011	0.0	0.0	4583483.478	1.0
4053.354	1.818	246.104	0.285	0.233	0.011	0.0	0.0	4583483.489	1.0
4054.354	1.807	246.104	0.285	0.233	0.011	0.0	0.0	4583483.5	1.0
4055.354	1.796	246.104	0.285	0.233	0.011	0.0	0.0	4583483.512	1.0
4056.354	1.785	246.104	0.285	0.233	0.011	0.0	0.0	4583483.523	1.0
4057.354	1.774	246.105	0.285	0.233	0.011	0.0	0.0	4583483.534	1.0
4058.354	1.764	246.105	0.285	0.233	0.011	0.0	0.0	4583483.546	1.0
4059.354	1.753	246.105	0.285	0.233	0.011	0.0	0.0	4583483.557	1.0
4060.354	1.742	246.105	0.285	0.233	0.011	0.0	0.0	4583483.568	1.0
4061.354	1.731	246.105	0.285	0.233	0.011	0.0	0.0	4583483.58	1.0
4062.354	1.72	246.105	0.285	0.233	0.011	0.0	0.0	4583483.591	1.0
4063.354	1.709	246.105	0.285	0.233	0.011	0.0	0.0	4583483.602	1.0
4064.354	1.699	246.105	0.285	0.233	0.011	0.0	0.0	4583483.613	1.0
4065.354	1.688	246.105	0.285	0.233	0.011	0.0	0.0	4583483.625	1.0
4066.354	1.677	246.105	0.285	0.233	0.011	0.0	0.0	4583483.636	1.0
4067.354	1.666	246.105	0.285	0.233	0.011	0.0	0.0	4583483.647	1.0
4068.354	1.655	246.105	0.285	0.233	0.011	0.0	0.0	4583483.658	1.0
4069.354	1.645	246.105	0.285	0.233	0.011	0.0	0.0	4583483.669	1.0
4070.354	1.634	246.105	0.285	0.233	0.011	0.0	0.0	4583483.68	1.0
4071.354	1.623	246.105	0.285	0.233	0.011	0.0	0.0	4583483.692	1.0
4072.354	1.612	246.105	0.285	0.233	0.011	0.0	0.0	4583483.703	1.0
4073.354	1.602	246.105	0.285	0.233	0.011	0.0	0.0	4583483.714	1.0
4074.354	1.591	246.105	0.285	0.233	0.011	0.0	0.0	4583483.725	1.0
4075.354	1.58	246.105	0.285	0.233	0.011	0.0	0.0	4583483.736	1.0
4076.354	1.57	246.105	0.285	0.233	0.011	0.0	0.0	4583483.747	1.0
4077.354	1.559	246.105	0.285	0.233	0.011	0.0	0.0	4583483.758	1.0
4078.354	1.548	246.105	0.285	0.233	0.011	0.0	0.0	4583483.769	1.0
4079.354	1.537	246.106	0.285	0.233	0.011	0.0	0.0	4583483.78	1.0
4080.354	1.527	246.106	0.285	0.233	0.011	0.0	0.0	4583483.791	1.0
4081.354	1.516	246.106	0.285	0.233	0.011	0.0	0.0	4583483.802	1.0
4082.354	1.505	246.106	0.285	0.233	0.011	0.0	0.0	4583483.813	1.0
4083.354	1.495	246.106	0.285	0.233	0.011	0.0	0.0	4583483.824	1.0
4084.354	1.484	246.106	0.285	0.233	0.011	0.0	0.0	4583483.835	1.0
4085.354	1.474	246.106	0.285	0.233	0.011	0.0	0.0	4583483.846	1.0
4086.354	1.463	246.106	0.285	0.233	0.011	0.0	0.0	4583483.857	1.0
4087.354	1.452	246.106	0.285	0.233	0.011	0.0	0.0	4583483.868	1.0
4088.354	1.442	246.106	0.285	0.233	0.011	0.0	0.0	4583483.879	1.0
4089.354	1.431	246.106	0.285	0.233	0.011	0.0	0.0	4583483.89	1.0
4090.354	1.421	246.106	0.285	0.233	0.011	0.0	0.0	4583483.901	1.0
4091.354	1.41	246.106	0.285	0.233	0.011	0.0	0.0	4583483.912	1.0
4092.354	1.399	246.106	0.285	0.233	0.011	0.0	0.0	4583483.923	1.0
4093.354	1.389	246.106	0.285	0.233	0.011	0.0	0.0	4583483.933	1.0
4094.354	1.378	246.106	0.285	0.233	0.011	0.0	0.0	4583483.944	1.0
4095.354	1.368	246.106	0.285	0.233	0.011	0.0	0.0	4583483.955	1.0
4096.354	1.357	246.106	0.285	0.233	0.011	0.0	0.0	4583483.966	1.0
4097.354	1.347	246.106	0.285	0.233	0.011	0.0	0.0	4583483.977	1.0
4098.354	1.336	246.106	0.285	0.233	0.011	0.0	0.0	4583483.988	1.0
4099.354	1.326	246.106	0.285	0.233	0.011	0.0	0.0	4583483.998	1.0
4100.354	1.315	246.106	0.285	0.233	0.011	0.0	0.0	4583484.009	1.0
4101.354	1.305	246.106	0.285	0.233	0.011	0.0	0.0	4583484.02	1.0
4102.354	1.294	246.107	0.285	0.233	0.011	0.0	0.0	4583484.031	1.0
4103.354	1.284	246.107	0.285	0.233	0.011	0.0	0.0	4583484.041	1.0
4104.354	1.273	246.107	0.285	0.233	0.011	0.0	0.0	4583484.052	1.0
4105.354	1.263	246.107	0.285	0.233	0.011	0.0	0.0	4583484.063	1.0
4106.354	1.252	246.107	0.285	0.233	0.011	0.0	0.0	4583484.074	1.0
4107.354	1.242	246.107	0.285	0.233	0.011	0.0	0.0	4583484.084	1.0
4108.354	1.231	246.107	0.285	0.233	0.011	0.0	0.0	4583484.095	1.0
4109.354	1.221	246.107	0.285	0.233	0.011	0.0	0.0	4583484.106	1.0
4110.354	1.211	246.107	0.285	0.233	0.011	0.0	0.0	4583484.116	1.0
4111.354	1.2	246.107	0.285	0.233	0.011	0.0	0.0	4583484.127	1.0
4112.354	1.19	246.107	0.285	0.233	0.011	0.0	0.0	4583484.138	1.0
4113.354	1.179	246.107	0.285	0.233	0.011	0.0	0.0	4583484.148	1.0
4114.354	1.169	246.107	0.285	0.233	0.011	0.0	0.0	4583484.159	1.0
4115.354	1.159	246.107	0.285	0.233	0.011	0.0	0.0	4583484.169	1.0
4116.354	1.148	246.107	0.285	0.233	0.011	0.0	0.0	4583484.18	1.0
4117.354	1.138	246.107	0.285	0.233	0.011	0.0	0.0	4583484.191	1.0
4118.354	1.128	246.107	0.285	0.233	0.011	0.0	0.0	4583484.201	1.0
4119.354	1.117	246.107	0.285	0.233	0.011	0.0	0.0	4583484.212	1.0
4120.354	1.107	246.107	0.285	0.233	0.011	0.0	0.0	4583484.222	1.0
4121.354	1.097	246.107	0.285	0.233	0.011	0.0	0.0	4583484.233	1.0
4122.354	1.086	246.107	0.285	0.233	0.011	0.0	0.0	4583484.243	1.0
4123.354	1.076	246.107	0.285	0.233	0.011	0.0	0.0	4583484.254	1.0
4124.354	1.066	246.107	0.285	0.233	0.01	0.0	0.0	4583484.264	1.0
4125.354	1.055	246.107	0.285	0.233	0.01	0.0	0.0	4583484.275	1.0
4126.354	1.045	246.108	0.285	0.233	0.01	0.0	0.0	4583484.285	1.0
4127.354	1.035	246.108	0.285	0.233	0.01	0.0	0.0	4583484.296	1.0
4128.354	1.025	246.108	0.285	0.233	0.01	0.0	0.0	4583484.306	1.0
4129.354	1.014	246.108	0.285	0.233	0.01	0.0	0.0	4583484.317	1.0
4130.354	1.004	246.108	0.285	0.233	0.01	0.0	0.0	4583484.327	1.0
4131.354	0.994	246.108	0.285	0.233	0.01	0.0	0.0	4583484.338	1.0
4132.354	0.984	246.108	0.285	0.233	0.01	0.0	0.0	4583484.348	1.0
4133.354	0.973	246.108	0.285	0.233	0.01	0.0	0.0	4583484.358	1.0
4134.354	0.963	246.108	0.285	0.233	0.01	0.0	0.0	4583484.369	1.0
4135.354	0.953	246.108	0.285	0.233	0.01	0.0	0.0	4583484.379	1.0
