#_______________________________________________________________________________
#    ######   ####     ##             #####   #####     ##    #    #    ## 
#    #       #        #  #            #    #  #    #   #  #   ##  ##   #  #
#    #####    ####   ######           #    #  #####   ######  # ## #  ######
#    #            #  #    #           #    #  #    #  #    #  #    #  #    #
#____######__#####___#____#___________#####___#____#__#____#__#____#__#____#____
#
#              ESA Debris Risk Assessment and Mitigation Analysis
#
#                      ---- DRAMA ( SESAM 2.1.5 ) ----
#                                      ESA 2018
#
#                              aerothermal history file
#-------------------------------------------------------------------------------
# Filename      : PySara.SADM2.5feabfca-0490-48e9-91dc-79fdc5a134a5_AeroThermalHistory.txt
# RunID         : PySara
# ObjectID      : 5feabfca-0490-48e9-91dc-79fdc5a134a5
# ObjectName    : SADM2
# ReferenceArea : 0.04095 [m^2]
# Content       : This file contains the aerothermal data of the object,
#                 computed by the DRAMA 3 Re-entry Analysis.
# Documentation : DRAMA Software User Manual, section OPERATIONS MANUAL / Normal operation / SARA / SARA Simulation Output / Re-entry simulation output
# Note          : The convective heat and the integrated heat values in this file take into account the visibility factor
#
#-------------------------------------------------------------------------------------------------------------------------------------------------------------------
#  Time [s]  Altitude [km]   Temp [K]   Mass [kg]   Thick [mm]  Convective Heat [W]  Radiative Heat [W]  Oxidation Heat [W]  Integrated Heat [J] VisibilityFactor [-]
#-------------------------------------------------------------------------------------------------------------------------------------------------------------------
  1746.100          93.024    300.000       2.492       4.109            13525.213               0.000               0.000                0.000   1.00000 
  1746.200          93.017    300.615       2.492       4.109            13537.868               0.000               0.000             1353.787   1.00000 
  1746.650          92.987    303.396       2.492       4.109            13596.748               0.000               0.000             7472.324   1.00000 
  1747.650          92.921    309.629       2.492       4.109            13732.502               0.000               0.000            21204.826   1.00000 
  1748.650          92.854    315.909       2.492       4.109            13879.495               0.000               0.000            35084.321   1.00000 
  1749.650          92.788    322.237       2.492       4.109            14027.751               0.000               0.000            49112.072   1.00000 
  1750.650          92.721    328.613       2.492       4.109            14177.275               0.000               0.000            63289.347   1.00000 
  1751.650          92.654    335.036       2.492       4.109            14328.071               0.000               0.000            77617.418   1.00000 
  1752.650          92.586    341.506       2.492       4.109            14480.143               0.000               0.000            92097.561   1.00000 
  1753.650          92.519    348.025       2.492       4.109            14633.495               0.000               0.000           106731.056   1.00000 
  1754.650          92.451    354.591       2.492       4.109            14788.130               0.000               0.000           121519.186   1.00000 
  1755.650          92.383    361.203       2.492       4.109            14944.053               0.000               0.000           136463.239   1.00000 
  1756.650          92.315    367.858       2.492       4.109            15101.267               0.000               0.000           151564.506   1.00000 
  1757.650          92.247    374.556       2.492       4.109            15259.774               0.000               0.000           166824.280   1.00000 
  1758.650          92.179    381.296       2.492       4.109            15419.579               0.000               0.000           182243.858   1.00000 
  1759.650          92.110    388.073       2.492       4.109            15580.684               0.000               0.000           197824.542   1.00000 
  1760.650          92.042    394.887       2.492       4.109            15743.092               0.000               0.000           213567.634   1.00000 
  1761.650          91.973    401.738       2.492       4.109            15906.806               0.000               0.000           229474.440   1.00000 
  1762.650          91.904    408.623       2.492       4.109            16071.829               0.000               0.000           245546.269   1.00000 
  1763.650          91.834    415.543       2.492       4.109            16238.163               0.000               0.000           261784.432   1.00000 
  1764.650          91.765    422.498       2.492       4.109            16405.810               0.000               0.000           278190.242   1.00000 
  1765.650          91.695    429.493       2.492       4.109            16574.772               0.000               0.000           294765.014   1.00000 
  1766.650          91.625    436.527       2.492       4.109            16745.052               0.000               0.000           311510.066   1.00000 
  1767.650          91.555    443.591       2.492       4.109            16916.651               0.000               0.000           328426.717   1.00000 
  1768.650          91.485    450.675       2.492       4.109            17089.570               0.000               0.000           345516.286   1.00000 
  1769.650          91.414    457.779       2.492       4.109            17263.811               0.000               0.000           362780.097   1.00000 
  1770.650          91.343    464.871       2.492       4.109            17439.375               0.000               0.000           380219.472   1.00000 
  1771.650          91.272    471.934       2.492       4.109            17616.263               0.000               0.000           397835.736   1.00000 
  1772.650          91.201    478.970       2.492       4.109            17794.476               0.000               0.000           415630.212   1.00000 
  1773.650          91.130    485.922       2.492       4.109            17974.014               0.000               0.000           433604.226   1.00000 
  1774.650          91.058    492.785       2.492       4.109            18154.878               0.000               0.000           451759.103   1.00000 
  1775.650          90.986    499.564       2.492       4.109            18337.067               0.000               0.000           470096.170   1.00000 
  1776.650          90.914    506.323       2.492       4.109            18520.581               0.000               0.000           488616.752   1.00000 
  1777.650          90.842    513.063       2.492       4.109            18705.421               0.000               0.000           507322.173   1.00000 
  1778.650          90.770    519.788       2.492       4.109            18891.585               0.000               0.000           526213.758   1.00000 
  1779.650          90.697    526.619       2.492       4.109            19079.073               0.000               0.000           545292.830   1.00000 
  1780.650          90.624    533.559       2.492       4.109            19267.882               0.000               0.000           564560.713   1.00000 
  1781.650          90.551    540.614       2.492       4.109            19458.013               0.000               0.000           584018.725   1.00000 
  1782.650          90.477    547.813       2.492       4.109            19649.463               0.000               0.000           603668.188   1.00000 
  1783.650          90.404    555.161       2.492       4.109            19842.230               0.000               0.000           623510.418   1.00000 
  1784.650          90.330    562.644       2.492       4.109            20036.311               0.000               0.000           643546.729   1.00000 
  1785.650          90.256    570.209       2.492       4.109            20231.705               0.000               0.000           663778.434   1.00000 
  1786.650          90.181    577.859       2.492       4.109            20428.409               0.000               0.000           684206.843   1.00000 
  1787.650          90.107    585.515       2.492       4.109            20626.419               0.000               0.000           704833.262   1.00000 
  1788.650          90.032    593.132       2.492       4.109            20825.731               0.000               0.000           725658.993   1.00000 
  1789.650          89.957    600.713       2.492       4.109            21026.342               0.000               0.000           746685.335   1.00000 
  1790.650          89.881    608.247       2.492       4.109            21228.251               0.000               0.000           767913.586   1.00000 
  1791.650          89.806    615.739       2.492       4.109            21431.458               0.000               0.000           789345.044   1.00000 
  1792.650          89.730    623.190       2.492       4.109            21635.966               0.000               0.000           810981.010   1.00000 
  1793.650          89.654    630.606       2.492       4.109            21841.775               0.000               0.000           832822.786   1.00000 
  1794.650          89.577    637.988       2.492       4.109            22048.888               0.000               0.000           854871.674   1.00000 
  1795.650          89.501    645.338       2.492       4.109            22257.305               0.000               0.000           877128.979   1.00000 
  1796.650          89.424    652.656       2.492       4.109            22467.028               0.000               0.000           899596.007   1.00000 
  1797.650          89.347    659.943       2.492       4.109            22678.059               0.000               0.000           922274.065   1.00000 
  1798.650          89.269    667.210       2.492       4.109            22890.398               0.000               0.000           945164.463   1.00000 
  1799.650          89.191    674.457       2.492       4.109            23104.048               0.000               0.000           968268.512   1.00000 
  1800.650          89.113    681.689       2.492       4.109            23319.010               0.000               0.000           991587.522   1.00000 
  1801.650          89.035    688.921       2.492       4.109            23535.286               0.000               0.000          1015122.808   1.00000 
  1802.650          88.957    696.154       2.492       4.109            23752.877               0.000               0.000          1038875.685   1.00000 
  1803.650          88.878    703.412       2.492       4.109            23971.784               0.000               0.000          1062847.469   1.00000 
  1804.650          88.799    710.728       2.492       4.109            24192.010               0.000               0.000          1087039.478   1.00000 
  1805.650          88.719    718.102       2.492       4.109            24413.555               0.000               0.000          1111453.033   1.00000 
  1806.650          88.639    725.772       2.492       4.109            24636.423               0.000               0.000          1136089.456   1.00000 
  1807.650          88.559    733.893       2.492       4.109            24860.614               0.000               0.000          1160950.070   1.00000 
  1808.650          88.479    742.497       2.492       4.109            25086.130               0.000               0.000          1186036.200   1.00000 
  1809.650          88.398    751.270       2.492       4.109            25312.974               0.000               0.000          1211349.174   1.00000 
  1810.650          88.317    760.220       2.492       4.109            25541.147               0.000               0.000          1236890.321   1.00000 
  1811.650          88.236    769.250       2.492       4.109            25770.651               0.000               0.000          1262660.972   1.00000 
  1812.650          88.155    778.335       2.492       4.109            26001.489               0.000               0.000          1288662.461   1.00000 
  1813.650          88.073    787.457       2.492       4.109            26233.663               0.000               0.000          1314896.124   1.00000 
  1814.650          87.991    796.603       2.492       4.109            26467.175               0.000               0.000          1341363.300   1.00000 
  1815.650          87.908    805.768       2.492       4.109            26702.028               0.000               0.000          1368065.327   1.00000 
  1816.650          87.825    814.952       2.492       4.109            26938.224               0.000               0.000          1395003.552   1.00000 
  1817.650          87.742    824.152       2.492       4.109            27175.766               0.000               0.000          1422179.318   1.00000 
  1818.650          87.659    833.365       2.492       4.109            27414.658               0.000               0.000          1449593.975   1.00000 
  1819.650          87.575    842.584       2.492       4.109            27654.901               0.000               0.000          1477248.876   1.00000 
  1820.650          87.491    850.000       2.480       4.089            27896.499               0.000               0.000          1505145.375   1.00000 
  1821.650          87.406    850.000       2.417       3.979            28139.424               0.000               0.000          1533284.800   1.00000 
  1822.650          87.321    850.000       2.352       3.869            28383.527               0.000               0.000          1561668.326   1.00000 
  1823.650          87.236    850.000       2.287       3.758            28628.773               0.000               0.000          1590297.099   1.00000 
  1824.650          87.151    850.000       2.222       3.646            28875.150               0.000               0.000          1619172.249   1.00000 
  1825.650          87.065    850.000       2.156       3.533            29122.642               0.000               0.000          1648294.892   1.00000 
  1826.650          86.979    850.000       2.089       3.420            29371.234               0.000               0.000          1677666.125   1.00000 
  1827.650          86.892    850.000       2.021       3.305            29620.907               0.000               0.000          1707287.033   1.00000 
  1828.650          86.805    850.000       1.953       3.190            29871.645               0.000               0.000          1737158.677   1.00000 
  1829.650          86.718    850.000       1.885       3.074            30123.428               0.000               0.000          1767282.105   1.00000 
  1830.650          86.630    850.000       1.815       2.958            30376.235               0.000               0.000          1797658.340   1.00000 
  1831.650          86.542    850.000       1.746       2.840            30630.044               0.000               0.000          1828288.383   1.00000 
  1832.650          86.453    850.000       1.675       2.722            30884.833               0.000               0.000          1859173.216   1.00000 
  1833.650          86.365    850.000       1.604       2.603            31140.575               0.000               0.000          1890313.791   1.00000 
  1834.650          86.275    850.000       1.532       2.483            31397.245               0.000               0.000          1921711.036   1.00000 
  1835.650          86.186    850.000       1.459       2.363            31654.814               0.000               0.000          1953365.850   1.00000 
  1836.650          86.096    850.000       1.386       2.242            31913.251               0.000               0.000          1985279.101   1.00000 
  1837.650          86.006    850.000       1.312       2.120            32172.522               0.000               0.000          2017451.623   1.00000 
  1838.650          85.915    850.000       1.238       1.997            32432.594               0.000               0.000          2049884.217   1.00000 
  1839.650          85.824    850.000       1.163       1.873            32693.427               0.000               0.000          2082577.644   1.00000 
  1840.650          85.732    850.000       1.087       1.749            32954.981               0.000               0.000          2115532.625   1.00000 
  1841.650          85.640    850.000       1.011       1.624            33217.211               0.000               0.000          2148749.835   1.00000 
  1842.650          85.548    850.000       0.934       1.498            33480.070               0.000               0.000          2182229.905   1.00000 
  1843.650          85.455    850.000       0.856       1.372            33743.506               0.000               0.000          2215973.411   1.00000 
  1844.650          85.361    850.000       0.778       1.244            34007.464               0.000               0.000          2249980.874   1.00000 
  1845.650          85.268    850.000       0.699       1.117            34271.882               0.000               0.000          2284252.757   1.00000 
  1846.650          85.174    850.000       0.619       0.988            34536.697               0.000               0.000          2318789.454   1.00000 
  1847.650          85.079    850.000       0.539       0.858            34801.836               0.000               0.000          2353591.290   1.00000 
  1848.650          84.984    850.000       0.458       0.728            35067.222               0.000               0.000          2388658.512   1.00000 
  1849.650          84.888    850.000       0.376       0.597            35332.770               0.000               0.000          2423991.282   1.00000 
  1850.650          84.793    850.000       0.294       0.466            35598.380               0.000               0.000          2459589.662   1.00000 
  1851.650          84.696    850.000       0.211       0.334            35863.940               0.000               0.000          2495453.602   1.00000 
  1852.650          84.599    850.000       0.127       0.201            36129.332               0.000               0.000          2531582.935   1.00000 
  1853.650          84.502    850.000       0.043       0.067            36394.424               0.000               0.000          2567977.359   1.00000 
  1854.650          84.404    850.000       0.000       0.000            36659.073               0.000               0.000          2604636.432   1.00000 
