#_______________________________________________________________________________
#    ######   ####     ##             #####   #####     ##    #    #    ## 
#    #       #        #  #            #    #  #    #   #  #   ##  ##   #  #
#    #####    ####   ######           #    #  #####   ######  # ## #  ######
#    #            #  #    #           #    #  #    #  #    #  #    #  #    #
#____######__#####___#____#___________#####___#____#__#____#__#____#__#____#____
#
#              ESA Debris Risk Assessment and Mitigation Analysis
#
#                      ---- DRAMA ( SESAM 2.1.5 ) ----
#                                      ESA 2018
#
#                              aerothermal history file
#-------------------------------------------------------------------------------
# Filename      : PySara.PLM.a8c52bba-8078-4fb0-94fe-07d876624d0a_AeroThermalHistory.txt
# RunID         : PySara
# ObjectID      : a8c52bba-8078-4fb0-94fe-07d876624d0a
# ObjectName    : PLM
# ReferenceArea : 1.06872 [m^2]
# Content       : This file contains the aerothermal data of the object,
#                 computed by the DRAMA 3 Re-entry Analysis.
# Documentation : DRAMA Software User Manual, section OPERATIONS MANUAL / Normal operation / SARA / SARA Simulation Output / Re-entry simulation output
# Note          : The convective heat and the integrated heat values in this file take into account the visibility factor
#
#-------------------------------------------------------------------------------------------------------------------------------------------------------------------
#  Time [s]  Altitude [km]   Temp [K]   Mass [kg]   Thick [mm]  Convective Heat [W]  Radiative Heat [W]  Oxidation Heat [W]  Integrated Heat [J] VisibilityFactor [-]
#-------------------------------------------------------------------------------------------------------------------------------------------------------------------
  1756.650          92.315    745.370      77.400      29.645           240307.595               0.000               0.000         40862767.245   1.00000 
  1756.750          92.309    745.606      77.400      29.645           240453.882               0.000               0.000         40886812.633   1.00000 
  1757.200          92.278    746.670      77.400      29.645           241134.139               0.000               0.000         40995322.996   1.00000 
  1758.200          92.210    749.055      77.400      29.645           242700.195               0.000               0.000         41238023.191   1.00000 
  1759.200          92.141    751.462      77.400      29.645           244392.279               0.000               0.000         41482415.470   1.00000 
  1760.200          92.073    753.892      77.400      29.645           246095.210               0.000               0.000         41728510.680   1.00000 
  1761.200          92.004    756.341      77.400      29.645           247809.035               0.000               0.000         41976319.716   1.00000 
  1762.200          91.935    758.804      77.400      29.645           249533.822               0.000               0.000         42225853.538   1.00000 
  1763.200          91.866    761.281      77.400      29.645           251269.625               0.000               0.000         42477123.163   1.00000 
  1764.200          91.796    763.771      77.400      29.645           253016.501               0.000               0.000         42730139.664   1.00000 
  1765.200          91.727    766.275      77.400      29.645           254774.514               0.000               0.000         42984914.179   1.00000 
  1766.200          91.657    768.793      77.400      29.645           256543.724               0.000               0.000         43241457.903   1.00000 
  1767.200          91.587    771.325      77.400      29.645           258324.184               0.000               0.000         43499782.087   1.00000 
  1768.200          91.517    773.871      77.400      29.645           260115.961               0.000               0.000         43759898.048   1.00000 
  1769.200          91.447    776.429      77.400      29.645           261919.115               0.000               0.000         44021817.163   1.00000 
  1770.200          91.376    778.999      77.400      29.645           263733.707               0.000               0.000         44285550.870   1.00000 
  1771.200          91.306    781.581      77.400      29.645           265559.799               0.000               0.000         44551110.669   1.00000 
  1772.200          91.235    784.174      77.400      29.645           267397.449               0.000               0.000         44818508.118   1.00000 
  1773.200          91.164    786.778      77.400      29.645           269246.726               0.000               0.000         45087754.844   1.00000 
  1774.200          91.092    789.393      77.400      29.645           271107.688               0.000               0.000         45358862.532   1.00000 
  1775.200          91.021    792.020      77.400      29.645           272980.401               0.000               0.000         45631842.932   1.00000 
  1776.200          90.949    794.659      77.400      29.645           274864.925               0.000               0.000         45906707.857   1.00000 
  1777.200          90.878    797.308      77.400      29.645           276761.327               0.000               0.000         46183469.184   1.00000 
  1778.200          90.805    799.968      77.400      29.645           278669.670               0.000               0.000         46462138.854   1.00000 
  1779.200          90.733    802.640      77.400      29.645           280590.015               0.000               0.000         46742728.869   1.00000 
  1780.200          90.661    805.323      77.400      29.645           282522.431               0.000               0.000         47025251.300   1.00000 
  1781.200          90.588    808.016      77.400      29.645           284466.980               0.000               0.000         47309718.281   1.00000 
  1782.200          90.515    810.721      77.400      29.645           286423.728               0.000               0.000         47596142.009   1.00000 
  1783.200          90.442    813.436      77.400      29.645           288392.739               0.000               0.000         47884534.748   1.00000 
  1784.200          90.369    816.163      77.400      29.645           290374.077               0.000               0.000         48174908.824   1.00000 
  1785.200          90.296    818.899      77.400      29.645           292367.808               0.000               0.000         48467276.633   1.00000 
  1786.200          90.222    821.647      77.400      29.645           294373.997               0.000               0.000         48761650.630   1.00000 
  1787.200          90.148    824.405      77.400      29.645           296392.710               0.000               0.000         49058043.340   1.00000 
  1788.200          90.074    827.173      77.400      29.645           298424.011               0.000               0.000         49356467.350   1.00000 
  1789.200          90.000    829.952      77.400      29.645           300467.964               0.000               0.000         49656935.314   1.00000 
  1790.200          89.925    832.742      77.400      29.645           302524.644               0.000               0.000         49959459.958   1.00000 
  1791.200          89.851    835.542      77.400      29.645           304594.173               0.000               0.000         50264054.131   1.00000 
  1792.200          89.776    838.341      77.400      29.645           306676.694               0.000               0.000         50570730.825   1.00000 
  1793.200          89.701    841.140      77.400      29.645           308772.356               0.000               0.000         50879503.181   1.00000 
  1794.200          89.625    843.938      77.400      29.645           310881.308               0.000               0.000         51190384.489   1.00000 
  1795.200          89.550    846.735      77.400      29.645           313003.704               0.000               0.000         51503388.193   1.00000 
  1796.200          89.474    849.530      77.400      29.645           315139.699               0.000               0.000         51818527.892   1.00000 
  1797.200          89.398    850.000      76.891      29.438           317289.457               0.000               0.000         52135817.349   1.00000 
  1798.200          89.322    850.000      76.275      29.187           319452.975               0.000               0.000         52455270.324   1.00000 
  1799.200          89.245    850.000      75.653      28.934           321630.352               0.000               0.000         52776900.677   1.00000 
  1800.200          89.169    850.000      75.025      28.679           323821.724               0.000               0.000         53100722.401   1.00000 
  1801.200          89.092    850.000      74.392      28.422           326027.204               0.000               0.000         53426749.605   1.00000 
  1802.200          89.015    850.000      73.754      28.163           328246.907               0.000               0.000         53754996.512   1.00000 
  1803.200          88.937    850.000      73.110      27.902           330480.948               0.000               0.000         54085477.460   1.00000 
  1804.200          88.860    850.000      72.460      27.639           332729.445               0.000               0.000         54418206.905   1.00000 
  1805.200          88.782    850.000      71.805      27.374           334992.517               0.000               0.000         54753199.423   1.00000 
  1806.200          88.704    850.000      71.143      27.107           337270.284               0.000               0.000         55090469.707   1.00000 
  1807.200          88.626    850.000      70.477      26.838           339562.863               0.000               0.000         55430032.569   1.00000 
  1808.200          88.547    850.000      69.804      26.567           341870.382               0.000               0.000         55771902.951   1.00000 
  1809.200          88.468    850.000      69.126      26.294           344192.964               0.000               0.000         56116095.915   1.00000 
  1810.200          88.389    850.000      68.441      26.019           346530.731               0.000               0.000         56462626.646   1.00000 
  1811.200          88.310    850.000      67.751      25.742           348883.816               0.000               0.000         56811510.462   1.00000 
  1812.200          88.231    850.000      67.055      25.463           351252.343               0.000               0.000         57162762.805   1.00000 
  1813.200          88.151    850.000      66.353      25.182           353636.445               0.000               0.000         57516399.250   1.00000 
  1814.200          88.071    850.000      65.645      24.899           356036.254               0.000               0.000         57872435.504   1.00000 
  1815.200          87.991    850.000      64.931      24.613           358451.900               0.000               0.000         58230887.404   1.00000 
  1816.200          87.910    850.000      64.211      24.326           360883.524               0.000               0.000         58591770.928   1.00000 
  1817.200          87.830    850.000      63.485      24.037           363331.253               0.000               0.000         58955102.181   1.00000 
  1818.200          87.749    850.000      62.753      23.745           365795.237               0.000               0.000         59320897.418   1.00000 
  1819.200          87.667    850.000      62.014      23.451           368275.606               0.000               0.000         59689173.023   1.00000 
  1820.200          87.586    850.000      61.269      23.156           370772.502               0.000               0.000         60059945.525   1.00000 
  1821.200          87.504    850.000      60.518      22.858           373286.070               0.000               0.000         60433231.596   1.00000 
  1822.200          87.422    850.000      59.761      22.558           375816.456               0.000               0.000         60809048.052   1.00000 
  1823.200          87.340    850.000      58.997      22.256           378363.805               0.000               0.000         61187411.856   1.00000 
  1824.200          87.257    850.000      58.226      21.951           380928.262               0.000               0.000         61568340.119   1.00000 
  1825.200          87.175    850.000      57.450      21.645           383509.972               0.000               0.000         61951850.091   1.00000 
  1826.200          87.092    850.000      56.667      21.336           386109.097               0.000               0.000         62337959.188   1.00000 
  1827.200          87.008    850.000      55.877      21.026           388725.781               0.000               0.000         62726684.968   1.00000 
  1828.200          86.925    850.000      55.080      20.713           391360.177               0.000               0.000         63118045.145   1.00000 
  1829.200          86.841    850.000      54.278      20.398           394012.444               0.000               0.000         63512057.589   1.00000 
  1830.200          86.757    850.000      53.468      20.080           396682.733               0.000               0.000         63908740.322   1.00000 
  1831.200          86.672    850.000      52.652      19.761           399371.205               0.000               0.000         64308111.527   1.00000 
  1832.200          86.587    850.000      51.828      19.439           402078.028               0.000               0.000         64710189.555   1.00000 
  1833.200          86.502    850.000      50.998      19.115           404803.346               0.000               0.000         65114992.900   1.00000 
  1834.200          86.417    850.000      50.162      18.789           407547.343               0.000               0.000         65522540.243   1.00000 
  1835.200          86.332    850.000      49.318      18.460           410310.166               0.000               0.000         65932850.409   1.00000 
  1836.200          86.246    850.000      48.467      18.130           413091.985               0.000               0.000         66345942.394   1.00000 
  1837.200          86.160    850.000      47.610      17.797           415892.974               0.000               0.000         66761835.368   1.00000 
  1838.200          86.073    850.000      46.745      17.462           418713.300               0.000               0.000         67180548.668   1.00000 
  1839.200          85.986    850.000      45.873      17.124           421553.127               0.000               0.000         67602101.795   1.00000 
  1840.200          85.899    850.000      44.994      16.784           424412.631               0.000               0.000         68026514.426   1.00000 
  1841.200          85.812    850.000      44.108      16.442           427291.994               0.000               0.000         68453806.420   1.00000 
  1842.200          85.724    850.000      43.215      16.098           430191.373               0.000               0.000         68883997.793   1.00000 
  1843.200          85.636    850.000      42.314      15.751           433110.962               0.000               0.000         69317108.755   1.00000 
  1844.200          85.548    850.000      41.406      15.402           436050.926               0.000               0.000         69753159.681   1.00000 
  1845.200          85.459    850.000      40.490      15.051           439011.454               0.000               0.000         70192171.135   1.00000 
  1846.200          85.370    850.000      39.567      14.697           441992.723               0.000               0.000         70634163.858   1.00000 
  1847.200          85.281    850.000      38.637      14.341           444994.911               0.000               0.000         71079158.768   1.00000 
  1848.200          85.191    850.000      37.699      13.983           448018.203               0.000               0.000         71527176.971   1.00000 
  1849.200          85.101    850.000      36.753      13.622           451062.780               0.000               0.000         71978239.751   1.00000 
  1850.200          85.011    850.000      35.800      13.259           454128.837               0.000               0.000         72432368.589   1.00000 
  1851.200          84.920    850.000      34.839      12.893           457216.551               0.000               0.000         72889585.139   1.00000 
  1852.200          84.829    850.000      33.870      12.525           460326.033               0.000               0.000         73349911.172   1.00000 
  1853.200          84.738    850.000      32.894      12.155           463457.364               0.000               0.000         73813368.536   1.00000 
  1854.200          84.646    850.000      31.909      11.782           466610.629               0.000               0.000         74279979.165   1.00000 
  1855.200          84.554    850.000      30.917      11.407           469785.900               0.000               0.000         74749765.066   1.00000 
  1856.200          84.462    850.000      29.916      11.030           472983.247               0.000               0.000         75222748.313   1.00000 
  1857.200          84.369    850.000      28.908      10.649           476202.723               0.000               0.000         75698951.036   1.00000 
  1858.200          84.276    850.000      27.891      10.267           479444.396               0.000               0.000         76178395.432   1.00000 
  1859.200          84.183    850.000      26.867       9.882           482708.313               0.000               0.000         76661103.746   1.00000 
  1860.200          84.089    850.000      25.834       9.495           485994.518               0.000               0.000         77147098.264   1.00000 
  1861.200          83.995    850.000      24.792       9.105           489303.052               0.000               0.000         77636401.315   1.00000 
  1862.200          83.900    850.000      23.743       8.712           492633.943               0.000               0.000         78129035.259   1.00000 
  1863.200          83.805    850.000      22.685       8.317           495987.227               0.000               0.000         78625022.486   1.00000 
  1864.200          83.710    850.000      21.618       7.920           499362.905               0.000               0.000         79124385.391   1.00000 
  1865.200          83.614    850.000      20.544       7.520           502760.994               0.000               0.000         79627146.384   1.00000 
  1866.200          83.518    850.000      19.460       7.118           506181.491               0.000               0.000         80133327.876   1.00000 
  1867.200          83.421    850.000      18.368       6.713           509624.391               0.000               0.000         80642952.267   1.00000 
  1868.200          83.324    850.000      17.267       6.305           513089.666               0.000               0.000         81156041.933   1.00000 
  1869.200          83.227    850.000      16.158       5.895           516577.295               0.000               0.000         81672619.229   1.00000 
  1870.200          83.129    850.000      15.040       5.483           520087.230               0.000               0.000         82192706.459   1.00000 
  1871.200          83.031    850.000      13.913       5.068           523619.428               0.000               0.000         82716325.886   1.00000 
  1872.200          82.932    850.000      12.777       4.650           527173.810               0.000               0.000         83243499.696   1.00000 
  1873.200          82.833    850.000      11.632       4.230           530750.314               0.000               0.000         83774250.010   1.00000 
  1874.200          82.734    850.000      10.478       3.807           534348.835               0.000               0.000         84308598.845   1.00000 
  1875.200          82.634    850.000       9.315       3.381           537969.279               0.000               0.000         84846568.124   1.00000 
  1876.200          82.533    850.000       8.143       2.953           541611.515               0.000               0.000         85388179.638   1.00000 
  1877.200          82.433    850.000       6.962       2.523           545275.410               0.000               0.000         85933455.048   1.00000 
  1878.200          82.331    850.000       5.771       2.090           548960.815               0.000               0.000         86482415.863   1.00000 
  1879.200          82.230    850.000       4.572       1.654           552667.543               0.000               0.000         87035083.406   1.00000 
  1880.200          82.127    850.000       3.363       1.215           556395.418               0.000               0.000         87591478.824   1.00000 
  1881.200          82.025    850.000       2.144       0.774           560144.216               0.000               0.000         88151623.040   1.00000 
  1882.200          81.921    850.000       0.916       0.331           563913.707               0.000               0.000         88715536.747   1.00000 
  1883.200          81.818    850.000       0.000       0.000           567703.640               0.000               0.000         89283240.387   1.00000 
