#_______________________________________________________________________________
#    ######   ####     ##             #####   #####     ##    #    #    ## 
#    #       #        #  #            #    #  #    #   #  #   ##  ##   #  #
#    #####    ####   ######           #    #  #####   ######  # ## #  ######
#    #            #  #    #           #    #  #    #  #    #  #    #  #    #
#____######__#####___#____#___________#####___#____#__#____#__#____#__#____#____
#
#              ESA Debris Risk Assessment and Mitigation Analysis
#
#                      ---- DRAMA ( SESAM 2.1.5 ) ----
#                                      ESA 2018
#
#                              aerothermal history file
#-------------------------------------------------------------------------------
# Filename      : PySara.STD1.24b0df56-c1f7-4133-ada3-356713a3920d_AeroThermalHistory.txt
# RunID         : PySara
# ObjectID      : 24b0df56-c1f7-4133-ada3-356713a3920d
# ObjectName    : STD1
# ReferenceArea : 0.067716 [m^2]
# Content       : This file contains the aerothermal data of the object,
#                 computed by the DRAMA 3 Re-entry Analysis.
# Documentation : DRAMA Software User Manual, section OPERATIONS MANUAL / Normal operation / SARA / SARA Simulation Output / Re-entry simulation output
# Note          : The convective heat and the integrated heat values in this file take into account the visibility factor
#
#-------------------------------------------------------------------------------------------------------------------------------------------------------------------
#  Time [s]  Altitude [km]   Temp [K]   Mass [kg]   Thick [mm]  Convective Heat [W]  Radiative Heat [W]  Oxidation Heat [W]  Integrated Heat [J] VisibilityFactor [-]
#-------------------------------------------------------------------------------------------------------------------------------------------------------------------
  2053.100          92.260    300.000       1.831       1.934            23030.757               0.000               0.000                0.000   1.00000 
  2053.200          92.253    301.427       1.831       1.934            23043.652               0.000               0.000             2304.365   1.00000 
  2053.650          92.224    307.860       1.831       1.934            23103.581               0.000               0.000            12700.977   1.00000 
  2054.650          92.159    322.195       1.831       1.934            23241.319               0.000               0.000            35942.296   1.00000 
  2055.650          92.095    336.520       1.831       1.934            23389.802               0.000               0.000            59332.098   1.00000 
  2056.650          92.030    350.835       1.831       1.934            23538.898               0.000               0.000            82870.996   1.00000 
  2057.650          91.965    365.138       1.831       1.934            23688.627               0.000               0.000           106559.623   1.00000 
  2058.650          91.899    379.411       1.831       1.934            23839.007               0.000               0.000           130398.630   1.00000 
  2059.650          91.834    393.638       1.831       1.934            23990.056               0.000               0.000           154388.687   1.00000 
  2060.650          91.768    407.809       1.831       1.934            24141.794               0.000               0.000           178530.481   1.00000 
  2061.650          91.703    421.911       1.831       1.934            24294.239               0.000               0.000           202824.720   1.00000 
  2062.650          91.637    435.959       1.831       1.934            24447.412               0.000               0.000           227272.132   1.00000 
  2063.650          91.570    449.946       1.831       1.934            24601.331               0.000               0.000           251873.464   1.00000 
  2064.650          91.504    463.817       1.831       1.934            24756.017               0.000               0.000           276629.481   1.00000 
  2065.650          91.437    477.431       1.831       1.934            24911.489               0.000               0.000           301540.970   1.00000 
  2066.650          91.371    490.682       1.831       1.934            25067.768               0.000               0.000           326608.739   1.00000 
  2067.650          91.304    503.444       1.831       1.934            25224.875               0.000               0.000           351833.613   1.00000 
  2068.650          91.236    515.938       1.831       1.934            25382.828               0.000               0.000           377216.442   1.00000 
  2069.650          91.169    528.317       1.831       1.934            25541.651               0.000               0.000           402758.093   1.00000 
  2070.650          91.101    540.902       1.831       1.934            25701.362               0.000               0.000           428459.455   1.00000 
  2071.650          91.033    553.763       1.831       1.934            25861.984               0.000               0.000           454321.438   1.00000 
  2072.650          90.964    566.936       1.831       1.934            26023.536               0.000               0.000           480344.974   1.00000 
  2073.650          90.896    580.214       1.831       1.934            26186.041               0.000               0.000           506531.016   1.00000 
  2074.650          90.827    593.395       1.831       1.934            26349.520               0.000               0.000           532880.536   1.00000 
  2075.650          90.757    606.320       1.831       1.934            26513.994               0.000               0.000           559394.530   1.00000 
  2076.650          90.688    618.974       1.831       1.934            26679.484               0.000               0.000           586074.014   1.00000 
  2077.650          90.618    631.381       1.831       1.934            26846.012               0.000               0.000           612920.025   1.00000 
  2078.650          90.547    643.564       1.831       1.934            27013.599               0.000               0.000           639933.624   1.00000 
  2079.650          90.477    655.533       1.831       1.934            27182.267               0.000               0.000           667115.891   1.00000 
  2080.650          90.406    667.306       1.831       1.934            27352.037               0.000               0.000           694467.928   1.00000 
  2081.650          90.334    678.909       1.831       1.934            27522.931               0.000               0.000           721990.859   1.00000 
  2082.650          90.263    690.375       1.831       1.934            27694.970               0.000               0.000           749685.829   1.00000 
  2083.650          90.190    701.731       1.831       1.934            27868.176               0.000               0.000           777554.005   1.00000 
  2084.650          90.118    713.087       1.831       1.934            28042.569               0.000               0.000           805596.575   1.00000 
  2085.650          90.045    724.482       1.831       1.934            28218.172               0.000               0.000           833814.747   1.00000 
  2086.650          89.971    736.759       1.831       1.934            28395.005               0.000               0.000           862209.752   1.00000 
  2087.650          89.897    749.860       1.831       1.934            28573.089               0.000               0.000           890782.841   1.00000 
  2088.650          89.823    763.230       1.831       1.934            28752.448               0.000               0.000           919535.289   1.00000 
  2089.650          89.748    776.665       1.831       1.934            28933.102               0.000               0.000           948468.391   1.00000 
  2090.650          89.673    790.077       1.831       1.934            29115.074               0.000               0.000           977583.465   1.00000 
  2091.650          89.597    803.415       1.831       1.934            29298.386               0.000               0.000          1006881.851   1.00000 
  2092.650          89.521    816.669       1.831       1.934            29483.060               0.000               0.000          1036364.911   1.00000 
  2093.650          89.444    829.834       1.831       1.934            29669.116               0.000               0.000          1066034.027   1.00000 
  2094.650          89.367    842.903       1.831       1.934            29856.577               0.000               0.000          1095890.604   1.00000 
  2095.650          89.289    850.000       1.802       1.902            30045.463               0.000               0.000          1125936.068   1.00000 
  2096.650          89.211    850.000       1.736       1.832            30234.815               0.000               0.000          1156170.883   1.00000 
  2097.650          89.132    850.000       1.670       1.761            30423.105               0.000               0.000          1186593.987   1.00000 
  2098.650          89.053    850.000       1.604       1.690            30609.851               0.000               0.000          1217203.838   1.00000 
  2099.650          88.973    850.000       1.537       1.619            30794.690               0.000               0.000          1247998.528   1.00000 
  2100.650          88.892    850.000       1.470       1.547            30977.205               0.000               0.000          1278975.733   1.00000 
  2101.650          88.811    850.000       1.402       1.475            31156.916               0.000               0.000          1310132.648   1.00000 
  2102.650          88.729    850.000       1.334       1.402            31333.265               0.000               0.000          1341465.914   1.00000 
  2103.650          88.647    850.000       1.265       1.329            31505.604               0.000               0.000          1372971.517   1.00000 
  2104.650          88.564    850.000       1.196       1.256            31673.168               0.000               0.000          1404644.686   1.00000 
  2105.650          88.480    850.000       1.126       1.182            31835.058               0.000               0.000          1436479.743   1.00000 
  2106.650          88.396    850.000       1.057       1.108            31990.198               0.000               0.000          1468469.942   1.00000 
  2107.650          88.311    850.000       0.986       1.034            32137.297               0.000               0.000          1500607.239   1.00000 
  2108.650          88.225    850.000       0.916       0.959            32274.785               0.000               0.000          1532882.024   1.00000 
  2109.650          88.139    850.000       0.845       0.884            32400.726               0.000               0.000          1565282.750   1.00000 
  2110.650          88.052    850.000       0.774       0.809            32512.711               0.000               0.000          1597795.461   1.00000 
  2111.650          87.964    850.000       0.702       0.734            32607.676               0.000               0.000          1630403.137   1.00000 
  2112.650          87.876    850.000       0.631       0.659            32681.661               0.000               0.000          1663084.799   1.00000 
  2113.650          87.787    850.000       0.559       0.583            32729.420               0.000               0.000          1695814.219   1.00000 
  2114.650          87.697    850.000       0.487       0.508            32743.801               0.000               0.000          1728558.019   1.00000 
  2115.650          87.606    850.000       0.415       0.433            32714.703               0.000               0.000          1761272.723   1.00000 
  2116.650          87.515    850.000       0.344       0.358            32627.200               0.000               0.000          1793899.923   1.00000 
  2117.650          87.423    850.000       0.273       0.284            32457.867               0.000               0.000          1826357.791   1.00000 
  2118.650          87.330    850.000       0.203       0.211            32166.763               0.000               0.000          1858524.554   1.00000 
  2119.650          87.236    850.000       0.133       0.139            31676.907               0.000               0.000          1890201.461   1.00000 
  2120.650          87.142    850.000       0.067       0.069            30806.763               0.000               0.000          1921008.224   1.00000 
  2121.650          87.048    850.000       0.004       0.005            28912.124               0.000               0.000          1949920.348   1.00000 
  2121.850          87.030    850.000       0.000       0.000            23529.886               0.000               0.000          1954626.325   1.00000 
